326710.7708698327 -1427840.2430872112 0.0000000000 1.0000000000 0.0000000000 180.0000000000 1.0000000000
326326.6204747638 -1427840.2430872112 0.0000000000 1.0000000000 1.0000000000 180.0000000000 1.0000000000
326114.8916006027 -1427840.2430872112 0.0000000000 1.0000000000 2.0000000000 180.0000000000 1.0000000000
325903.1627264415 -1427840.2430872112 0.0000000000 1.0000000000 3.0000000000 180.0000000000 1.0000000000
325405.5039244418 -1427590.2430872112 0.0000000000 2.0000000000 4.0000000000 360.0000000000 1.0000000000
325526.6204747638 -1427590.2430872112 0.0000000000 2.0000000000 5.0000000000 90.0000000000 1.0000000000
325926.6204747638 -1427590.2430872112 0.0000000000 2.0000000000 6.0000000000 0.0000000000 1.0000000000
326326.6204747638 -1427590.2430872112 0.0000000000 2.0000000000 7.0000000000 0.0000000000 1.0000000000
326726.6204747638 -1427590.2430872112 0.0000000000 2.0000000000 8.0000000000 0.0000000000 1.0000000000
326803.8198761372 -1427590.2430872112 0.0000000000 2.0000000000 9.0000000000 0.0000000000 1.0000000000
326896.8688824416 -1427340.2430872112 0.0000000000 3.0000000000 10.0000000000 180.0000000000 1.0000000000
326726.6204747638 -1427340.2430872112 0.0000000000 3.0000000000 11.0000000000 180.0000000000 1.0000000000
326326.6204747638 -1427340.2430872112 0.0000000000 3.0000000000 12.0000000000 180.0000000000 1.0000000000
325926.6204747638 -1427340.2430872112 0.0000000000 3.0000000000 13.0000000000 180.0000000000 1.0000000000
325526.6204747638 -1427340.2430872112 0.0000000000 3.0000000000 14.0000000000 180.0000000000 1.0000000000
325126.6204747638 -1427340.2430872112 0.0000000000 3.0000000000 15.0000000000 180.0000000000 1.0000000000
324907.8451224419 -1427340.2430872112 0.0000000000 3.0000000000 16.0000000000 180.0000000000 1.0000000000
324410.1863204421 -1427090.2430872112 0.0000000000 4.0000000000 17.0000000000 360.0000000000 1.0000000000
324726.6204747638 -1427090.2430872112 0.0000000000 4.0000000000 18.0000000000 0.0000000000 1.0000000000
325126.6204747638 -1427090.2430872112 0.0000000000 4.0000000000 19.0000000000 0.0000000000 1.0000000000
325526.6204747638 -1427090.2430872112 0.0000000000 4.0000000000 20.0000000000 0.0000000000 1.0000000000
325926.6204747638 -1427090.2430872112 0.0000000000 4.0000000000 21.0000000000 0.0000000000 1.0000000000
326326.6204747638 -1427090.2430872112 0.0000000000 4.0000000000 22.0000000000 0.0000000000 1.0000000000
326726.6204747638 -1427090.2430872112 0.0000000000 4.0000000000 23.0000000000 0.0000000000 1.0000000000
326989.9178887460 -1427090.2430872112 0.0000000000 4.0000000000 24.0000000000 0.0000000000 1.0000000000
327082.9668950504 -1426840.2430872112 0.0000000000 5.0000000000 25.0000000000 180.0000000000 1.0000000000
326726.6204747638 -1426840.2430872112 0.0000000000 5.0000000000 26.0000000000 180.0000000000 1.0000000000
326326.6204747638 -1426840.2430872112 0.0000000000 5.0000000000 27.0000000000 180.0000000000 1.0000000000
325926.6204747638 -1426840.2430872112 0.0000000000 5.0000000000 28.0000000000 180.0000000000 1.0000000000
325526.6204747638 -1426840.2430872112 0.0000000000 5.0000000000 29.0000000000 180.0000000000 1.0000000000
325126.6204747638 -1426840.2430872112 0.0000000000 5.0000000000 30.0000000000 180.0000000000 1.0000000000
324726.6204747638 -1426840.2430872112 0.0000000000 5.0000000000 31.0000000000 180.0000000000 1.0000000000
324326.6204747638 -1426840.2430872112 0.0000000000 5.0000000000 32.0000000000 180.0000000000 1.0000000000
324119.5739966031 -1426840.2430872112 0.0000000000 5.0000000000 33.0000000000 180.0000000000 1.0000000000
323912.5275184424 -1426840.2430872112 0.0000000000 5.0000000000 34.0000000000 180.0000000000 1.0000000000
323414.8687164426 -1426590.2430872112 0.0000000000 6.0000000000 35.0000000000 360.0000000000 1.0000000000
323526.6204747638 -1426590.2430872112 0.0000000000 6.0000000000 36.0000000000 90.0000000000 1.0000000000
323926.6204747638 -1426590.2430872112 0.0000000000 6.0000000000 37.0000000000 0.0000000000 1.0000000000
324326.6204747638 -1426590.2430872112 0.0000000000 6.0000000000 38.0000000000 0.0000000000 1.0000000000
324726.6204747638 -1426590.2430872112 0.0000000000 6.0000000000 39.0000000000 0.0000000000 1.0000000000
325126.6204747638 -1426590.2430872112 0.0000000000 6.0000000000 40.0000000000 0.0000000000 1.0000000000
325526.6204747638 -1426590.2430872112 0.0000000000 6.0000000000 41.0000000000 0.0000000000 1.0000000000
325926.6204747638 -1426590.2430872112 0.0000000000 6.0000000000 42.0000000000 0.0000000000 1.0000000000
326326.6204747638 -1426590.2430872112 0.0000000000 6.0000000000 43.0000000000 0.0000000000 1.0000000000
326726.6204747638 -1426590.2430872112 0.0000000000 6.0000000000 44.0000000000 0.0000000000 1.0000000000
326951.3181880593 -1426590.2430872112 0.0000000000 6.0000000000 45.0000000000 0.0000000000 1.0000000000
327176.0159013547 -1426590.2430872112 0.0000000000 6.0000000000 46.0000000000 0.0000000000 1.0000000000
327269.0649076591 -1426340.2430872112 0.0000000000 7.0000000000 47.0000000000 180.0000000000 1.0000000000
327126.6204747638 -1426340.2430872112 0.0000000000 7.0000000000 48.0000000000 180.0000000000 1.0000000000
326726.6204747638 -1426340.2430872112 0.0000000000 7.0000000000 49.0000000000 180.0000000000 1.0000000000
326326.6204747638 -1426340.2430872112 0.0000000000 7.0000000000 50.0000000000 180.0000000000 1.0000000000
325926.6204747638 -1426340.2430872112 0.0000000000 7.0000000000 51.0000000000 180.0000000000 1.0000000000
325526.6204747638 -1426340.2430872112 0.0000000000 7.0000000000 52.0000000000 180.0000000000 1.0000000000
325126.6204747638 -1426340.2430872112 0.0000000000 7.0000000000 53.0000000000 180.0000000000 1.0000000000
324726.6204747638 -1426340.2430872112 0.0000000000 7.0000000000 54.0000000000 180.0000000000 1.0000000000
324326.6204747638 -1426340.2430872112 0.0000000000 7.0000000000 55.0000000000 180.0000000000 1.0000000000
323926.6204747638 -1426340.2430872112 0.0000000000 7.0000000000 56.0000000000 180.0000000000 1.0000000000
323526.6204747638 -1426340.2430872112 0.0000000000 7.0000000000 57.0000000000 180.0000000000 1.0000000000
323126.6204747638 -1426340.2430872112 0.0000000000 7.0000000000 58.0000000000 180.0000000000 1.0000000000
322917.2099144428 -1426340.2430872112 0.0000000000 7.0000000000 59.0000000000 180.0000000000 1.0000000000
322625.4958602730 -1426090.2430872112 0.0000000000 8.0000000000 60.0000000000 360.0000000000 1.0000000000
322726.6204747638 -1426090.2430872112 0.0000000000 8.0000000000 61.0000000000 0.0000000000 1.0000000000
323126.6204747638 -1426090.2430872112 0.0000000000 8.0000000000 62.0000000000 0.0000000000 1.0000000000
323526.6204747638 -1426090.2430872112 0.0000000000 8.0000000000 63.0000000000 0.0000000000 1.0000000000
323926.6204747638 -1426090.2430872112 0.0000000000 8.0000000000 64.0000000000 0.0000000000 1.0000000000
324326.6204747638 -1426090.2430872112 0.0000000000 8.0000000000 65.0000000000 0.0000000000 1.0000000000
324726.6204747638 -1426090.2430872112 0.0000000000 8.0000000000 66.0000000000 0.0000000000 1.0000000000
325126.6204747638 -1426090.2430872112 0.0000000000 8.0000000000 67.0000000000 0.0000000000 1.0000000000
325526.6204747638 -1426090.2430872112 0.0000000000 8.0000000000 68.0000000000 0.0000000000 1.0000000000
325926.6204747638 -1426090.2430872112 0.0000000000 8.0000000000 69.0000000000 0.0000000000 1.0000000000
326326.6204747638 -1426090.2430872112 0.0000000000 8.0000000000 70.0000000000 0.0000000000 1.0000000000
326726.6204747638 -1426090.2430872112 0.0000000000 8.0000000000 71.0000000000 0.0000000000 1.0000000000
327126.6204747638 -1426090.2430872112 0.0000000000 8.0000000000 72.0000000000 0.0000000000 1.0000000000
327362.1139139635 -1426090.2430872112 0.0000000000 8.0000000000 73.0000000000 0.0000000000 1.0000000000
326803.2922333330 -1425840.2430872112 0.0000000000 9.0000000000 74.0000000000 180.0000000000 1.0000000000
326726.6204747638 -1425840.2430872112 0.0000000000 9.0000000000 75.0000000000 180.0000000000 1.0000000000
326326.6204747638 -1425840.2430872112 0.0000000000 9.0000000000 76.0000000000 180.0000000000 1.0000000000
325926.6204747638 -1425840.2430872112 0.0000000000 9.0000000000 77.0000000000 180.0000000000 1.0000000000
325526.6204747638 -1425840.2430872112 0.0000000000 9.0000000000 78.0000000000 180.0000000000 1.0000000000
325126.6204747638 -1425840.2430872112 0.0000000000 9.0000000000 79.0000000000 180.0000000000 1.0000000000
324726.6204747638 -1425840.2430872112 0.0000000000 9.0000000000 80.0000000000 180.0000000000 1.0000000000
324326.6204747638 -1425840.2430872112 0.0000000000 9.0000000000 81.0000000000 180.0000000000 1.0000000000
323926.6204747638 -1425840.2430872112 0.0000000000 9.0000000000 82.0000000000 180.0000000000 1.0000000000
323526.6204747638 -1425840.2430872112 0.0000000000 9.0000000000 83.0000000000 180.0000000000 1.0000000000
323126.6204747638 -1425840.2430872112 0.0000000000 9.0000000000 84.0000000000 180.0000000000 1.0000000000
322920.8463125948 -1425840.2430872112 0.0000000000 9.0000000000 85.0000000000 180.0000000000 1.0000000000
322715.0721504259 -1425840.2430872112 0.0000000000 9.0000000000 86.0000000000 180.0000000000 1.0000000000
322804.6484405788 -1425590.2430872112 0.0000000000 10.0000000000 87.0000000000 360.0000000000 1.0000000000
323126.6204747638 -1425590.2430872112 0.0000000000 10.0000000000 88.0000000000 0.0000000000 1.0000000000
323526.6204747638 -1425590.2430872112 0.0000000000 10.0000000000 89.0000000000 0.0000000000 1.0000000000
323926.6204747638 -1425590.2430872112 0.0000000000 10.0000000000 90.0000000000 0.0000000000 1.0000000000
324326.6204747638 -1425590.2430872112 0.0000000000 10.0000000000 91.0000000000 0.0000000000 1.0000000000
324726.6204747638 -1425590.2430872112 0.0000000000 10.0000000000 92.0000000000 0.0000000000 1.0000000000
325126.6204747638 -1425590.2430872112 0.0000000000 10.0000000000 93.0000000000 0.0000000000 1.0000000000
325526.6204747638 -1425590.2430872112 0.0000000000 10.0000000000 94.0000000000 0.0000000000 1.0000000000
325926.6204747638 -1425590.2430872112 0.0000000000 10.0000000000 95.0000000000 0.0000000000 1.0000000000
326218.2584245934 -1425590.2430872112 0.0000000000 10.0000000000 96.0000000000 0.0000000000 1.0000000000
325633.2246158539 -1425340.2430872112 0.0000000000 11.0000000000 97.0000000000 180.0000000000 1.0000000000
325526.6204747638 -1425340.2430872112 0.0000000000 11.0000000000 98.0000000000 180.0000000000 1.0000000000
325126.6204747638 -1425340.2430872112 0.0000000000 11.0000000000 99.0000000000 180.0000000000 1.0000000000
324726.6204747638 -1425340.2430872112 0.0000000000 11.0000000000 100.0000000000 180.0000000000 1.0000000000
324326.6204747638 -1425340.2430872112 0.0000000000 11.0000000000 101.0000000000 180.0000000000 1.0000000000
323926.6204747638 -1425340.2430872112 0.0000000000 11.0000000000 102.0000000000 180.0000000000 1.0000000000
323526.6204747638 -1425340.2430872112 0.0000000000 11.0000000000 103.0000000000 180.0000000000 1.0000000000
323126.6204747638 -1425340.2430872112 0.0000000000 11.0000000000 104.0000000000 180.0000000000 1.0000000000
322894.2247307317 -1425340.2430872112 0.0000000000 11.0000000000 105.0000000000 180.0000000000 1.0000000000
322983.8010208845 -1425090.2430872112 0.0000000000 12.0000000000 106.0000000000 360.0000000000 1.0000000000
323126.6204747638 -1425090.2430872112 0.0000000000 12.0000000000 107.0000000000 0.0000000000 1.0000000000
323526.6204747638 -1425090.2430872112 0.0000000000 12.0000000000 108.0000000000 0.0000000000 1.0000000000
323926.6204747638 -1425090.2430872112 0.0000000000 12.0000000000 109.0000000000 0.0000000000 1.0000000000
324326.6204747638 -1425090.2430872112 0.0000000000 12.0000000000 110.0000000000 0.0000000000 1.0000000000
324726.6204747638 -1425090.2430872112 0.0000000000 12.0000000000 111.0000000000 0.0000000000 1.0000000000
325048.1908071142 -1425090.2430872112 0.0000000000 12.0000000000 112.0000000000 0.0000000000 1.0000000000
324463.1569983747 -1424840.2430872112 0.0000000000 13.0000000000 113.0000000000 180.0000000000 1.0000000000
324326.6204747638 -1424840.2430872112 0.0000000000 13.0000000000 114.0000000000 180.0000000000 1.0000000000
323926.6204747638 -1424840.2430872112 0.0000000000 13.0000000000 115.0000000000 180.0000000000 1.0000000000
323526.6204747638 -1424840.2430872112 0.0000000000 13.0000000000 116.0000000000 180.0000000000 1.0000000000
323126.6204747638 -1424840.2430872112 0.0000000000 13.0000000000 117.0000000000 180.0000000000 1.0000000000
323073.3773110374 -1424840.2430872112 0.0000000000 13.0000000000 118.0000000000 180.0000000000 1.0000000000
323162.9536011904 -1424590.2430872112 0.0000000000 14.0000000000 119.0000000000 360.0000000000 1.0000000000
323526.6204747638 -1424590.2430872112 0.0000000000 14.0000000000 120.0000000000 0.0000000000 1.0000000000
323878.1231896353 -1424590.2430872112 0.0000000000 14.0000000000 121.0000000000 360.0000000000 1.0000000000
