31.4027550 -12.9110621 30.0000000 10.0000000 0.0000000 1.0000000
31.3992152 -12.9110404 30.0000000 10.0000000 1.0000000 1.0000000
31.3955294 -12.9110178 30.0000000 10.0000000 2.0000000 1.0000000
31.3949160 -12.9110140 30.0000000 10.0000000 3.0000000 1.0000000
31.3900131 -12.9087240 30.0000000 10.0000000 4.0000000 2.0000000
31.3918579 -12.9087354 30.0000000 10.0000000 5.0000000 2.0000000
31.3955438 -12.9087580 30.0000000 10.0000000 6.0000000 2.0000000
31.3992296 -12.9087806 30.0000000 10.0000000 7.0000000 2.0000000
31.4029154 -12.9088032 30.0000000 10.0000000 8.0000000 2.0000000
31.4036268 -12.9088075 30.0000000 10.0000000 9.0000000 2.0000000
31.4044986 -12.9065529 30.0000000 10.0000000 10.0000000 3.0000000
31.4029298 -12.9065433 30.0000000 10.0000000 11.0000000 3.0000000
31.3992440 -12.9065208 30.0000000 10.0000000 12.0000000 3.0000000
31.3955582 -12.9064982 30.0000000 10.0000000 13.0000000 3.0000000
31.3918724 -12.9064756 30.0000000 10.0000000 14.0000000 3.0000000
31.3881866 -12.9064529 30.0000000 10.0000000 15.0000000 3.0000000
31.3851103 -12.9064339 30.0000000 10.0000000 16.0000000 3.0000000
31.3802076 -12.9041437 30.0000000 10.0000000 17.0000000 4.0000000
31.3808296 -12.9041475 30.0000000 10.0000000 18.0000000 4.0000000
31.3845153 -12.9041703 30.0000000 10.0000000 19.0000000 4.0000000
31.3882011 -12.9041931 30.0000000 10.0000000 20.0000000 4.0000000
31.3918868 -12.9042158 30.0000000 10.0000000 21.0000000 4.0000000
31.3955726 -12.9042384 30.0000000 10.0000000 22.0000000 4.0000000
31.3992584 -12.9042610 30.0000000 10.0000000 23.0000000 4.0000000
31.4029441 -12.9042835 30.0000000 10.0000000 24.0000000 4.0000000
31.4053703 -12.9042983 30.0000000 10.0000000 25.0000000 4.0000000
31.4062420 -12.9020438 30.0000000 10.0000000 26.0000000 5.0000000
31.4029585 -12.9020237 30.0000000 10.0000000 27.0000000 5.0000000
31.3992727 -12.9020012 30.0000000 10.0000000 28.0000000 5.0000000
31.3955870 -12.9019786 30.0000000 10.0000000 29.0000000 5.0000000
31.3919013 -12.9019560 30.0000000 10.0000000 30.0000000 5.0000000
31.3882155 -12.9019333 30.0000000 10.0000000 31.0000000 5.0000000
31.3845298 -12.9019105 30.0000000 10.0000000 32.0000000 5.0000000
31.3808441 -12.9018877 30.0000000 10.0000000 33.0000000 5.0000000
31.3771584 -12.9018649 30.0000000 10.0000000 34.0000000 5.0000000
31.3753050 -12.9018534 30.0000000 10.0000000 35.0000000 5.0000000
31.3704026 -12.8995630 30.0000000 10.0000000 36.0000000 6.0000000
31.3734873 -12.8995822 30.0000000 10.0000000 37.0000000 6.0000000
31.3771730 -12.8996051 30.0000000 10.0000000 38.0000000 6.0000000
31.3808587 -12.8996279 30.0000000 10.0000000 39.0000000 6.0000000
31.3845443 -12.8996507 30.0000000 10.0000000 40.0000000 6.0000000
31.3882300 -12.8996735 30.0000000 10.0000000 41.0000000 6.0000000
31.3919157 -12.8996962 30.0000000 10.0000000 42.0000000 6.0000000
31.3956014 -12.8997188 30.0000000 10.0000000 43.0000000 6.0000000
31.3992871 -12.8997414 30.0000000 10.0000000 44.0000000 6.0000000
31.4029728 -12.8997639 30.0000000 10.0000000 45.0000000 6.0000000
31.4050433 -12.8997765 30.0000000 10.0000000 46.0000000 6.0000000
31.4071137 -12.8997892 30.0000000 10.0000000 47.0000000 6.0000000
31.4079854 -12.8975346 30.0000000 10.0000000 48.0000000 7.0000000
31.4066728 -12.8975266 30.0000000 10.0000000 49.0000000 7.0000000
31.4029872 -12.8975041 30.0000000 10.0000000 50.0000000 7.0000000
31.3993015 -12.8974816 30.0000000 10.0000000 51.0000000 7.0000000
31.3956158 -12.8974590 30.0000000 10.0000000 52.0000000 7.0000000
31.3919301 -12.8974364 30.0000000 10.0000000 53.0000000 7.0000000
31.3882445 -12.8974137 30.0000000 10.0000000 54.0000000 7.0000000
31.3845588 -12.8973909 30.0000000 10.0000000 55.0000000 7.0000000
31.3808732 -12.8973682 30.0000000 10.0000000 56.0000000 7.0000000
31.3771876 -12.8973453 30.0000000 10.0000000 57.0000000 7.0000000
31.3735019 -12.8973224 30.0000000 10.0000000 58.0000000 7.0000000
31.3698163 -12.8972995 30.0000000 10.0000000 59.0000000 7.0000000
31.3661307 -12.8972765 30.0000000 10.0000000 60.0000000 7.0000000
31.3655002 -12.8972726 30.0000000 10.0000000 61.0000000 7.0000000
31.3642802 -12.8950051 30.0000000 10.0000000 62.0000000 8.0000000
31.3661454 -12.8950167 30.0000000 10.0000000 63.0000000 8.0000000
31.3698309 -12.8950397 30.0000000 10.0000000 64.0000000 8.0000000
31.3735165 -12.8950626 30.0000000 10.0000000 65.0000000 8.0000000
31.3772021 -12.8950855 30.0000000 10.0000000 66.0000000 8.0000000
31.3808877 -12.8951084 30.0000000 10.0000000 67.0000000 8.0000000
31.3845733 -12.8951311 30.0000000 10.0000000 68.0000000 8.0000000
31.3882590 -12.8951539 30.0000000 10.0000000 69.0000000 8.0000000
31.3919446 -12.8951766 30.0000000 10.0000000 70.0000000 8.0000000
31.3956302 -12.8951992 30.0000000 10.0000000 71.0000000 8.0000000
31.3993158 -12.8952218 30.0000000 10.0000000 72.0000000 8.0000000
31.4030015 -12.8952443 30.0000000 10.0000000 73.0000000 8.0000000
31.4066871 -12.8952668 30.0000000 10.0000000 74.0000000 8.0000000
31.4088570 -12.8952800 30.0000000 10.0000000 75.0000000 8.0000000
31.4037223 -12.8929888 30.0000000 10.0000000 76.0000000 9.0000000
31.4030158 -12.8929845 30.0000000 10.0000000 77.0000000 9.0000000
31.3993302 -12.8929619 30.0000000 10.0000000 78.0000000 9.0000000
31.3956446 -12.8929394 30.0000000 10.0000000 79.0000000 9.0000000
31.3919590 -12.8929168 30.0000000 10.0000000 80.0000000 9.0000000
31.3882734 -12.8928941 30.0000000 10.0000000 81.0000000 9.0000000
31.3845878 -12.8928714 30.0000000 10.0000000 82.0000000 9.0000000
31.3809023 -12.8928486 30.0000000 10.0000000 83.0000000 9.0000000
31.3772167 -12.8928257 30.0000000 10.0000000 84.0000000 9.0000000
31.3735311 -12.8928029 30.0000000 10.0000000 85.0000000 9.0000000
31.3698456 -12.8927799 30.0000000 10.0000000 86.0000000 9.0000000
31.3661600 -12.8927569 30.0000000 10.0000000 87.0000000 9.0000000
31.3652553 -12.8927513 30.0000000 10.0000000 88.0000000 9.0000000
31.3662303 -12.8904975 30.0000000 10.0000000 89.0000000 10.0000000
31.3698602 -12.8905202 30.0000000 10.0000000 90.0000000 10.0000000
31.3735457 -12.8905431 30.0000000 10.0000000 91.0000000 10.0000000
31.3772312 -12.8905660 30.0000000 10.0000000 92.0000000 10.0000000
31.3809168 -12.8905888 30.0000000 10.0000000 93.0000000 10.0000000
31.3846023 -12.8906116 30.0000000 10.0000000 94.0000000 10.0000000
31.3882879 -12.8906343 30.0000000 10.0000000 95.0000000 10.0000000
31.3919734 -12.8906570 30.0000000 10.0000000 96.0000000 10.0000000
31.3956590 -12.8906796 30.0000000 10.0000000 97.0000000 10.0000000
31.3983461 -12.8906960 30.0000000 10.0000000 98.0000000 10.0000000
31.3929701 -12.8884032 30.0000000 10.0000000 99.0000000 11.0000000
31.3919879 -12.8883971 30.0000000 10.0000000 100.0000000 11.0000000
31.3883023 -12.8883745 30.0000000 10.0000000 101.0000000 11.0000000
31.3846168 -12.8883518 30.0000000 10.0000000 102.0000000 11.0000000
31.3809313 -12.8883290 30.0000000 10.0000000 103.0000000 11.0000000
31.3772458 -12.8883062 30.0000000 10.0000000 104.0000000 11.0000000
31.3735603 -12.8882833 30.0000000 10.0000000 105.0000000 11.0000000
31.3698748 -12.8882604 30.0000000 10.0000000 106.0000000 11.0000000
31.3672053 -12.8882437 30.0000000 10.0000000 107.0000000 11.0000000
31.3681803 -12.8859899 30.0000000 10.0000000 108.0000000 12.0000000
31.3698894 -12.8860006 30.0000000 10.0000000 109.0000000 12.0000000
31.3735749 -12.8860235 30.0000000 10.0000000 110.0000000 12.0000000
31.3772604 -12.8860464 30.0000000 10.0000000 111.0000000 12.0000000
31.3809458 -12.8860692 30.0000000 10.0000000 112.0000000 12.0000000
31.3846313 -12.8860920 30.0000000 10.0000000 113.0000000 12.0000000
31.3875942 -12.8861102 30.0000000 10.0000000 114.0000000 12.0000000
31.3822183 -12.8838172 30.0000000 10.0000000 115.0000000 13.0000000
31.3809603 -12.8838094 30.0000000 10.0000000 116.0000000 13.0000000
31.3772749 -12.8837866 30.0000000 10.0000000 117.0000000 13.0000000
31.3735895 -12.8837637 30.0000000 10.0000000 118.0000000 13.0000000
31.3699041 -12.8837408 30.0000000 10.0000000 119.0000000 13.0000000
31.3691553 -12.8837362 30.0000000 10.0000000 120.0000000 13.0000000
31.3701303 -12.8814824 30.0000000 10.0000000 121.0000000 14.0000000
31.3736041 -12.8815040 30.0000000 10.0000000 122.0000000 14.0000000
31.3768426 -12.8815240 30.0000000 10.0000000 123.0000000 14.0000000
