31.3988820 -12.9131073 30.0000000 10.0000000 0.0000000 1.0000000
31.3989008 -12.9101443 30.0000000 10.0000000 1.0000000 1.0000000
31.3989238 -12.9065286 30.0000000 10.0000000 2.0000000 1.0000000
31.3989469 -12.9029129 30.0000000 10.0000000 3.0000000 1.0000000
31.3989699 -12.8992972 30.0000000 10.0000000 4.0000000 1.0000000
31.3989929 -12.8956815 30.0000000 10.0000000 5.0000000 1.0000000
31.3990158 -12.8920658 30.0000000 10.0000000 6.0000000 1.0000000
31.3990244 -12.8907257 30.0000000 10.0000000 7.0000000 1.0000000
31.3935108 -12.8883743 30.0000000 10.0000000 8.0000000 2.0000000
31.3934991 -12.8902031 30.0000000 10.0000000 9.0000000 2.0000000
31.3934875 -12.8920320 30.0000000 10.0000000 10.0000000 2.0000000
31.3934644 -12.8956476 30.0000000 10.0000000 11.0000000 2.0000000
31.3934413 -12.8992633 30.0000000 10.0000000 12.0000000 2.0000000
31.3934182 -12.9028790 30.0000000 10.0000000 13.0000000 2.0000000
31.3933951 -12.9064947 30.0000000 10.0000000 14.0000000 2.0000000
31.3933823 -12.9085137 30.0000000 10.0000000 15.0000000 2.0000000
31.3933694 -12.9105326 30.0000000 10.0000000 16.0000000 2.0000000
31.3878569 -12.9079578 30.0000000 10.0000000 17.0000000 3.0000000
31.3878665 -12.9064607 30.0000000 10.0000000 18.0000000 3.0000000
31.3878896 -12.9028450 30.0000000 10.0000000 19.0000000 3.0000000
31.3879128 -12.8992293 30.0000000 10.0000000 20.0000000 3.0000000
31.3879359 -12.8956136 30.0000000 10.0000000 21.0000000 3.0000000
31.3879591 -12.8919980 30.0000000 10.0000000 22.0000000 3.0000000
31.3879822 -12.8883823 30.0000000 10.0000000 23.0000000 3.0000000
31.3879973 -12.8860227 30.0000000 10.0000000 24.0000000 3.0000000
31.3824840 -12.8836710 30.0000000 10.0000000 25.0000000 4.0000000
31.3824772 -12.8847325 30.0000000 10.0000000 26.0000000 4.0000000
31.3824540 -12.8883482 30.0000000 10.0000000 27.0000000 4.0000000
31.3824307 -12.8919639 30.0000000 10.0000000 28.0000000 4.0000000
31.3824075 -12.8955795 30.0000000 10.0000000 29.0000000 4.0000000
31.3823843 -12.8991952 30.0000000 10.0000000 30.0000000 4.0000000
31.3823610 -12.9028108 30.0000000 10.0000000 31.0000000 4.0000000
31.3823445 -12.9053828 30.0000000 10.0000000 32.0000000 4.0000000
31.3768323 -12.9028078 30.0000000 10.0000000 33.0000000 5.0000000
31.3768440 -12.9009844 30.0000000 10.0000000 34.0000000 5.0000000
31.3768558 -12.8991609 30.0000000 10.0000000 35.0000000 5.0000000
31.3768791 -12.8955453 30.0000000 10.0000000 36.0000000 5.0000000
31.3769024 -12.8919296 30.0000000 10.0000000 37.0000000 5.0000000
31.3769257 -12.8883140 30.0000000 10.0000000 38.0000000 5.0000000
31.3769490 -12.8846983 30.0000000 10.0000000 39.0000000 5.0000000
31.3769707 -12.8813192 30.0000000 10.0000000 40.0000000 5.0000000
31.3714572 -12.8790376 30.0000000 10.0000000 41.0000000 6.0000000
31.3714442 -12.8810483 30.0000000 10.0000000 42.0000000 6.0000000
31.3714208 -12.8846640 30.0000000 10.0000000 43.0000000 6.0000000
31.3713975 -12.8882796 30.0000000 10.0000000 44.0000000 6.0000000
31.3713741 -12.8918953 30.0000000 10.0000000 45.0000000 6.0000000
31.3713507 -12.8955109 30.0000000 10.0000000 46.0000000 6.0000000
31.3713273 -12.8991266 30.0000000 10.0000000 47.0000000 6.0000000
31.3713201 -12.9002327 30.0000000 10.0000000 48.0000000 6.0000000
31.3658082 -12.8976574 30.0000000 10.0000000 49.0000000 7.0000000
31.3658223 -12.8954765 30.0000000 10.0000000 50.0000000 7.0000000
31.3658448 -12.8920112 30.0000000 10.0000000 51.0000000 7.0000000
