31.4181673 -12.8868054 702.4361572 152.7032318 0.0000000 1.0000000
31.4177213 -12.8867255 703.9453125 152.7032318 1.0000000 1.0000000
31.4172754 -12.8866456 705.4769897 152.7032318 2.0000000 1.0000000
31.4168222 -12.8865644 707.0336304 152.7032318 3.0000000 1.0000000
31.4165283 -12.8865117 707.8036499 152.7032318 4.0000000 1.0000000
31.4162344 -12.8864590 708.4711304 152.7032318 5.0000000 1.0000000
31.4163899 -12.8860274 709.1335449 152.7032318 6.0000000 2.0000000
31.4166474 -12.8860736 708.5424805 152.7032318 7.0000000 2.0000000
31.4169050 -12.8861198 707.9435425 152.7032318 8.0000000 2.0000000
31.4173582 -12.8862010 706.6063232 152.7032318 9.0000000 2.0000000
31.4178114 -12.8862822 704.9742432 152.7032318 10.0000000 2.0000000
31.4180552 -12.8863259 704.1368408 152.7032318 11.0000000 2.0000000
31.4182990 -12.8863696 703.5137329 152.7032318 12.0000000 2.0000000
