328366.7288283037 -1425146.5175770645 0.0000000000 1.0000000000 0.0000000000 170.0000000000 2.0000000000
328318.2784415325 -1425137.9744666510 0.0000000000 1.0000000000 1.0000000000 170.0000000000 2.0000000000
328269.8280547612 -1425129.4313562375 0.0000000000 1.0000000000 2.0000000000 170.0000000000 2.0000000000
328220.5876671106 -1425120.7489473543 0.0000000000 1.0000000000 3.0000000000 170.0000000000 2.0000000000
328188.6525232883 -1425115.1179198655 0.0000000000 1.0000000000 4.0000000000 170.0000000000 2.0000000000
328156.7173794659 -1425109.4868923768 0.0000000000 1.0000000000 5.0000000000 170.0000000000 2.0000000000
328173.2995377205 -1425061.6394436816 0.0000000000 2.0000000000 6.0000000000 350.0000000000 2.0000000000
328201.2848068572 -1425066.5740016927 0.0000000000 2.0000000000 7.0000000000 350.0000000000 2.0000000000
328229.2700759940 -1425071.5085597038 0.0000000000 2.0000000000 8.0000000000 -10.0000000000 2.0000000000
328278.5104636446 -1425080.1909685868 0.0000000000 2.0000000000 9.0000000000 -10.0000000000 2.0000000000
328327.7508512952 -1425088.8733774701 0.0000000000 2.0000000000 10.0000000000 -10.0000000000 2.0000000000
328354.2401658067 -1425093.5441583190 0.0000000000 2.0000000000 11.0000000000 350.0000000000 2.0000000000
328380.7294803181 -1425098.2149391680 0.0000000000 2.0000000000 12.0000000000 350.0000000000 2.0000000000
