217480.3763199925 3316350.1247252575 0.0000000000 1.0000000000 0.0000000000 255.0000000000 3.0000000000
217456.8626263923 3316262.3704260681 0.0000000000 1.0000000000 1.0000000000 255.0000000000 5.0000000000
217433.3489327921 3316174.6161268787 0.0000000000 1.0000000000 2.0000000000 255.0000000000 5.0000000000
217373.3018645494 3315564.1470868341 0.0000000000 2.0000000000 3.0000000000 -255.0000000000 5.0000000000
217397.4896700546 3315654.4172059032 0.0000000000 2.0000000000 4.0000000000 -255.0000000000 5.0000000000
217421.6774755598 3315744.6873249724 0.0000000000 2.0000000000 5.0000000000 435.0000000000 3.0000000000
217447.5593800700 3315841.2799076019 0.0000000000 2.0000000000 6.0000000000 435.0000000000 3.0000000000
217473.4412845802 3315937.8724902305 0.0000000000 2.0000000000 7.0000000000 435.0000000000 3.0000000000
217499.3231890905 3316034.4650728600 0.0000000000 2.0000000000 8.0000000000 435.0000000000 3.0000000000
217525.2050936008 3316131.0576554886 0.0000000000 2.0000000000 9.0000000000 435.0000000000 3.0000000000
217551.0869981110 3316227.6502381181 0.0000000000 2.0000000000 10.0000000000 435.0000000000 3.0000000000
217571.9217233477 3316305.4064912633 0.0000000000 2.0000000000 11.0000000000 75.0000000000 5.0000000000
217592.7564485844 3316383.1627444085 0.0000000000 2.0000000000 12.0000000000 75.0000000000 5.0000000000
217613.5911738211 3316460.9189975536 0.0000000000 2.0000000000 13.0000000000 75.0000000000 5.0000000000
217634.4258990578 3316538.6752506988 0.0000000000 2.0000000000 14.0000000000 75.0000000000 5.0000000000
217657.8098946020 3316239.5751796379 0.0000000000 3.0000000000 15.0000000000 -75.0000000000 5.0000000000
217639.8037854157 3316172.3754653083 0.0000000000 3.0000000000 16.0000000000 -75.0000000000 5.0000000000
217621.7976762295 3316105.1757509788 0.0000000000 3.0000000000 17.0000000000 255.0000000000 3.0000000000
217595.9157717192 3316008.5831683492 0.0000000000 3.0000000000 18.0000000000 255.0000000000 3.0000000000
217570.0338672090 3315911.9905857206 0.0000000000 3.0000000000 19.0000000000 255.0000000000 3.0000000000
217544.1519626987 3315815.3980030920 0.0000000000 3.0000000000 20.0000000000 255.0000000000 3.0000000000
217518.2700581884 3315718.8054204625 0.0000000000 3.0000000000 21.0000000000 255.0000000000 3.0000000000
217492.3881536782 3315622.2128378330 0.0000000000 3.0000000000 22.0000000000 255.0000000000 3.0000000000
217466.5062491680 3315525.6202552044 0.0000000000 3.0000000000 23.0000000000 255.0000000000 3.0000000000
217449.9203775955 3315463.7209398081 0.0000000000 3.0000000000 24.0000000000 255.0000000000 5.0000000000
217433.3345060230 3315401.8216244117 0.0000000000 3.0000000000 25.0000000000 255.0000000000 5.0000000000
217536.1916640492 3315399.3194335722 0.0000000000 4.0000000000 26.0000000000 -255.0000000000 5.0000000000
217549.6452479230 3315449.5288921329 0.0000000000 4.0000000000 27.0000000000 -255.0000000000 5.0000000000
217563.0988317968 3315499.7383506936 0.0000000000 4.0000000000 28.0000000000 435.0000000000 3.0000000000
217588.9807363070 3315596.3309333231 0.0000000000 4.0000000000 29.0000000000 435.0000000000 3.0000000000
217614.8626408173 3315692.9235159517 0.0000000000 4.0000000000 30.0000000000 435.0000000000 3.0000000000
217640.7445453276 3315789.5160985813 0.0000000000 4.0000000000 31.0000000000 435.0000000000 3.0000000000
