66.0729894 29.9454960 0.0000000 0.0000000 0.0000000 1.0000000
66.0727693 29.9446997 0.0000000 0.0000000 1.0000000 1.0000000
66.0725491 29.9439033 0.0000000 0.0000000 2.0000000 1.0000000
66.0720890 29.9383874 0.0000000 0.0000000 3.0000000 2.0000000
66.0723154 29.9392066 0.0000000 0.0000000 4.0000000 2.0000000
66.0725419 29.9400258 0.0000000 0.0000000 5.0000000 2.0000000
66.0727842 29.9409023 0.0000000 0.0000000 6.0000000 2.0000000
66.0730266 29.9417788 0.0000000 0.0000000 7.0000000 2.0000000
66.0732689 29.9426554 0.0000000 0.0000000 8.0000000 2.0000000
66.0735112 29.9435319 0.0000000 0.0000000 9.0000000 2.0000000
66.0737536 29.9444084 0.0000000 0.0000000 10.0000000 2.0000000
66.0739487 29.9451140 0.0000000 0.0000000 11.0000000 2.0000000
66.0741437 29.9458196 0.0000000 0.0000000 12.0000000 2.0000000
66.0743388 29.9465252 0.0000000 0.0000000 13.0000000 2.0000000
66.0745339 29.9472308 0.0000000 0.0000000 14.0000000 2.0000000
66.0748549 29.9445404 0.0000000 0.0000000 15.0000000 3.0000000
66.0746863 29.9439306 0.0000000 0.0000000 16.0000000 3.0000000
66.0745177 29.9433208 0.0000000 0.0000000 17.0000000 3.0000000
66.0742753 29.9424443 0.0000000 0.0000000 18.0000000 3.0000000
66.0740330 29.9415678 0.0000000 0.0000000 19.0000000 3.0000000
66.0737907 29.9406912 0.0000000 0.0000000 20.0000000 3.0000000
66.0735483 29.9398147 0.0000000 0.0000000 21.0000000 3.0000000
66.0733060 29.9389382 0.0000000 0.0000000 22.0000000 3.0000000
66.0730637 29.9380616 0.0000000 0.0000000 23.0000000 3.0000000
66.0729084 29.9374999 0.0000000 0.0000000 24.0000000 3.0000000
66.0727531 29.9369382 0.0000000 0.0000000 25.0000000 3.0000000
66.0738181 29.9369393 0.0000000 0.0000000 26.0000000 4.0000000
66.0739441 29.9373950 0.0000000 0.0000000 27.0000000 4.0000000
66.0740701 29.9378506 0.0000000 0.0000000 28.0000000 4.0000000
66.0743124 29.9387271 0.0000000 0.0000000 29.0000000 4.0000000
66.0745547 29.9396036 0.0000000 0.0000000 30.0000000 4.0000000
66.0747971 29.9404802 0.0000000 0.0000000 31.0000000 4.0000000
