326771.7974778084 -1421620.3281896990 0.0000000000 2.0000000000 0.0000000000 260.0000000000
326737.0678422750 -1421817.2897403014 0.0000000000 2.0000000000 1.0000000000 260.0000000000
326702.3382067416 -1422014.2512909039 0.0000000000 2.0000000000 2.0000000000 260.0000000000
326667.6085712082 -1422211.2128415063 0.0000000000 2.0000000000 3.0000000000 260.0000000000
326632.8789356748 -1422408.1743921088 0.0000000000 2.0000000000 4.0000000000 260.0000000000
326598.1493001414 -1422605.1359427113 0.0000000000 2.0000000000 5.0000000000 260.0000000000
326563.4196646080 -1422802.0974933137 0.0000000000 2.0000000000 6.0000000000 260.0000000000
326528.6900290746 -1422999.0590439162 0.0000000000 2.0000000000 7.0000000000 260.0000000000
326493.9603935412 -1423196.0205945186 0.0000000000 2.0000000000 8.0000000000 260.0000000000
326459.2307580078 -1423392.9821451211 0.0000000000 2.0000000000 9.0000000000 260.0000000000
326262.2692074054 -1423358.2525095877 0.0000000000 3.0000000000 10.0000000000 80.0000000000
326296.9988429388 -1423161.2909589852 0.0000000000 3.0000000000 11.0000000000 80.0000000000
326331.7284784722 -1422964.3294083828 0.0000000000 3.0000000000 12.0000000000 80.0000000000
326366.4581140056 -1422767.3678577803 0.0000000000 3.0000000000 13.0000000000 80.0000000000
326401.1877495390 -1422570.4063071779 0.0000000000 3.0000000000 14.0000000000 80.0000000000
326435.9173850724 -1422373.4447565754 0.0000000000 3.0000000000 15.0000000000 80.0000000000
326470.6470206058 -1422176.4832059729 0.0000000000 3.0000000000 16.0000000000 80.0000000000
326505.3766561392 -1421979.5216553705 0.0000000000 3.0000000000 17.0000000000 80.0000000000
326540.1062916726 -1421782.5601047680 0.0000000000 3.0000000000 18.0000000000 80.0000000000
326574.8359272060 -1421585.5985541656 0.0000000000 3.0000000000 19.0000000000 80.0000000000
326377.8743766036 -1421550.8689186322 0.0000000000 4.0000000000 20.0000000000 260.0000000000
326343.1447410702 -1421747.8304692346 0.0000000000 4.0000000000 21.0000000000 260.0000000000
326308.4151055368 -1421944.7920198371 0.0000000000 4.0000000000 22.0000000000 260.0000000000
326273.6854700034 -1422141.7535704395 0.0000000000 4.0000000000 23.0000000000 260.0000000000
326238.9558344700 -1422338.7151210420 0.0000000000 4.0000000000 24.0000000000 260.0000000000
326204.2261989366 -1422535.6766716444 0.0000000000 4.0000000000 25.0000000000 260.0000000000
326169.4965634032 -1422732.6382222469 0.0000000000 4.0000000000 26.0000000000 260.0000000000
326134.7669278698 -1422929.5997728494 0.0000000000 4.0000000000 27.0000000000 260.0000000000
326100.0372923364 -1423126.5613234518 0.0000000000 4.0000000000 28.0000000000 260.0000000000
326065.3076568030 -1423323.5228740543 0.0000000000 4.0000000000 29.0000000000 260.0000000000
325868.3461062006 -1423288.7932385209 0.0000000000 5.0000000000 30.0000000000 80.0000000000
325903.0757417340 -1423091.8316879184 0.0000000000 5.0000000000 31.0000000000 80.0000000000
325937.8053772674 -1422894.8701373159 0.0000000000 5.0000000000 32.0000000000 80.0000000000
325972.5350128008 -1422697.9085867135 0.0000000000 5.0000000000 33.0000000000 80.0000000000
326007.2646483342 -1422500.9470361110 0.0000000000 5.0000000000 34.0000000000 80.0000000000
326041.9942838676 -1422303.9854855086 0.0000000000 5.0000000000 35.0000000000 80.0000000000
326076.7239194010 -1422107.0239349061 0.0000000000 5.0000000000 36.0000000000 80.0000000000
326111.4535549344 -1421910.0623843037 0.0000000000 5.0000000000 37.0000000000 80.0000000000
326146.1831904678 -1421713.1008337012 0.0000000000 5.0000000000 38.0000000000 80.0000000000
326180.9128260012 -1421516.1392830987 0.0000000000 5.0000000000 39.0000000000 80.0000000000
325983.9512753988 -1421481.4096475653 0.0000000000 6.0000000000 40.0000000000 260.0000000000
325949.2216398654 -1421678.3711981678 0.0000000000 6.0000000000 41.0000000000 260.0000000000
325914.4920043320 -1421875.3327487702 0.0000000000 6.0000000000 42.0000000000 260.0000000000
325879.7623687986 -1422072.2942993727 0.0000000000 6.0000000000 43.0000000000 260.0000000000
325845.0327332652 -1422269.2558499752 0.0000000000 6.0000000000 44.0000000000 260.0000000000
325810.3030977318 -1422466.2174005776 0.0000000000 6.0000000000 45.0000000000 260.0000000000
325775.5734621984 -1422663.1789511801 0.0000000000 6.0000000000 46.0000000000 260.0000000000
325740.8438266650 -1422860.1405017825 0.0000000000 6.0000000000 47.0000000000 260.0000000000
325706.1141911316 -1423057.1020523850 0.0000000000 6.0000000000 48.0000000000 260.0000000000
325671.3845555982 -1423254.0636029874 0.0000000000 6.0000000000 49.0000000000 260.0000000000
325474.4230049958 -1423219.3339674540 0.0000000000 7.0000000000 50.0000000000 80.0000000000
325509.1526405292 -1423022.3724168516 0.0000000000 7.0000000000 51.0000000000 80.0000000000
325543.8822760626 -1422825.4108662491 0.0000000000 7.0000000000 52.0000000000 80.0000000000
325578.6119115960 -1422628.4493156467 0.0000000000 7.0000000000 53.0000000000 80.0000000000
325613.3415471294 -1422431.4877650442 0.0000000000 7.0000000000 54.0000000000 80.0000000000
325648.0711826628 -1422234.5262144418 0.0000000000 7.0000000000 55.0000000000 80.0000000000
325682.8008181962 -1422037.5646638393 0.0000000000 7.0000000000 56.0000000000 80.0000000000
325717.5304537296 -1421840.6031132368 0.0000000000 7.0000000000 57.0000000000 80.0000000000
325752.2600892630 -1421643.6415626344 0.0000000000 7.0000000000 58.0000000000 80.0000000000
325786.9897247964 -1421446.6800120319 0.0000000000 7.0000000000 59.0000000000 80.0000000000
325590.0281741940 -1421411.9503764985 0.0000000000 8.0000000000 60.0000000000 260.0000000000
325555.2985386606 -1421608.9119271010 0.0000000000 8.0000000000 61.0000000000 260.0000000000
325520.5689031272 -1421805.8734777034 0.0000000000 8.0000000000 62.0000000000 260.0000000000
325485.8392675938 -1422002.8350283059 0.0000000000 8.0000000000 63.0000000000 260.0000000000
325451.1096320604 -1422199.7965789083 0.0000000000 8.0000000000 64.0000000000 260.0000000000
325416.3799965270 -1422396.7581295108 0.0000000000 8.0000000000 65.0000000000 260.0000000000
325381.6503609936 -1422593.7196801133 0.0000000000 8.0000000000 66.0000000000 260.0000000000
325346.9207254602 -1422790.6812307157 0.0000000000 8.0000000000 67.0000000000 260.0000000000
325312.1910899268 -1422987.6427813182 0.0000000000 8.0000000000 68.0000000000 260.0000000000
325277.4614543934 -1423184.6043319206 0.0000000000 8.0000000000 69.0000000000 260.0000000000
325242.7318188600 -1423381.5658825231 0.0000000000 8.0000000000 70.0000000000 260.0000000000
325045.7702682576 -1423346.8362469897 0.0000000000 9.0000000000 71.0000000000 80.0000000000
325080.4999037910 -1423149.8746963872 0.0000000000 9.0000000000 72.0000000000 80.0000000000
325115.2295393244 -1422952.9131457848 0.0000000000 9.0000000000 73.0000000000 80.0000000000
325149.9591748578 -1422755.9515951823 0.0000000000 9.0000000000 74.0000000000 80.0000000000
325184.6888103912 -1422558.9900445798 0.0000000000 9.0000000000 75.0000000000 80.0000000000
325219.4184459246 -1422362.0284939774 0.0000000000 9.0000000000 76.0000000000 80.0000000000
325254.1480814580 -1422165.0669433749 0.0000000000 9.0000000000 77.0000000000 80.0000000000
325288.8777169914 -1421968.1053927725 0.0000000000 9.0000000000 78.0000000000 80.0000000000
325323.6073525248 -1421771.1438421700 0.0000000000 9.0000000000 79.0000000000 80.0000000000
325358.3369880582 -1421574.1822915676 0.0000000000 9.0000000000 80.0000000000 80.0000000000
325393.0666235916 -1421377.2207409651 0.0000000000 9.0000000000 81.0000000000 80.0000000000
325161.3754374558 -1421539.4526560341 0.0000000000 10.0000000000 82.0000000000 260.0000000000
325126.6458019224 -1421736.4142066366 0.0000000000 10.0000000000 83.0000000000 260.0000000000
325091.9161663890 -1421933.3757572391 0.0000000000 10.0000000000 84.0000000000 260.0000000000
325057.1865308556 -1422130.3373078415 0.0000000000 10.0000000000 85.0000000000 260.0000000000
325022.4568953222 -1422327.2988584440 0.0000000000 10.0000000000 86.0000000000 260.0000000000
324987.7272597888 -1422524.2604090464 0.0000000000 10.0000000000 87.0000000000 260.0000000000
324952.9976242554 -1422721.2219596489 0.0000000000 10.0000000000 88.0000000000 260.0000000000
324918.2679887220 -1422918.1835102513 0.0000000000 10.0000000000 89.0000000000 260.0000000000
324883.5383531886 -1423115.1450608538 0.0000000000 10.0000000000 90.0000000000 260.0000000000
324848.8087176552 -1423312.1066114563 0.0000000000 10.0000000000 91.0000000000 260.0000000000
324756.0360736530 -1422686.4923241155 0.0000000000 11.0000000000 92.0000000000 80.0000000000
324790.7657091864 -1422489.5307735130 0.0000000000 11.0000000000 93.0000000000 80.0000000000
324825.4953447198 -1422292.5692229106 0.0000000000 11.0000000000 94.0000000000 80.0000000000
324860.2249802532 -1422095.6076723081 0.0000000000 11.0000000000 95.0000000000 80.0000000000
324894.9546157866 -1421898.6461217056 0.0000000000 11.0000000000 96.0000000000 80.0000000000
324929.6842513200 -1421701.6845711032 0.0000000000 11.0000000000 97.0000000000 80.0000000000
324964.4138868534 -1421504.7230205007 0.0000000000 11.0000000000 98.0000000000 80.0000000000
324767.4523362510 -1421469.9933849673 0.0000000000 12.0000000000 99.0000000000 260.0000000000
324887.8133654259 -1423320.4446158528 0.0000000000 1.0000000000 0.0000000000 -10.0000000000
325084.7749160284 -1423355.1742513862 0.0000000000 1.0000000000 1.0000000000 -10.0000000000
325513.4276527667 -1423227.6719718506 0.0000000000 2.0000000000 2.0000000000 80.0000000000
325316.4661021642 -1423192.9423363172 0.0000000000 2.0000000000 3.0000000000 170.0000000000
325119.5045515617 -1423158.2127007837 0.0000000000 2.0000000000 4.0000000000 170.0000000000
324922.5430009592 -1423123.4830652503 0.0000000000 2.0000000000 5.0000000000 170.0000000000
324760.3110858903 -1422891.7918791145 0.0000000000 3.0000000000 6.0000000000 -10.0000000000
324957.2726364928 -1422926.5215146479 0.0000000000 3.0000000000 7.0000000000 -10.0000000000
325154.2341870952 -1422961.2511501813 0.0000000000 3.0000000000 8.0000000000 -10.0000000000
325351.1957376976 -1422995.9807857147 0.0000000000 3.0000000000 9.0000000000 -10.0000000000
325548.1572883000 -1423030.7104212481 0.0000000000 3.0000000000 10.0000000000 -10.0000000000
325745.1188389024 -1423065.4400567815 0.0000000000 3.0000000000 11.0000000000 -10.0000000000
325942.0803895048 -1423100.1696923149 0.0000000000 3.0000000000 12.0000000000 -10.0000000000
326139.0419401072 -1423134.8993278483 0.0000000000 3.0000000000 13.0000000000 -10.0000000000
326336.0034907096 -1423169.6289633818 0.0000000000 3.0000000000 14.0000000000 -10.0000000000
326532.9650413120 -1423204.3585989152 0.0000000000 3.0000000000 15.0000000000 -10.0000000000
326729.9265919144 -1423239.0882344486 0.0000000000 3.0000000000 16.0000000000 -10.0000000000
326926.8881425168 -1423273.8178699820 0.0000000000 3.0000000000 17.0000000000 -10.0000000000
327123.8496931192 -1423308.5475055154 0.0000000000 3.0000000000 18.0000000000 -10.0000000000
327158.5793286526 -1423111.5859549129 0.0000000000 4.0000000000 19.0000000000 170.0000000000
326961.6177780502 -1423076.8563193795 0.0000000000 4.0000000000 20.0000000000 170.0000000000
326764.6562274478 -1423042.1266838461 0.0000000000 4.0000000000 21.0000000000 170.0000000000
326567.6946768454 -1423007.3970483127 0.0000000000 4.0000000000 22.0000000000 170.0000000000
326370.7331262430 -1422972.6674127793 0.0000000000 4.0000000000 23.0000000000 170.0000000000
326173.7715756406 -1422937.9377772459 0.0000000000 4.0000000000 24.0000000000 170.0000000000
325976.8100250382 -1422903.2081417125 0.0000000000 4.0000000000 25.0000000000 170.0000000000
325779.8484744358 -1422868.4785061791 0.0000000000 4.0000000000 26.0000000000 170.0000000000
325582.8869238334 -1422833.7488706456 0.0000000000 4.0000000000 27.0000000000 170.0000000000
325385.9253732310 -1422799.0192351122 0.0000000000 4.0000000000 28.0000000000 170.0000000000
325188.9638226286 -1422764.2895995788 0.0000000000 4.0000000000 29.0000000000 170.0000000000
324992.0022720262 -1422729.5599640454 0.0000000000 4.0000000000 30.0000000000 170.0000000000
324795.0407214238 -1422694.8303285120 0.0000000000 4.0000000000 31.0000000000 170.0000000000
324829.7703569573 -1422497.8687779095 0.0000000000 5.0000000000 32.0000000000 -10.0000000000
325026.7319075598 -1422532.5984134430 0.0000000000 5.0000000000 33.0000000000 -10.0000000000
325223.6934581622 -1422567.3280489764 0.0000000000 5.0000000000 34.0000000000 -10.0000000000
325420.6550087646 -1422602.0576845098 0.0000000000 5.0000000000 35.0000000000 -10.0000000000
325617.6165593670 -1422636.7873200432 0.0000000000 5.0000000000 36.0000000000 -10.0000000000
325814.5781099694 -1422671.5169555766 0.0000000000 5.0000000000 37.0000000000 -10.0000000000
326011.5396605718 -1422706.2465911100 0.0000000000 5.0000000000 38.0000000000 -10.0000000000
326208.5012111742 -1422740.9762266434 0.0000000000 5.0000000000 39.0000000000 -10.0000000000
326405.4627617766 -1422775.7058621768 0.0000000000 5.0000000000 40.0000000000 -10.0000000000
326602.4243123790 -1422810.4354977102 0.0000000000 5.0000000000 41.0000000000 -10.0000000000
326799.3858629814 -1422845.1651332437 0.0000000000 5.0000000000 42.0000000000 -10.0000000000
326996.3474135838 -1422879.8947687771 0.0000000000 5.0000000000 43.0000000000 -10.0000000000
327193.3089641862 -1422914.6244043105 0.0000000000 5.0000000000 44.0000000000 -10.0000000000
327228.0385997194 -1422717.6628537080 0.0000000000 6.0000000000 45.0000000000 170.0000000000
327031.0770491170 -1422682.9332181746 0.0000000000 6.0000000000 46.0000000000 170.0000000000
326834.1154985146 -1422648.2035826412 0.0000000000 6.0000000000 47.0000000000 170.0000000000
326637.1539479122 -1422613.4739471078 0.0000000000 6.0000000000 48.0000000000 170.0000000000
326440.1923973098 -1422578.7443115744 0.0000000000 6.0000000000 49.0000000000 170.0000000000
326243.2308467074 -1422544.0146760410 0.0000000000 6.0000000000 50.0000000000 170.0000000000
326046.2692961050 -1422509.2850405076 0.0000000000 6.0000000000 51.0000000000 170.0000000000
325849.3077455026 -1422474.5554049741 0.0000000000 6.0000000000 52.0000000000 170.0000000000
325652.3461949002 -1422439.8257694407 0.0000000000 6.0000000000 53.0000000000 170.0000000000
325455.3846442978 -1422405.0961339073 0.0000000000 6.0000000000 54.0000000000 170.0000000000
325258.4230936954 -1422370.3664983739 0.0000000000 6.0000000000 55.0000000000 170.0000000000
325061.4615430930 -1422335.6368628405 0.0000000000 6.0000000000 56.0000000000 170.0000000000
324864.4999924906 -1422300.9072273071 0.0000000000 6.0000000000 57.0000000000 170.0000000000
324899.2296280238 -1422103.9456767046 0.0000000000 7.0000000000 58.0000000000 -10.0000000000
325096.1911786262 -1422138.6753122380 0.0000000000 7.0000000000 59.0000000000 -10.0000000000
325293.1527292286 -1422173.4049477715 0.0000000000 7.0000000000 60.0000000000 -10.0000000000
325490.1142798310 -1422208.1345833049 0.0000000000 7.0000000000 61.0000000000 -10.0000000000
325687.0758304334 -1422242.8642188383 0.0000000000 7.0000000000 62.0000000000 -10.0000000000
325884.0373810358 -1422277.5938543717 0.0000000000 7.0000000000 63.0000000000 -10.0000000000
326080.9989316382 -1422312.3234899051 0.0000000000 7.0000000000 64.0000000000 -10.0000000000
326277.9604822406 -1422347.0531254385 0.0000000000 7.0000000000 65.0000000000 -10.0000000000
326474.9220328430 -1422381.7827609719 0.0000000000 7.0000000000 66.0000000000 -10.0000000000
326671.8835834454 -1422416.5123965053 0.0000000000 7.0000000000 67.0000000000 -10.0000000000
326868.8451340478 -1422451.2420320387 0.0000000000 7.0000000000 68.0000000000 -10.0000000000
327065.8066846502 -1422485.9716675722 0.0000000000 7.0000000000 69.0000000000 -10.0000000000
327262.7682352526 -1422520.7013031056 0.0000000000 7.0000000000 70.0000000000 -10.0000000000
327297.4978707860 -1422323.7397525031 0.0000000000 8.0000000000 71.0000000000 170.0000000000
327100.5363201836 -1422289.0101169697 0.0000000000 8.0000000000 72.0000000000 170.0000000000
326903.5747695812 -1422254.2804814363 0.0000000000 8.0000000000 73.0000000000 170.0000000000
326706.6132189788 -1422219.5508459029 0.0000000000 8.0000000000 74.0000000000 170.0000000000
326509.6516683764 -1422184.8212103695 0.0000000000 8.0000000000 75.0000000000 170.0000000000
326312.6901177740 -1422150.0915748361 0.0000000000 8.0000000000 76.0000000000 170.0000000000
326115.7285671716 -1422115.3619393026 0.0000000000 8.0000000000 77.0000000000 170.0000000000
325918.7670165692 -1422080.6323037692 0.0000000000 8.0000000000 78.0000000000 170.0000000000
325721.8054659668 -1422045.9026682358 0.0000000000 8.0000000000 79.0000000000 170.0000000000
325524.8439153644 -1422011.1730327024 0.0000000000 8.0000000000 80.0000000000 170.0000000000
325327.8823647620 -1421976.4433971690 0.0000000000 8.0000000000 81.0000000000 170.0000000000
325130.9208141596 -1421941.7137616356 0.0000000000 8.0000000000 82.0000000000 170.0000000000
324933.9592635572 -1421906.9841261022 0.0000000000 8.0000000000 83.0000000000 170.0000000000
324771.7273484882 -1421675.2929399663 0.0000000000 9.0000000000 84.0000000000 -10.0000000000
324968.6888990906 -1421710.0225754997 0.0000000000 9.0000000000 85.0000000000 -10.0000000000
325165.6504496930 -1421744.7522110331 0.0000000000 9.0000000000 86.0000000000 -10.0000000000
325362.6120002955 -1421779.4818465665 0.0000000000 9.0000000000 87.0000000000 -10.0000000000
325559.5735508980 -1421814.2114821000 0.0000000000 9.0000000000 88.0000000000 -10.0000000000
325756.5351015004 -1421848.9411176334 0.0000000000 9.0000000000 89.0000000000 -10.0000000000
325953.4966521028 -1421883.6707531668 0.0000000000 9.0000000000 90.0000000000 -10.0000000000
326150.4582027052 -1421918.4003887002 0.0000000000 9.0000000000 91.0000000000 -10.0000000000
326347.4197533076 -1421953.1300242336 0.0000000000 9.0000000000 92.0000000000 -10.0000000000
326544.3813039100 -1421987.8596597670 0.0000000000 9.0000000000 93.0000000000 -10.0000000000
326741.3428545124 -1422022.5892953004 0.0000000000 9.0000000000 94.0000000000 -10.0000000000
326938.3044051148 -1422057.3189308338 0.0000000000 9.0000000000 95.0000000000 -10.0000000000
327135.2659557172 -1422092.0485663672 0.0000000000 9.0000000000 96.0000000000 -10.0000000000
327169.9955912506 -1421895.0870157648 0.0000000000 10.0000000000 97.0000000000 170.0000000000
326973.0340406482 -1421860.3573802314 0.0000000000 10.0000000000 98.0000000000 170.0000000000
326776.0724900458 -1421825.6277446980 0.0000000000 10.0000000000 99.0000000000 170.0000000000
326579.1109394434 -1421790.8981091646 0.0000000000 10.0000000000 100.0000000000 170.0000000000
326382.1493888410 -1421756.1684736311 0.0000000000 10.0000000000 101.0000000000 170.0000000000
326185.1878382386 -1421721.4388380977 0.0000000000 10.0000000000 102.0000000000 170.0000000000
325988.2262876362 -1421686.7092025643 0.0000000000 10.0000000000 103.0000000000 170.0000000000
325791.2647370338 -1421651.9795670309 0.0000000000 10.0000000000 104.0000000000 170.0000000000
325594.3031864314 -1421617.2499314975 0.0000000000 10.0000000000 105.0000000000 170.0000000000
325397.3416358290 -1421582.5202959641 0.0000000000 10.0000000000 106.0000000000 170.0000000000
325200.3800852266 -1421547.7906604307 0.0000000000 10.0000000000 107.0000000000 170.0000000000
325003.4185346242 -1421513.0610248973 0.0000000000 10.0000000000 108.0000000000 170.0000000000
324806.4569840218 -1421478.3313893639 0.0000000000 10.0000000000 109.0000000000 170.0000000000
325432.0712713626 -1421385.5587453616 0.0000000000 11.0000000000 110.0000000000 -10.0000000000
325629.0328219650 -1421420.2883808950 0.0000000000 11.0000000000 111.0000000000 -10.0000000000
325825.9943725674 -1421455.0180164285 0.0000000000 11.0000000000 112.0000000000 -10.0000000000
326022.9559231698 -1421489.7476519619 0.0000000000 11.0000000000 113.0000000000 -10.0000000000
326219.9174737722 -1421524.4772874953 0.0000000000 11.0000000000 114.0000000000 -10.0000000000
326416.8790243746 -1421559.2069230287 0.0000000000 11.0000000000 115.0000000000 -10.0000000000
326613.8405749770 -1421593.9365585621 0.0000000000 11.0000000000 116.0000000000 -10.0000000000
326810.8021255794 -1421628.6661940955 0.0000000000 11.0000000000 117.0000000000 -10.0000000000
327007.7636761818 -1421663.3958296289 0.0000000000 11.0000000000 118.0000000000 -10.0000000000
327204.7252267842 -1421698.1254651623 0.0000000000 11.0000000000 119.0000000000 -10.0000000000
