327165.7205790132 -1421689.7874607658 0.0000000000 2.0000000000 0.0000000000 -100.0000000000
327130.9909434798 -1421886.7490113683 0.0000000000 2.0000000000 1.0000000000 -100.0000000000
327096.2613079464 -1422083.7105619707 0.0000000000 2.0000000000 2.0000000000 -100.0000000000
327061.5316724130 -1422280.6721125732 0.0000000000 2.0000000000 3.0000000000 -100.0000000000
327026.8020368796 -1422477.6336631756 0.0000000000 2.0000000000 4.0000000000 -100.0000000000
326992.0724013462 -1422674.5952137781 0.0000000000 2.0000000000 5.0000000000 -100.0000000000
326957.3427658128 -1422871.5567643805 0.0000000000 2.0000000000 6.0000000000 -100.0000000000
326922.6131302794 -1423068.5183149830 0.0000000000 2.0000000000 7.0000000000 -100.0000000000
326887.8834947460 -1423265.4798655855 0.0000000000 2.0000000000 8.0000000000 -100.0000000000
326853.1538592126 -1423462.4414161879 0.0000000000 2.0000000000 9.0000000000 -100.0000000000
327050.1154098150 -1423497.1710517213 0.0000000000 3.0000000000 10.0000000000 80.0000000000
327084.8450453484 -1423300.2095011189 0.0000000000 3.0000000000 11.0000000000 80.0000000000
327119.5746808818 -1423103.2479505164 0.0000000000 3.0000000000 12.0000000000 80.0000000000
327154.3043164152 -1422906.2863999140 0.0000000000 3.0000000000 13.0000000000 80.0000000000
327189.0339519486 -1422709.3248493115 0.0000000000 3.0000000000 14.0000000000 80.0000000000
327223.7635874820 -1422512.3632987090 0.0000000000 3.0000000000 15.0000000000 80.0000000000
327258.4932230154 -1422315.4017481066 0.0000000000 3.0000000000 16.0000000000 80.0000000000
327293.2228585488 -1422118.4401975041 0.0000000000 3.0000000000 17.0000000000 80.0000000000
327281.8065959508 -1423334.9391366523 0.0000000000 4.0000000000 18.0000000000 -100.0000000000
327247.0769604174 -1423531.9006872547 0.0000000000 4.0000000000 19.0000000000 -100.0000000000
