324749.9402800042 -1423296.1338709795 0.0000000000 1.0000000000 0.0000000000 -10.0000000000
324769.6364350644 -1423299.6068345329 0.0000000000 1.0000000000 1.0000000000 -10.0000000000
324789.3325901247 -1423303.0797980863 0.0000000000 1.0000000000 2.0000000000 -10.0000000000
324809.0287451850 -1423306.5527616397 0.0000000000 1.0000000000 3.0000000000 -10.0000000000
324828.7249002452 -1423310.0257251931 0.0000000000 1.0000000000 4.0000000000 -10.0000000000
324848.4210553054 -1423313.4986887465 0.0000000000 1.0000000000 5.0000000000 -10.0000000000
324868.1172103656 -1423316.9716522999 0.0000000000 1.0000000000 6.0000000000 -10.0000000000
324887.8133654258 -1423320.4446158533 0.0000000000 1.0000000000 7.0000000000 -10.0000000000
324907.5095204860 -1423323.9175794066 0.0000000000 1.0000000000 8.0000000000 -10.0000000000
324927.2056755462 -1423327.3905429600 0.0000000000 1.0000000000 9.0000000000 -10.0000000000
324946.9018306064 -1423330.8635065134 0.0000000000 1.0000000000 10.0000000000 -10.0000000000
324966.5979856666 -1423334.3364700668 0.0000000000 1.0000000000 11.0000000000 -10.0000000000
324986.2941407268 -1423337.8094336202 0.0000000000 1.0000000000 12.0000000000 -10.0000000000
325005.9902957870 -1423341.2823971736 0.0000000000 1.0000000000 13.0000000000 -10.0000000000
325025.6864508472 -1423344.7553607270 0.0000000000 1.0000000000 14.0000000000 -10.0000000000
325045.3826059074 -1423348.2283242804 0.0000000000 1.0000000000 15.0000000000 -10.0000000000
325065.0787609676 -1423351.7012878337 0.0000000000 1.0000000000 16.0000000000 -10.0000000000
325084.7749160278 -1423355.1742513871 0.0000000000 1.0000000000 17.0000000000 -10.0000000000
325104.4710710880 -1423358.6472149405 0.0000000000 1.0000000000 18.0000000000 -10.0000000000
325124.1672261482 -1423362.1201784939 0.0000000000 1.0000000000 19.0000000000 -10.0000000000
325143.8633812084 -1423365.5931420473 0.0000000000 1.0000000000 20.0000000000 -10.0000000000
325163.5595362686 -1423369.0661056007 0.0000000000 1.0000000000 21.0000000000 -10.0000000000
325183.2556913288 -1423372.5390691541 0.0000000000 1.0000000000 22.0000000000 -10.0000000000
325202.9518463890 -1423376.0120327075 0.0000000000 1.0000000000 23.0000000000 -10.0000000000
325222.6480014492 -1423379.4849962608 0.0000000000 1.0000000000 24.0000000000 -10.0000000000
325242.3441565094 -1423382.9579598142 0.0000000000 1.0000000000 25.0000000000 -10.0000000000
