31.3910001000 -12.8562584000 780.6925659000 152.7032318000 0.0000000000 1.0000000000
31.3927066000 -12.8565644000 776.3855591000 152.7032318000 1.0000000000 1.0000000000
31.3944132000 -12.8568705000 768.0440063000 152.7032318000 2.0000000000 1.0000000000
31.3961197000 -12.8571765000 766.0000000000 152.7032318000 3.0000000000 1.0000000000
31.3979323000 -12.8575015000 765.1257324000 152.7032318000 4.0000000000 1.0000000000
31.3994596000 -12.8577754000 761.3353882000 152.7032318000 5.0000000000 1.0000000000
31.4009870000 -12.8580492000 758.2175293000 152.7032318000 6.0000000000 1.0000000000
31.4025144000 -12.8583231000 757.8028564000 152.7032318000 7.0000000000 1.0000000000
31.4029180000 -12.8565576000 771.0325317000 152.7032318000 8.0000000000 2.0000000000
31.4013665000 -12.8562795000 766.5411377000 152.7032318000 9.0000000000 2.0000000000
31.3998150000 -12.8560013000 766.0725098000 152.7032318000 10.0000000000 2.0000000000
31.3982635000 -12.8557231000 764.4960327000 152.7032318000 11.0000000000 2.0000000000
31.3964510000 -12.8553981000 771.5250854000 152.7032318000 12.0000000000 2.0000000000
31.3948887000 -12.8551179000 775.3858032000 152.7032318000 13.0000000000 2.0000000000
31.3933265000 -12.8548378000 775.3961182000 152.7032318000 14.0000000000 2.0000000000
31.3917643000 -12.8545576000 779.7335815000 152.7032318000 15.0000000000 2.0000000000
31.3967601000 -12.8617905000 779.4042358000 152.7032318000 16.0000000000 1.0000000000
31.3970312000 -12.8603350000 781.3837891000 152.7032318000 17.0000000000 1.0000000000
31.3973023000 -12.8588795000 774.2043457000 152.7032318000 18.0000000000 1.0000000000
31.3975734000 -12.8574239000 765.0180054000 152.7032318000 19.0000000000 1.0000000000
31.3979046000 -12.8556455000 765.7738647000 152.7032318000 20.0000000000 1.0000000000
31.3981501000 -12.8543279000 771.1074219000 152.7032318000 21.0000000000 1.0000000000
31.3983955000 -12.8530102000 778.8786011000 152.7032318000 22.0000000000 1.0000000000
31.3986409000 -12.8516926000 781.0054932000 152.7032318000 23.0000000000 1.0000000000
31.3967857000 -12.8515968000 774.2833252000 152.7032318000 24.0000000000 2.0000000000
31.3965545000 -12.8528380000 769.3814697000 152.7032318000 25.0000000000 2.0000000000
31.3963233000 -12.8540793000 770.9866333000 152.7032318000 26.0000000000 2.0000000000
31.3960921000 -12.8553205000 772.1140137000 152.7032318000 27.0000000000 2.0000000000
31.3957608000 -12.8570989000 766.0000000000 152.7032318000 28.0000000000 2.0000000000
31.3955067000 -12.8584635000 773.9378662000 152.7032318000 29.0000000000 2.0000000000
31.3952525000 -12.8598281000 786.8321533000 152.7032318000 30.0000000000 2.0000000000
31.3949983000 -12.8611927000 785.5617065000 152.7032318000 31.0000000000 2.0000000000
