325315.4974477765 -1421811.6567232097 0.0000000000 8.0000000000 0.0000000000 350.0000000000 1.0000000000
325458.8484170276 -1421836.9333667990 0.0000000000 8.0000000000 1.0000000000 350.0000000000 1.0000000000
325602.1993862786 -1421862.2100103889 0.0000000000 8.0000000000 2.0000000000 350.0000000000 1.0000000000
325745.5503555296 -1421887.4866539785 0.0000000000 8.0000000000 3.0000000000 -10.0000000000 1.0000000000
325942.5119061320 -1421922.2162895119 0.0000000000 8.0000000000 4.0000000000 -10.0000000000 1.0000000000
326139.4734567344 -1421956.9459250453 0.0000000000 8.0000000000 5.0000000000 -10.0000000000 1.0000000000
326336.4350073368 -1421991.6755605787 0.0000000000 8.0000000000 6.0000000000 -10.0000000000 1.0000000000
326533.3965579392 -1422026.4051961119 0.0000000000 8.0000000000 7.0000000000 -10.0000000000 1.0000000000
326704.8688856909 -1422056.6403939391 0.0000000000 8.0000000000 8.0000000000 -10.0000000000 1.0000000000
326876.3412134425 -1422086.8755917668 0.0000000000 8.0000000000 9.0000000000 -10.0000000000 1.0000000000
327047.8135411941 -1422117.1107895940 0.0000000000 8.0000000000 10.0000000000 -10.0000000000 1.0000000000
326809.5671918830 -1422278.1868525329 0.0000000000 7.0000000000 11.0000000000 170.0000000000 1.0000000000
326640.2799185231 -1422248.3369387488 0.0000000000 7.0000000000 12.0000000000 170.0000000000 1.0000000000
326470.9926451631 -1422218.4870249650 0.0000000000 7.0000000000 13.0000000000 170.0000000000 1.0000000000
326301.7053718032 -1422188.6371111812 0.0000000000 7.0000000000 14.0000000000 170.0000000000 1.0000000000
326104.7438212008 -1422153.9074756475 0.0000000000 7.0000000000 15.0000000000 170.0000000000 1.0000000000
325907.7822705984 -1422119.1778401143 0.0000000000 7.0000000000 16.0000000000 170.0000000000 1.0000000000
325710.8207199960 -1422084.4482045809 0.0000000000 7.0000000000 17.0000000000 170.0000000000 1.0000000000
325538.7417711320 -1422054.1060430843 0.0000000000 7.0000000000 18.0000000000 170.0000000000 1.0000000000
325366.6628222680 -1422023.7638815874 0.0000000000 7.0000000000 19.0000000000 170.0000000000 1.0000000000
325194.5838734040 -1421993.4217200910 0.0000000000 7.0000000000 20.0000000000 170.0000000000 1.0000000000
325073.6702990316 -1422175.1867169722 0.0000000000 6.0000000000 21.0000000000 350.0000000000 1.0000000000
325208.8233773078 -1422199.0178511981 0.0000000000 6.0000000000 22.0000000000 350.0000000000 1.0000000000
325343.9764555840 -1422222.8489854240 0.0000000000 6.0000000000 23.0000000000 350.0000000000 1.0000000000
325479.1295338602 -1422246.6801196500 0.0000000000 6.0000000000 24.0000000000 -10.0000000000 1.0000000000
325676.0910844626 -1422281.4097551834 0.0000000000 6.0000000000 25.0000000000 -10.0000000000 1.0000000000
325873.0526350650 -1422316.1393907168 0.0000000000 6.0000000000 26.0000000000 -10.0000000000 1.0000000000
326070.0141856674 -1422350.8690262502 0.0000000000 6.0000000000 27.0000000000 -10.0000000000 1.0000000000
326237.1164046357 -1422380.3336559909 0.0000000000 6.0000000000 28.0000000000 -10.0000000000 1.0000000000
326404.2186236040 -1422409.7982857313 0.0000000000 6.0000000000 29.0000000000 -10.0000000000 1.0000000000
326571.3208425724 -1422439.2629154716 0.0000000000 6.0000000000 30.0000000000 -10.0000000000 1.0000000000
326333.0744932617 -1422600.3389784098 0.0000000000 5.0000000000 31.0000000000 170.0000000000 1.0000000000
326168.1573286849 -1422571.2596327129 0.0000000000 5.0000000000 32.0000000000 170.0000000000 1.0000000000
326003.2401641082 -1422542.1802870159 0.0000000000 5.0000000000 33.0000000000 170.0000000000 1.0000000000
325838.3229995314 -1422513.1009413190 0.0000000000 5.0000000000 34.0000000000 170.0000000000 1.0000000000
325641.3614489290 -1422478.3713057858 0.0000000000 5.0000000000 35.0000000000 170.0000000000 1.0000000000
325444.3998983266 -1422443.6416702524 0.0000000000 5.0000000000 36.0000000000 170.0000000000 1.0000000000
325280.5188404374 -1422414.7450181197 0.0000000000 5.0000000000 37.0000000000 170.0000000000 1.0000000000
325116.6377825482 -1422385.8483659863 0.0000000000 5.0000000000 38.0000000000 170.0000000000 1.0000000000
324952.7567246590 -1422356.9517138537 0.0000000000 5.0000000000 39.0000000000 170.0000000000 1.0000000000
