QGC WPL 110
1.0 1 0 22 0 0 0 0 -12.8562584 31.3910001 780.6925659 1
2.0 0 0 16 0 0 0 0 -12.8565644 31.3927066 776.3855591 1
3.0 0 0 16 0 0 0 0 -12.8568705 31.3944132 768.0440063 1
4.0 0 0 16 0 0 0 0 -12.8571765 31.3961197 766.0 1
5.0 0 0 16 0 0 0 0 -12.8575015 31.3979323 765.1257324 1
6.0 0 0 16 0 0 0 0 -12.8577754 31.3994596 761.3353882 1
7.0 0 0 16 0 0 0 0 -12.8580492 31.400987 758.2175293 1
8.0 0 0 16 0 0 0 0 -12.8583231 31.4025144 757.8028564 1
9.0 0 0 16 0 0 0 0 -12.8565576 31.402918 771.0325317 1
10.0 0 0 16 0 0 0 0 -12.8562795 31.4013665 766.5411377 1
11.0 0 0 16 0 0 0 0 -12.8560013 31.399815 766.0725098 1
12.0 0 0 16 0 0 0 0 -12.8557231 31.3982635 764.4960327 1
13.0 0 0 16 0 0 0 0 -12.8553981 31.396451 771.5250854 1
14.0 0 0 16 0 0 0 0 -12.8551179 31.3948887 775.3858032 1
15.0 0 0 16 0 0 0 0 -12.8548378 31.3933265 775.3961182 1
16.0 0 0 16 0 0 0 0 -12.8545576 31.3917643 779.7335815 1
17.0 0 0 16 0 0 0 0 -12.8617905 31.3967601 779.4042358 1
18.0 0 0 16 0 0 0 0 -12.860335 31.3970312 781.3837891 1
19.0 0 0 16 0 0 0 0 -12.8588795 31.3973023 774.2043457 1
20.0 0 0 16 0 0 0 0 -12.8574239 31.3975734 765.0180054 1
21.0 0 0 16 0 0 0 0 -12.8556455 31.3979046 765.7738647 1
22.0 0 0 16 0 0 0 0 -12.8543279 31.3981501 771.1074219 1
23.0 0 0 16 0 0 0 0 -12.8530102 31.3983955 778.8786011 1
24.0 0 0 16 0 0 0 0 -12.8516926 31.3986409 781.0054932 1
25.0 0 0 16 0 0 0 0 -12.8515968 31.3967857 774.2833252 1
26.0 0 0 16 0 0 0 0 -12.852838 31.3965545 769.3814697 1
27.0 0 0 16 0 0 0 0 -12.8540793 31.3963233 770.9866333 1
28.0 0 0 16 0 0 0 0 -12.8553205 31.3960921 772.1140137 1
29.0 0 0 16 0 0 0 0 -12.8570989 31.3957608 766.0 1
30.0 0 0 16 0 0 0 0 -12.8584635 31.3955067 773.9378662 1
31.0 0 0 16 0 0 0 0 -12.8598281 31.3952525 786.8321533 1
32.0 0 0 16 0 0 0 0 -12.8611927 31.3949983 785.5617065 1
32.0 0 0 20 0 0 0 0 -12.8611927 31.3949983 785.5617065 1
