QGC WPL 110
2.0 1 0 22 0 0 0 0 -12.9065433 31.4029298 30.0 1
3.0 0 0 16 0 0 0 0 -12.9065208 31.399244 30.0 1
4.0 0 0 16 0 0 0 0 -12.9064982 31.3955582 30.0 1
5.0 0 0 16 0 0 0 0 -12.9064756 31.3918724 30.0 1
6.0 0 0 16 0 0 0 0 -12.9064529 31.3881866 30.0 1
7.0 0 0 16 0 0 0 0 -12.9064339 31.3851103 30.0 1
8.0 0 0 16 0 0 0 0 -12.9041437 31.3802076 30.0 1
9.0 0 0 16 0 0 0 0 -12.9041475 31.3808296 30.0 1
10.0 0 0 16 0 0 0 0 -12.9041703 31.3845153 30.0 1
11.0 0 0 16 0 0 0 0 -12.9041931 31.3882011 30.0 1
12.0 0 0 16 0 0 0 0 -12.9042158 31.3918868 30.0 1
13.0 0 0 16 0 0 0 0 -12.9042384 31.3955726 30.0 1
14.0 0 0 16 0 0 0 0 -12.904261 31.3992584 30.0 1
15.0 0 0 16 0 0 0 0 -12.9042835 31.4029441 30.0 1
16.0 0 0 16 0 0 0 0 -12.9042983 31.4053703 30.0 1
17.0 0 0 16 0 0 0 0 -12.890696 31.3983461 30.0 1
18.0 0 0 16 0 0 0 0 -12.8906796 31.395659 30.0 1
19.0 0 0 16 0 0 0 0 -12.890657 31.3919734 30.0 1
20.0 0 0 16 0 0 0 0 -12.8906343 31.3882879 30.0 1
21.0 0 0 16 0 0 0 0 -12.8906116 31.3846023 30.0 1
22.0 0 0 16 0 0 0 0 -12.8905888 31.3809168 30.0 1
23.0 0 0 16 0 0 0 0 -12.890566 31.3772312 30.0 1
24.0 0 0 16 0 0 0 0 -12.8905431 31.3735457 30.0 1
25.0 0 0 16 0 0 0 0 -12.8905202 31.3698602 30.0 1
26.0 0 0 16 0 0 0 0 -12.8904975 31.3662303 30.0 1
27.0 0 0 16 0 0 0 0 -12.883671 31.382484 30.0 1
28.0 0 0 16 0 0 0 0 -12.8847325 31.3824772 30.0 1
29.0 0 0 16 0 0 0 0 -12.8883482 31.382454 30.0 1
30.0 0 0 16 0 0 0 0 -12.8919639 31.3824307 30.0 1
31.0 0 0 16 0 0 0 0 -12.8955795 31.3824075 30.0 1
32.0 0 0 16 0 0 0 0 -12.8991952 31.3823843 30.0 1
33.0 0 0 16 0 0 0 0 -12.9028108 31.382361 30.0 1
34.0 0 0 16 0 0 0 0 -12.9053828 31.3823445 30.0 1
35.0 0 0 16 0 0 0 0 -12.9028078 31.3768323 30.0 1
36.0 0 0 16 0 0 0 0 -12.9009844 31.376844 30.0 1
37.0 0 0 16 0 0 0 0 -12.8991609 31.3768558 30.0 1
38.0 0 0 16 0 0 0 0 -12.8955453 31.3768791 30.0 1
39.0 0 0 16 0 0 0 0 -12.8919296 31.3769024 30.0 1
40.0 0 0 16 0 0 0 0 -12.888314 31.3769257 30.0 1
41.0 0 0 16 0 0 0 0 -12.8846983 31.376949 30.0 1
42.0 0 0 16 0 0 0 0 -12.8813192 31.3769707 30.0 1
42.0 0 0 20 0 0 0 0 -12.8813192 31.3769707 30.0 1
