326896.8688824416 -1427340.2430872112 0.0000000000 3.0000000000 0.0000000000 180.0000000000 1.0000000000
326726.6204747638 -1427340.2430872112 0.0000000000 3.0000000000 1.0000000000 180.0000000000 1.0000000000
326326.6204747638 -1427340.2430872112 0.0000000000 3.0000000000 2.0000000000 180.0000000000 1.0000000000
325926.6204747638 -1427340.2430872112 0.0000000000 3.0000000000 3.0000000000 180.0000000000 1.0000000000
325526.6204747638 -1427340.2430872112 0.0000000000 3.0000000000 4.0000000000 180.0000000000 1.0000000000
325126.6204747638 -1427340.2430872112 0.0000000000 3.0000000000 5.0000000000 180.0000000000 1.0000000000
324907.8451224419 -1427340.2430872112 0.0000000000 3.0000000000 6.0000000000 180.0000000000 1.0000000000
324410.1863204421 -1427090.2430872112 0.0000000000 4.0000000000 7.0000000000 360.0000000000 1.0000000000
324726.6204747638 -1427090.2430872112 0.0000000000 4.0000000000 8.0000000000 0.0000000000 1.0000000000
325126.6204747638 -1427090.2430872112 0.0000000000 4.0000000000 9.0000000000 0.0000000000 1.0000000000
325526.6204747638 -1427090.2430872112 0.0000000000 4.0000000000 10.0000000000 0.0000000000 1.0000000000
325926.6204747638 -1427090.2430872112 0.0000000000 4.0000000000 11.0000000000 0.0000000000 1.0000000000
326326.6204747638 -1427090.2430872112 0.0000000000 4.0000000000 12.0000000000 0.0000000000 1.0000000000
326726.6204747638 -1427090.2430872112 0.0000000000 4.0000000000 13.0000000000 0.0000000000 1.0000000000
326989.9178887460 -1427090.2430872112 0.0000000000 4.0000000000 14.0000000000 0.0000000000 1.0000000000
326218.2584245934 -1425590.2430872112 0.0000000000 10.0000000000 15.0000000000 0.0000000000 1.0000000000
325926.6204747638 -1425590.2430872112 0.0000000000 10.0000000000 16.0000000000 0.0000000000 1.0000000000
325526.6204747638 -1425590.2430872112 0.0000000000 10.0000000000 17.0000000000 0.0000000000 1.0000000000
325126.6204747638 -1425590.2430872112 0.0000000000 10.0000000000 18.0000000000 0.0000000000 1.0000000000
324726.6204747638 -1425590.2430872112 0.0000000000 10.0000000000 19.0000000000 0.0000000000 1.0000000000
324326.6204747638 -1425590.2430872112 0.0000000000 10.0000000000 20.0000000000 0.0000000000 1.0000000000
323926.6204747638 -1425590.2430872112 0.0000000000 10.0000000000 21.0000000000 0.0000000000 1.0000000000
323526.6204747638 -1425590.2430872112 0.0000000000 10.0000000000 22.0000000000 0.0000000000 1.0000000000
323126.6204747638 -1425590.2430872112 0.0000000000 10.0000000000 23.0000000000 0.0000000000 1.0000000000
322804.6484405788 -1425590.2430872112 0.0000000000 10.0000000000 24.0000000000 360.0000000000 1.0000000000
324491.8848643560 -1424823.8855300944 0.0000000000 4.0000000000 25.0000000000 270.0000000000 1.0000000000
324491.8848643560 -1424941.3246733272 0.0000000000 4.0000000000 26.0000000000 270.0000000000 1.0000000000
324491.8848643560 -1425341.3246733272 0.0000000000 4.0000000000 27.0000000000 270.0000000000 1.0000000000
324491.8848643560 -1425741.3246733272 0.0000000000 4.0000000000 28.0000000000 270.0000000000 1.0000000000
324491.8848643560 -1426141.3246733272 0.0000000000 4.0000000000 29.0000000000 270.0000000000 1.0000000000
324491.8848643560 -1426541.3246733272 0.0000000000 4.0000000000 30.0000000000 270.0000000000 1.0000000000
324491.8848643560 -1426941.3246733272 0.0000000000 4.0000000000 31.0000000000 270.0000000000 1.0000000000
324491.8848643560 -1427225.8631850989 0.0000000000 4.0000000000 32.0000000000 -90.0000000000 1.0000000000
323891.8848643560 -1426944.7771698544 0.0000000000 5.0000000000 33.0000000000 90.0000000000 1.0000000000
323891.8848643560 -1426743.0509215910 0.0000000000 5.0000000000 34.0000000000 90.0000000000 1.0000000000
323891.8848643560 -1426541.3246733272 0.0000000000 5.0000000000 35.0000000000 90.0000000000 1.0000000000
323891.8848643560 -1426141.3246733272 0.0000000000 5.0000000000 36.0000000000 90.0000000000 1.0000000000
323891.8848643560 -1425741.3246733272 0.0000000000 5.0000000000 37.0000000000 90.0000000000 1.0000000000
323891.8848643560 -1425341.3246733272 0.0000000000 5.0000000000 38.0000000000 90.0000000000 1.0000000000
323891.8848643560 -1424941.3246733272 0.0000000000 5.0000000000 39.0000000000 90.0000000000 1.0000000000
323891.8848643560 -1424567.4900914731 0.0000000000 5.0000000000 40.0000000000 90.0000000000 1.0000000000
