31.4044986000 -12.9065529000 30.0000000000 10.0000000000 0.0000000000 3.0000000000
31.4029298000 -12.9065433000 30.0000000000 10.0000000000 1.0000000000 3.0000000000
31.3992440000 -12.9065208000 30.0000000000 10.0000000000 2.0000000000 3.0000000000
31.3955582000 -12.9064982000 30.0000000000 10.0000000000 3.0000000000 3.0000000000
31.3918724000 -12.9064756000 30.0000000000 10.0000000000 4.0000000000 3.0000000000
31.3881866000 -12.9064529000 30.0000000000 10.0000000000 5.0000000000 3.0000000000
31.3851103000 -12.9064339000 30.0000000000 10.0000000000 6.0000000000 3.0000000000
31.3802076000 -12.9041437000 30.0000000000 10.0000000000 7.0000000000 4.0000000000
31.3808296000 -12.9041475000 30.0000000000 10.0000000000 8.0000000000 4.0000000000
31.3845153000 -12.9041703000 30.0000000000 10.0000000000 9.0000000000 4.0000000000
31.3882011000 -12.9041931000 30.0000000000 10.0000000000 10.0000000000 4.0000000000
31.3918868000 -12.9042158000 30.0000000000 10.0000000000 11.0000000000 4.0000000000
31.3955726000 -12.9042384000 30.0000000000 10.0000000000 12.0000000000 4.0000000000
31.3992584000 -12.9042610000 30.0000000000 10.0000000000 13.0000000000 4.0000000000
31.4029441000 -12.9042835000 30.0000000000 10.0000000000 14.0000000000 4.0000000000
31.4053703000 -12.9042983000 30.0000000000 10.0000000000 15.0000000000 4.0000000000
31.3983461000 -12.8906960000 30.0000000000 10.0000000000 16.0000000000 10.0000000000
31.3956590000 -12.8906796000 30.0000000000 10.0000000000 17.0000000000 10.0000000000
31.3919734000 -12.8906570000 30.0000000000 10.0000000000 18.0000000000 10.0000000000
31.3882879000 -12.8906343000 30.0000000000 10.0000000000 19.0000000000 10.0000000000
31.3846023000 -12.8906116000 30.0000000000 10.0000000000 20.0000000000 10.0000000000
31.3809168000 -12.8905888000 30.0000000000 10.0000000000 21.0000000000 10.0000000000
31.3772312000 -12.8905660000 30.0000000000 10.0000000000 22.0000000000 10.0000000000
31.3735457000 -12.8905431000 30.0000000000 10.0000000000 23.0000000000 10.0000000000
31.3698602000 -12.8905202000 30.0000000000 10.0000000000 24.0000000000 10.0000000000
31.3662303000 -12.8904975000 30.0000000000 10.0000000000 25.0000000000 10.0000000000
31.3824840000 -12.8836710000 30.0000000000 10.0000000000 26.0000000000 4.0000000000
31.3824772000 -12.8847325000 30.0000000000 10.0000000000 27.0000000000 4.0000000000
31.3824540000 -12.8883482000 30.0000000000 10.0000000000 28.0000000000 4.0000000000
31.3824307000 -12.8919639000 30.0000000000 10.0000000000 29.0000000000 4.0000000000
31.3824075000 -12.8955795000 30.0000000000 10.0000000000 30.0000000000 4.0000000000
31.3823843000 -12.8991952000 30.0000000000 10.0000000000 31.0000000000 4.0000000000
31.3823610000 -12.9028108000 30.0000000000 10.0000000000 32.0000000000 4.0000000000
31.3823445000 -12.9053828000 30.0000000000 10.0000000000 33.0000000000 4.0000000000
31.3768323000 -12.9028078000 30.0000000000 10.0000000000 34.0000000000 5.0000000000
31.3768440000 -12.9009844000 30.0000000000 10.0000000000 35.0000000000 5.0000000000
31.3768558000 -12.8991609000 30.0000000000 10.0000000000 36.0000000000 5.0000000000
31.3768791000 -12.8955453000 30.0000000000 10.0000000000 37.0000000000 5.0000000000
31.3769024000 -12.8919296000 30.0000000000 10.0000000000 38.0000000000 5.0000000000
31.3769257000 -12.8883140000 30.0000000000 10.0000000000 39.0000000000 5.0000000000
31.3769490000 -12.8846983000 30.0000000000 10.0000000000 40.0000000000 5.0000000000
31.3769707000 -12.8813192000 30.0000000000 10.0000000000 41.0000000000 5.0000000000
