217061.9261373767 3315915.4191794805 0.0000000000 1.0000000000 0.0000000000 -90.0000000000 1.0000000000
217061.9261373767 3315730.8727529645 0.0000000000 1.0000000000 1.0000000000 -90.0000000000 1.0000000000
217061.9261373767 3315546.3263264480 0.0000000000 1.0000000000 2.0000000000 -90.0000000000 1.0000000000
217061.9261373767 3315246.3263264480 0.0000000000 1.0000000000 3.0000000000 -90.0000000000 1.0000000000
217061.9261373767 3314946.3263264480 0.0000000000 1.0000000000 4.0000000000 -90.0000000000 1.0000000000
217061.9261373767 3314646.3263264480 0.0000000000 1.0000000000 5.0000000000 -90.0000000000 1.0000000000
217061.9261373767 3314346.3263264480 0.0000000000 1.0000000000 6.0000000000 -90.0000000000 1.0000000000
217061.9261373767 3314046.3263264480 0.0000000000 1.0000000000 7.0000000000 -90.0000000000 1.0000000000
217061.9261373767 3313746.3263264480 0.0000000000 1.0000000000 8.0000000000 -90.0000000000 1.0000000000
217061.9261373767 3313573.2547498294 0.0000000000 1.0000000000 9.0000000000 -90.0000000000 1.0000000000
217061.9261373767 3313400.1831732108 0.0000000000 1.0000000000 10.0000000000 -90.0000000000 1.0000000000
217161.9261373767 3313418.3472225517 0.0000000000 2.0000000000 11.0000000000 90.0000000000 1.0000000000
217161.9261373767 3313582.3367745001 0.0000000000 2.0000000000 12.0000000000 90.0000000000 1.0000000000
217161.9261373767 3313746.3263264480 0.0000000000 2.0000000000 13.0000000000 90.0000000000 1.0000000000
217161.9261373767 3314046.3263264480 0.0000000000 2.0000000000 14.0000000000 90.0000000000 1.0000000000
217161.9261373767 3314346.3263264480 0.0000000000 2.0000000000 15.0000000000 90.0000000000 1.0000000000
217161.9261373767 3314646.3263264480 0.0000000000 2.0000000000 16.0000000000 90.0000000000 1.0000000000
217161.9261373767 3314946.3263264480 0.0000000000 2.0000000000 17.0000000000 90.0000000000 1.0000000000
217161.9261373767 3315246.3263264480 0.0000000000 2.0000000000 18.0000000000 90.0000000000 1.0000000000
217161.9261373767 3315546.3263264480 0.0000000000 2.0000000000 19.0000000000 90.0000000000 1.0000000000
217161.9261373767 3315736.9474350312 0.0000000000 2.0000000000 20.0000000000 -270.0000000000 1.0000000000
217161.9261373767 3315927.5685436144 0.0000000000 2.0000000000 21.0000000000 -270.0000000000 1.0000000000
217261.9261373767 3315939.7179077487 0.0000000000 3.0000000000 22.0000000000 -90.0000000000 1.0000000000
217261.9261373767 3315743.0221170983 0.0000000000 3.0000000000 23.0000000000 -90.0000000000 1.0000000000
217261.9261373767 3315546.3263264480 0.0000000000 3.0000000000 24.0000000000 -90.0000000000 1.0000000000
217261.9261373767 3315246.3263264480 0.0000000000 3.0000000000 25.0000000000 -90.0000000000 1.0000000000
217261.9261373767 3314946.3263264480 0.0000000000 3.0000000000 26.0000000000 -90.0000000000 1.0000000000
217261.9261373767 3314646.3263264480 0.0000000000 3.0000000000 27.0000000000 -90.0000000000 1.0000000000
217261.9261373767 3314346.3263264480 0.0000000000 3.0000000000 28.0000000000 -90.0000000000 1.0000000000
217261.9261373767 3314046.3263264480 0.0000000000 3.0000000000 29.0000000000 -90.0000000000 1.0000000000
217261.9261373767 3313746.3263264480 0.0000000000 3.0000000000 30.0000000000 -90.0000000000 1.0000000000
217261.9261373767 3313591.4187991708 0.0000000000 3.0000000000 31.0000000000 -90.0000000000 1.0000000000
217261.9261373767 3313436.5112718930 0.0000000000 3.0000000000 32.0000000000 -90.0000000000 1.0000000000
217361.9261373767 3313454.6753212349 0.0000000000 4.0000000000 33.0000000000 90.0000000000 1.0000000000
217361.9261373767 3313746.3263264480 0.0000000000 4.0000000000 34.0000000000 90.0000000000 1.0000000000
217361.9261373767 3314046.3263264480 0.0000000000 4.0000000000 35.0000000000 90.0000000000 1.0000000000
217361.9261373767 3314346.3263264480 0.0000000000 4.0000000000 36.0000000000 90.0000000000 1.0000000000
217361.9261373767 3314646.3263264480 0.0000000000 4.0000000000 37.0000000000 90.0000000000 1.0000000000
217361.9261373767 3314946.3263264480 0.0000000000 4.0000000000 38.0000000000 90.0000000000 1.0000000000
217361.9261373767 3315246.3263264480 0.0000000000 4.0000000000 39.0000000000 90.0000000000 1.0000000000
217361.9261373767 3315546.3263264480 0.0000000000 4.0000000000 40.0000000000 90.0000000000 1.0000000000
217361.9261373767 3315846.3263264480 0.0000000000 4.0000000000 41.0000000000 90.0000000000 1.0000000000
217361.9261373767 3315951.8672718825 0.0000000000 4.0000000000 42.0000000000 -270.0000000000 1.0000000000
217686.8746683419 3314202.1807316840 0.0000000000 3.0000000000 43.0000000000 180.0000000000 1.0000000000
217493.3556901996 3314202.1807316840 0.0000000000 3.0000000000 44.0000000000 180.0000000000 1.0000000000
217299.8367120573 3314202.1807316840 0.0000000000 3.0000000000 45.0000000000 180.0000000000 1.0000000000
217123.5058134224 3314202.1807316840 0.0000000000 3.0000000000 46.0000000000 180.0000000000 1.0000000000
216947.1749147875 3314202.1807316840 0.0000000000 3.0000000000 47.0000000000 180.0000000000 1.0000000000
216946.8158403656 3314502.1807316840 0.0000000000 4.0000000000 48.0000000000 360.0000000000 1.0000000000
217123.3262762114 3314502.1807316840 0.0000000000 4.0000000000 49.0000000000 360.0000000000 1.0000000000
217299.8367120573 3314502.1807316840 0.0000000000 4.0000000000 50.0000000000 0.0000000000 1.0000000000
217487.7744997866 3314502.1807316840 0.0000000000 4.0000000000 51.0000000000 0.0000000000 1.0000000000
217675.7122875159 3314502.1807316840 0.0000000000 4.0000000000 52.0000000000 0.0000000000 1.0000000000
