31.3643478 -12.9480028 20.0000000 10.0000000 0.0000000 1.0000000
31.3639600 -12.9484502 20.0000000 10.0000000 1.0000000 1.0000000
31.3632437 -12.9492767 20.0000000 10.0000000 2.0000000 1.0000000
31.3627267 -12.9498731 20.0000000 10.0000000 3.0000000 1.0000000
31.3635199 -12.9503536 20.0000000 10.0000000 4.0000000 2.0000000
31.3639459 -12.9498621 20.0000000 10.0000000 5.0000000 2.0000000
31.3646622 -12.9490357 20.0000000 10.0000000 6.0000000 2.0000000
31.3650220 -12.9486205 20.0000000 10.0000000 7.0000000 2.0000000
31.3653819 -12.9482052 20.0000000 10.0000000 8.0000000 2.0000000
31.3662937 -12.9485488 20.0000000 10.0000000 9.0000000 3.0000000
31.3658290 -12.9490850 20.0000000 10.0000000 10.0000000 3.0000000
31.3653644 -12.9496211 20.0000000 10.0000000 11.0000000 3.0000000
31.3646481 -12.9504476 20.0000000 10.0000000 12.0000000 3.0000000
31.3643131 -12.9508341 20.0000000 10.0000000 13.0000000 3.0000000
31.3655044 -12.9508552 20.0000000 10.0000000 14.0000000 4.0000000
31.3660666 -12.9502066 20.0000000 10.0000000 15.0000000 4.0000000
31.3667828 -12.9493801 20.0000000 10.0000000 16.0000000 4.0000000
31.3672055 -12.9488924 20.0000000 10.0000000 17.0000000 4.0000000
31.3681173 -12.9492360 20.0000000 10.0000000 18.0000000 5.0000000
31.3674850 -12.9499656 20.0000000 10.0000000 19.0000000 5.0000000
31.3668149 -12.9507388 20.0000000 10.0000000 20.0000000 5.0000000
