322568.9660830905 -1431953.1410241951 0.0000000000 1.0000000000 0.0000000000 -130.0000000000 2.0000000000
322527.2026329610 -1432002.9127659260 0.0000000000 1.0000000000 1.0000000000 -130.0000000000 2.0000000000
322450.0681197986 -1432094.8380991004 0.0000000000 1.0000000000 2.0000000000 -130.0000000000 2.0000000000
322394.4006941851 -1432161.1799535658 0.0000000000 1.0000000000 3.0000000000 -130.0000000000 2.0000000000
322480.8040581423 -1432213.7808168430 0.0000000000 2.0000000000 4.0000000000 50.0000000000 2.0000000000
322526.6725641104 -1432159.1168600686 0.0000000000 2.0000000000 5.0000000000 50.0000000000 2.0000000000
322603.8070772728 -1432067.1915268947 0.0000000000 2.0000000000 6.0000000000 50.0000000000 2.0000000000
322642.5607597572 -1432021.0066865676 0.0000000000 2.0000000000 7.0000000000 -310.0000000000 2.0000000000
322681.3144422417 -1431974.8218462404 0.0000000000 2.0000000000 8.0000000000 -310.0000000000 2.0000000000
322780.4904125922 -1432012.2009099622 0.0000000000 3.0000000000 9.0000000000 -130.0000000000 2.0000000000
322730.4509670885 -1432071.8355989128 0.0000000000 3.0000000000 10.0000000000 -130.0000000000 2.0000000000
322680.4115215848 -1432131.4702878634 0.0000000000 3.0000000000 11.0000000000 -130.0000000000 2.0000000000
322603.2770084224 -1432223.3956210376 0.0000000000 3.0000000000 12.0000000000 -130.0000000000 2.0000000000
322567.2074220999 -1432266.3816801207 0.0000000000 3.0000000000 13.0000000000 -130.0000000000 2.0000000000
322696.4801294713 -1432267.8928493725 0.0000000000 4.0000000000 14.0000000000 50.0000000000 2.0000000000
322757.0159658966 -1432195.7490488319 0.0000000000 4.0000000000 15.0000000000 50.0000000000 2.0000000000
322834.1504790590 -1432103.8237156582 0.0000000000 4.0000000000 16.0000000000 50.0000000000 2.0000000000
322879.6663829429 -1432049.5799736844 0.0000000000 4.0000000000 17.0000000000 -310.0000000000 2.0000000000
322978.8423532933 -1432086.9590374059 0.0000000000 5.0000000000 18.0000000000 -130.0000000000 2.0000000000
322910.7549233708 -1432168.1024766266 0.0000000000 5.0000000000 19.0000000000 -130.0000000000 2.0000000000
322838.5908476869 -1432254.1042730792 0.0000000000 5.0000000000 20.0000000000 -130.0000000000 2.0000000000
