66.0722694000 29.9282099000 1200.0136719000 152.7032318000 0.0000000000 1.0000000000
66.0722137000 29.9301126000 1200.6037598000 152.7032318000 1.0000000000 1.0000000000
66.0721344000 29.9328165000 1198.9392090000 152.7032318000 2.0000000000 1.0000000000
66.0720552000 29.9355204000 1189.9482422000 152.7032318000 3.0000000000 1.0000000000
66.0719760000 29.9382242000 1198.9833984000 152.7032318000 4.0000000000 1.0000000000
66.0718967000 29.9409281000 1185.5428467000 152.7032318000 5.0000000000 1.0000000000
66.0718442000 29.9427179000 1178.7576904000 152.7032318000 6.0000000000 1.0000000000
66.0717918000 29.9445077000 1169.2548828000 152.7032318000 7.0000000000 1.0000000000
66.0728925000 29.9422856000 1182.7751465000 152.7032318000 8.0000000000 2.0000000000
66.0729316000 29.9409511000 1193.1507568000 152.7032318000 9.0000000000 2.0000000000
66.0730108000 29.9382472000 1198.8657227000 152.7032318000 10.0000000000 2.0000000000
66.0730900000 29.9355434000 1195.2546387000 152.7032318000 11.0000000000 2.0000000000
66.0731692000 29.9328395000 1203.8918457000 152.7032318000 12.0000000000 2.0000000000
66.0732484000 29.9301356000 1206.7500000000 152.7032318000 13.0000000000 2.0000000000
66.0732973000 29.9284653000 1207.2882080000 152.7032318000 14.0000000000 2.0000000000
66.0760824000 29.9207816000 30.0000000000 10.0000000000 15.0000000000 1.0000000000
66.0749508000 29.9207565000 30.0000000000 10.0000000000 16.0000000000 1.0000000000
66.0718469000 29.9206876000 30.0000000000 10.0000000000 17.0000000000 1.0000000000
66.0700262000 29.9206471000 30.0000000000 10.0000000000 18.0000000000 1.0000000000
66.0682055000 29.9206066000 30.0000000000 10.0000000000 19.0000000000 1.0000000000
66.0681225000 29.9233104000 30.0000000000 10.0000000000 20.0000000000 2.0000000000
66.0699451000 29.9233509000 30.0000000000 10.0000000000 21.0000000000 2.0000000000
66.0717677000 29.9233914000 30.0000000000 10.0000000000 22.0000000000 2.0000000000
66.0738277000 29.9234372000 30.0000000000 10.0000000000 23.0000000000 2.0000000000
66.0758878000 29.9234830000 30.0000000000 10.0000000000 24.0000000000 2.0000000000
66.0756932000 29.9261843000 30.0000000000 10.0000000000 25.0000000000 3.0000000000
66.0736908000 29.9261398000 30.0000000000 10.0000000000 26.0000000000 3.0000000000
66.0716885000 29.9260953000 30.0000000000 10.0000000000 27.0000000000 3.0000000000
66.0698640000 29.9260547000 30.0000000000 10.0000000000 28.0000000000 3.0000000000
66.0680395000 29.9260141000 30.0000000000 10.0000000000 29.0000000000 3.0000000000
66.0679564000 29.9287179000 30.0000000000 10.0000000000 30.0000000000 4.0000000000
66.0697828000 29.9287586000 30.0000000000 10.0000000000 31.0000000000 4.0000000000
66.0716092000 29.9287992000 30.0000000000 10.0000000000 32.0000000000 4.0000000000
66.0735539000 29.9288424000 30.0000000000 10.0000000000 33.0000000000 4.0000000000
66.0754986000 29.9288856000 30.0000000000 10.0000000000 34.0000000000 4.0000000000
