QGC WPL 110
2.0 1 0 22 0 0 0 0 29.9301126 66.0722137 1200.6037598 1
3.0 0 0 16 0 0 0 0 29.9328165 66.0721344 1198.939209 1
4.0 0 0 16 0 0 0 0 29.9355204 66.0720552 1189.9482422 1
5.0 0 0 16 0 0 0 0 29.9382242 66.071976 1198.9833984 1
6.0 0 0 16 0 0 0 0 29.9409281 66.0718967 1185.5428467 1
7.0 0 0 16 0 0 0 0 29.9427179 66.0718442 1178.7576904 1
8.0 0 0 16 0 0 0 0 29.9445077 66.0717918 1169.2548828 1
9.0 0 0 16 0 0 0 0 29.9422856 66.0728925 1182.7751465 1
10.0 0 0 16 0 0 0 0 29.9409511 66.0729316 1193.1507568 1
11.0 0 0 16 0 0 0 0 29.9382472 66.0730108 1198.8657227 1
12.0 0 0 16 0 0 0 0 29.9355434 66.07309 1195.2546387 1
13.0 0 0 16 0 0 0 0 29.9328395 66.0731692 1203.8918457 1
14.0 0 0 16 0 0 0 0 29.9301356 66.0732484 1206.75 1
15.0 0 0 16 0 0 0 0 29.9284653 66.0732973 1207.288208 1
16.0 0 0 16 0 0 0 0 29.9207816 66.0760824 30.0 1
17.0 0 0 16 0 0 0 0 29.9207565 66.0749508 30.0 1
18.0 0 0 16 0 0 0 0 29.9206876 66.0718469 30.0 1
19.0 0 0 16 0 0 0 0 29.9206471 66.0700262 30.0 1
20.0 0 0 16 0 0 0 0 29.9206066 66.0682055 30.0 1
21.0 0 0 16 0 0 0 0 29.9233104 66.0681225 30.0 1
22.0 0 0 16 0 0 0 0 29.9233509 66.0699451 30.0 1
23.0 0 0 16 0 0 0 0 29.9233914 66.0717677 30.0 1
24.0 0 0 16 0 0 0 0 29.9234372 66.0738277 30.0 1
25.0 0 0 16 0 0 0 0 29.923483 66.0758878 30.0 1
26.0 0 0 16 0 0 0 0 29.9261843 66.0756932 30.0 1
27.0 0 0 16 0 0 0 0 29.9261398 66.0736908 30.0 1
28.0 0 0 16 0 0 0 0 29.9260953 66.0716885 30.0 1
29.0 0 0 16 0 0 0 0 29.9260547 66.069864 30.0 1
30.0 0 0 16 0 0 0 0 29.9260141 66.0680395 30.0 1
31.0 0 0 16 0 0 0 0 29.9287179 66.0679564 30.0 1
32.0 0 0 16 0 0 0 0 29.9287586 66.0697828 30.0 1
33.0 0 0 16 0 0 0 0 29.9287992 66.0716092 30.0 1
34.0 0 0 16 0 0 0 0 29.9288424 66.0735539 30.0 1
35.0 0 0 16 0 0 0 0 29.9288856 66.0754986 30.0 1
35.0 0 0 20 0 0 0 0 29.9288856 66.0754986 30.0 1
