217361.9261373767 3314435.2145641325 0.0000000000 1.0000000000 0.0000000000 90.0000000000 1.0000000000
217361.9261373767 3314646.3263264480 0.0000000000 1.0000000000 1.0000000000 90.0000000000 1.0000000000
217361.9261373767 3314946.3263264480 0.0000000000 1.0000000000 2.0000000000 90.0000000000 1.0000000000
217361.9261373767 3315246.3263264480 0.0000000000 1.0000000000 3.0000000000 90.0000000000 1.0000000000
217361.9261373767 3315546.3263264480 0.0000000000 1.0000000000 4.0000000000 90.0000000000 1.0000000000
217361.9261373767 3315846.3263264480 0.0000000000 1.0000000000 5.0000000000 90.0000000000 1.0000000000
217361.9261373767 3316044.9117213837 0.0000000000 1.0000000000 6.0000000000 90.0000000000 1.0000000000
217361.9261373767 3316243.4971163198 0.0000000000 1.0000000000 7.0000000000 90.0000000000 1.0000000000
217461.9261373767 3315994.3901539263 0.0000000000 2.0000000000 8.0000000000 270.0000000000 1.0000000000
217461.9261373767 3315846.3263264480 0.0000000000 2.0000000000 9.0000000000 -90.0000000000 1.0000000000
217461.9261373767 3315546.3263264480 0.0000000000 2.0000000000 10.0000000000 -90.0000000000 1.0000000000
217461.9261373767 3315246.3263264480 0.0000000000 2.0000000000 11.0000000000 -90.0000000000 1.0000000000
217461.9261373767 3314946.3263264480 0.0000000000 2.0000000000 12.0000000000 -90.0000000000 1.0000000000
217461.9261373767 3314646.3263264480 0.0000000000 2.0000000000 13.0000000000 -90.0000000000 1.0000000000
217461.9261373767 3314461.0040119267 0.0000000000 2.0000000000 14.0000000000 270.0000000000 1.0000000000
217299.8367120573 3314802.1807316840 0.0000000000 1.0000000000 15.0000000000 180.0000000000 1.0000000000
