-120.1831332000 50.1528506000 943.2623291000 38.1758080000 0.0000000000 1.0000000000
-120.1831301000 50.1535366000 944.2510986000 38.1758080000 1.0000000000 1.0000000000
-120.1831271000 50.1542226000 947.2644653000 38.1758080000 2.0000000000 1.0000000000
-120.1831221000 50.1553462000 953.3323975000 38.1758080000 3.0000000000 1.0000000000
-120.1831171000 50.1564699000 936.4037476000 38.1758080000 4.0000000000 1.0000000000
-120.1831121000 50.1575935000 931.4678955000 38.1758080000 5.0000000000 1.0000000000
-120.1831071000 50.1587172000 925.2941895000 38.1758080000 6.0000000000 1.0000000000
-120.1831021000 50.1598409000 915.8587646000 38.1758080000 7.0000000000 1.0000000000
-120.1830971000 50.1609645000 918.4303589000 38.1758080000 8.0000000000 1.0000000000
-120.1830921000 50.1620882000 926.4307861000 38.1758080000 9.0000000000 1.0000000000
-120.1830871000 50.1632119000 923.6750488000 38.1758080000 10.0000000000 1.0000000000
-120.1830821000 50.1643355000 912.1303101000 38.1758080000 11.0000000000 1.0000000000
-120.1830771000 50.1654592000 899.8543091000 38.1758080000 12.0000000000 1.0000000000
-120.1830721000 50.1665828000 893.5264282000 38.1758080000 13.0000000000 1.0000000000
-120.1830671000 50.1677065000 898.9920654000 38.1758080000 14.0000000000 1.0000000000
-120.1830621000 50.1688302000 904.0744019000 38.1758080000 15.0000000000 1.0000000000
-120.1830571000 50.1699538000 925.6641235000 38.1758080000 16.0000000000 1.0000000000
-120.1830521000 50.1710775000 958.8095093000 38.1758080000 17.0000000000 1.0000000000
-120.1830487000 50.1718495000 955.5533447000 38.1758080000 18.0000000000 1.0000000000
-120.1816490000 50.1718496000 944.6235352000 38.1758080000 19.0000000000 2.0000000000
-120.1816525000 50.1710749000 955.6578979000 38.1758080000 20.0000000000 2.0000000000
-120.1816575000 50.1699512000 943.4464111000 38.1758080000 21.0000000000 2.0000000000
-120.1816626000 50.1688276000 921.5848999000 38.1758080000 22.0000000000 2.0000000000
-120.1816676000 50.1677039000 903.2144165000 38.1758080000 23.0000000000 2.0000000000
-120.1816727000 50.1665803000 897.5019531000 38.1758080000 24.0000000000 2.0000000000
-120.1816777000 50.1654566000 903.9846191000 38.1758080000 25.0000000000 2.0000000000
-120.1816827000 50.1643329000 907.5991821000 38.1758080000 26.0000000000 2.0000000000
-120.1816878000 50.1632093000 915.0513916000 38.1758080000 27.0000000000 2.0000000000
-120.1816928000 50.1620856000 921.7756348000 38.1758080000 28.0000000000 2.0000000000
-120.1816978000 50.1609620000 928.2927856000 38.1758080000 29.0000000000 2.0000000000
-120.1817028000 50.1598383000 926.8375244000 38.1758080000 30.0000000000 2.0000000000
-120.1817079000 50.1587146000 930.1173706000 38.1758080000 31.0000000000 2.0000000000
-120.1817129000 50.1575910000 934.8549805000 38.1758080000 32.0000000000 2.0000000000
-120.1817179000 50.1564673000 933.1522217000 38.1758080000 33.0000000000 2.0000000000
-120.1817230000 50.1553436000 947.1727295000 38.1758080000 34.0000000000 2.0000000000
-120.1817280000 50.1542200000 940.0000000000 38.1758080000 35.0000000000 2.0000000000
-120.1817310000 50.1535353000 942.8304443000 38.1758080000 36.0000000000 2.0000000000
-120.1817341000 50.1528506000 943.0000000000 38.1758080000 37.0000000000 2.0000000000
-120.1803350000 50.1528507000 939.0000000000 38.1758080000 38.0000000000 3.0000000000
-120.1803319000 50.1535340000 939.1762695000 38.1758080000 39.0000000000 3.0000000000
-120.1803289000 50.1542174000 938.7438354000 38.1758080000 40.0000000000 3.0000000000
-120.1803238000 50.1553411000 935.0905762000 38.1758080000 41.0000000000 3.0000000000
-120.1803187000 50.1564647000 932.5841064000 38.1758080000 42.0000000000 3.0000000000
-120.1803137000 50.1575884000 936.0700073000 38.1758080000 43.0000000000 3.0000000000
-120.1803086000 50.1587120000 933.3516846000 38.1758080000 44.0000000000 3.0000000000
-120.1803036000 50.1598357000 925.7895508000 38.1758080000 45.0000000000 3.0000000000
-120.1802985000 50.1609594000 926.7814941000 38.1758080000 46.0000000000 3.0000000000
-120.1802934000 50.1620830000 932.4089966000 38.1758080000 47.0000000000 3.0000000000
-120.1802884000 50.1632067000 938.0911865000 38.1758080000 48.0000000000 3.0000000000
-120.1802833000 50.1643303000 923.9564209000 38.1758080000 49.0000000000 3.0000000000
-120.1802782000 50.1654540000 906.2286987000 38.1758080000 50.0000000000 3.0000000000
-120.1802732000 50.1665777000 902.0836182000 38.1758080000 51.0000000000 3.0000000000
-120.1802681000 50.1677013000 907.1262817000 38.1758080000 52.0000000000 3.0000000000
-120.1802630000 50.1688250000 930.3515625000 38.1758080000 53.0000000000 3.0000000000
-120.1802580000 50.1699486000 952.0779419000 38.1758080000 54.0000000000 3.0000000000
-120.1802529000 50.1710723000 978.4044800000 38.1758080000 55.0000000000 3.0000000000
-120.1802494000 50.1718496000 969.9088745000 38.1758080000 56.0000000000 3.0000000000
-120.1788497000 50.1718497000 975.1817017000 38.1758080000 57.0000000000 4.0000000000
-120.1788533000 50.1710697000 991.7892456000 38.1758080000 58.0000000000 4.0000000000
-120.1788584000 50.1699460000 963.8773804000 38.1758080000 59.0000000000 4.0000000000
-120.1788635000 50.1688224000 924.3731079000 38.1758080000 60.0000000000 4.0000000000
-120.1788686000 50.1676987000 907.0268555000 38.1758080000 61.0000000000 4.0000000000
-120.1788737000 50.1665750000 903.0000000000 38.1758080000 62.0000000000 4.0000000000
-120.1788788000 50.1654514000 908.1107178000 38.1758080000 63.0000000000 4.0000000000
-120.1788839000 50.1643277000 924.8314819000 38.1758080000 64.0000000000 4.0000000000
-120.1788890000 50.1632041000 937.2767334000 38.1758080000 65.0000000000 4.0000000000
-120.1788941000 50.1620804000 944.6425781000 38.1758080000 66.0000000000 4.0000000000
-120.1788992000 50.1609567000 937.4685669000 38.1758080000 67.0000000000 4.0000000000
-120.1789043000 50.1598331000 928.3466797000 38.1758080000 68.0000000000 4.0000000000
-120.1789094000 50.1587094000 922.1911621000 38.1758080000 69.0000000000 4.0000000000
-120.1789145000 50.1575858000 925.8379517000 38.1758080000 70.0000000000 4.0000000000
-120.1789196000 50.1564621000 931.9486084000 38.1758080000 71.0000000000 4.0000000000
-120.1789246000 50.1553384000 930.0226440000 38.1758080000 72.0000000000 4.0000000000
-120.1789297000 50.1542148000 930.5185547000 38.1758080000 73.0000000000 4.0000000000
-120.1789328000 50.1535328000 933.4829102000 38.1758080000 74.0000000000 4.0000000000
-120.1789359000 50.1528507000 937.8294067000 38.1758080000 75.0000000000 4.0000000000
-120.1775368000 50.1528507000 955.6815796000 38.1758080000 76.0000000000 5.0000000000
-120.1775337000 50.1535315000 953.7523193000 38.1758080000 77.0000000000 5.0000000000
-120.1775306000 50.1542122000 943.5471802000 38.1758080000 78.0000000000 5.0000000000
-120.1775255000 50.1553358000 923.1645508000 38.1758080000 79.0000000000 5.0000000000
-120.1775204000 50.1564595000 923.0700684000 38.1758080000 80.0000000000 5.0000000000
-120.1775152000 50.1575831000 928.5405273000 38.1758080000 81.0000000000 5.0000000000
-120.1775101000 50.1587068000 930.7381592000 38.1758080000 82.0000000000 5.0000000000
-120.1775050000 50.1598305000 933.1910400000 38.1758080000 83.0000000000 5.0000000000
-120.1774999000 50.1609541000 938.4998169000 38.1758080000 84.0000000000 5.0000000000
-120.1774947000 50.1620778000 938.6484985000 38.1758080000 85.0000000000 5.0000000000
-120.1774896000 50.1632014000 933.7901611000 38.1758080000 86.0000000000 5.0000000000
-120.1774845000 50.1643251000 924.8403320000 38.1758080000 87.0000000000 5.0000000000
-120.1774793000 50.1654488000 906.1247559000 38.1758080000 88.0000000000 5.0000000000
-120.1774742000 50.1665724000 902.4657593000 38.1758080000 89.0000000000 5.0000000000
-120.1774691000 50.1676961000 907.0000000000 38.1758080000 90.0000000000 5.0000000000
-120.1774639000 50.1688197000 918.4322510000 38.1758080000 91.0000000000 5.0000000000
-120.1774588000 50.1699434000 960.4124146000 38.1758080000 92.0000000000 5.0000000000
-120.1774537000 50.1710670000 977.8764648000 38.1758080000 93.0000000000 5.0000000000
-120.1774501000 50.1718497000 975.5285034000 38.1758080000 94.0000000000 5.0000000000
-120.1760504000 50.1718497000 945.2883301000 38.1758080000 95.0000000000 6.0000000000
-120.1760541000 50.1710644000 949.8613281000 38.1758080000 96.0000000000 6.0000000000
-120.1760592000 50.1699407000 948.0333252000 38.1758080000 97.0000000000 6.0000000000
-120.1760644000 50.1688171000 926.0162964000 38.1758080000 98.0000000000 6.0000000000
-120.1760696000 50.1676934000 905.3449097000 38.1758080000 99.0000000000 6.0000000000
-120.1760747000 50.1665698000 902.0000000000 38.1758080000 100.0000000000 6.0000000000
-120.1760799000 50.1654461000 903.1908569000 38.1758080000 101.0000000000 6.0000000000
-120.1760851000 50.1643225000 922.4390869000 38.1758080000 102.0000000000 6.0000000000
-120.1760902000 50.1631988000 928.0872803000 38.1758080000 103.0000000000 6.0000000000
-120.1760954000 50.1620751000 931.2294922000 38.1758080000 104.0000000000 6.0000000000
-120.1761006000 50.1609515000 931.5267334000 38.1758080000 105.0000000000 6.0000000000
-120.1761057000 50.1598278000 931.9221802000 38.1758080000 106.0000000000 6.0000000000
-120.1761109000 50.1587042000 931.0000000000 38.1758080000 107.0000000000 6.0000000000
-120.1761160000 50.1575805000 932.0840454000 38.1758080000 108.0000000000 6.0000000000
-120.1761212000 50.1564568000 930.0000000000 38.1758080000 109.0000000000 6.0000000000
-120.1761263000 50.1553332000 924.9849243000 38.1758080000 110.0000000000 6.0000000000
-120.1761315000 50.1542095000 931.2048340000 38.1758080000 111.0000000000 6.0000000000
-120.1761346000 50.1535301000 940.8428955000 38.1758080000 112.0000000000 6.0000000000
-120.1761377000 50.1528507000 956.1047974000 38.1758080000 113.0000000000 6.0000000000
-120.1747386000 50.1528507000 945.7516479000 38.1758080000 114.0000000000 7.0000000000
-120.1747355000 50.1535288000 933.4069214000 38.1758080000 115.0000000000 7.0000000000
-120.1747324000 50.1542069000 924.8087769000 38.1758080000 116.0000000000 7.0000000000
-120.1747272000 50.1553305000 923.9890747000 38.1758080000 117.0000000000 7.0000000000
-120.1747220000 50.1564542000 923.9921875000 38.1758080000 118.0000000000 7.0000000000
-120.1747168000 50.1575778000 922.2604980000 38.1758080000 119.0000000000 7.0000000000
-120.1747116000 50.1587015000 923.7930298000 38.1758080000 120.0000000000 7.0000000000
-120.1747064000 50.1598252000 929.1601562000 38.1758080000 121.0000000000 7.0000000000
-120.1747012000 50.1609488000 932.0000000000 38.1758080000 122.0000000000 7.0000000000
-120.1746960000 50.1620725000 927.9132080000 38.1758080000 123.0000000000 7.0000000000
-120.1746908000 50.1631961000 925.8241577000 38.1758080000 124.0000000000 7.0000000000
-120.1746857000 50.1643198000 921.2147827000 38.1758080000 125.0000000000 7.0000000000
-120.1746805000 50.1654434000 903.1109619000 38.1758080000 126.0000000000 7.0000000000
-120.1746753000 50.1665671000 902.0972900000 38.1758080000 127.0000000000 7.0000000000
-120.1746701000 50.1676908000 906.7520752000 38.1758080000 128.0000000000 7.0000000000
-120.1746649000 50.1688144000 930.3386841000 38.1758080000 129.0000000000 7.0000000000
-120.1746596000 50.1699381000 945.7949829000 38.1758080000 130.0000000000 7.0000000000
-120.1746544000 50.1710617000 932.3865967000 38.1758080000 131.0000000000 7.0000000000
-120.1746508000 50.1718497000 910.2833252000 38.1758080000 132.0000000000 7.0000000000
-120.1732511000 50.1718496000 909.3522339000 38.1758080000 133.0000000000 8.0000000000
-120.1732548000 50.1710590000 919.4586792000 38.1758080000 134.0000000000 8.0000000000
-120.1732601000 50.1699354000 937.8464355000 38.1758080000 135.0000000000 8.0000000000
-120.1732653000 50.1688117000 933.5424805000 38.1758080000 136.0000000000 8.0000000000
-120.1732705000 50.1676881000 909.8177490000 38.1758080000 137.0000000000 8.0000000000
-120.1732758000 50.1665644000 900.4605713000 38.1758080000 138.0000000000 8.0000000000
-120.1732810000 50.1654408000 898.1394653000 38.1758080000 139.0000000000 8.0000000000
-120.1732862000 50.1643171000 918.5657349000 38.1758080000 140.0000000000 8.0000000000
-120.1732915000 50.1631935000 924.3452759000 38.1758080000 141.0000000000 8.0000000000
-120.1732967000 50.1620698000 927.0000000000 38.1758080000 142.0000000000 8.0000000000
-120.1733019000 50.1609461000 930.0000000000 38.1758080000 143.0000000000 8.0000000000
-120.1733072000 50.1598225000 928.3618164000 38.1758080000 144.0000000000 8.0000000000
-120.1733124000 50.1586988000 920.8831787000 38.1758080000 145.0000000000 8.0000000000
-120.1733176000 50.1575752000 921.0000000000 38.1758080000 146.0000000000 8.0000000000
-120.1733228000 50.1564515000 921.0000000000 38.1758080000 147.0000000000 8.0000000000
-120.1733280000 50.1553278000 923.1012573000 38.1758080000 148.0000000000 8.0000000000
-120.1733333000 50.1542042000 929.1878052000 38.1758080000 149.0000000000 8.0000000000
-120.1733364000 50.1535274000 938.8343506000 38.1758080000 150.0000000000 8.0000000000
-120.1733395000 50.1528507000 954.3187256000 38.1758080000 151.0000000000 8.0000000000
-120.1719405000 50.1528507000 952.2816162000 38.1758080000 152.0000000000 9.0000000000
-120.1719373000 50.1535261000 950.1778564000 38.1758080000 153.0000000000 9.0000000000
-120.1719341000 50.1542015000 947.9353638000 38.1758080000 154.0000000000 9.0000000000
-120.1719289000 50.1553252000 929.9377441000 38.1758080000 155.0000000000 9.0000000000
-120.1719236000 50.1564488000 921.8055420000 38.1758080000 156.0000000000 9.0000000000
-120.1719184000 50.1575725000 921.0000000000 38.1758080000 157.0000000000 9.0000000000
-120.1719131000 50.1586961000 917.8495483000 38.1758080000 158.0000000000 9.0000000000
-120.1719079000 50.1598198000 924.1288452000 38.1758080000 159.0000000000 9.0000000000
-120.1719026000 50.1609434000 927.0719604000 38.1758080000 160.0000000000 9.0000000000
-120.1718974000 50.1620671000 926.0322266000 38.1758080000 161.0000000000 9.0000000000
-120.1718921000 50.1631908000 920.2445068000 38.1758080000 162.0000000000 9.0000000000
-120.1718868000 50.1643144000 902.6680908000 38.1758080000 163.0000000000 9.0000000000
-120.1718816000 50.1654381000 896.7226562000 38.1758080000 164.0000000000 9.0000000000
-120.1718763000 50.1665617000 901.8883057000 38.1758080000 165.0000000000 9.0000000000
-120.1718710000 50.1676854000 913.9042358000 38.1758080000 166.0000000000 9.0000000000
-120.1718658000 50.1688090000 923.2902222000 38.1758080000 167.0000000000 9.0000000000
-120.1718605000 50.1699327000 916.5787354000 38.1758080000 168.0000000000 9.0000000000
-120.1718552000 50.1710563000 911.7906494000 38.1758080000 169.0000000000 9.0000000000
-120.1718515000 50.1718496000 915.0000000000 38.1758080000 170.0000000000 9.0000000000
-120.1704519000 50.1718495000 919.0151367000 38.1758080000 171.0000000000 10.0000000000
-120.1704556000 50.1710536000 921.0815430000 38.1758080000 172.0000000000 10.0000000000
-120.1704609000 50.1699300000 920.6530151000 38.1758080000 173.0000000000 10.0000000000
-120.1704662000 50.1688063000 919.4372559000 38.1758080000 174.0000000000 10.0000000000
-120.1704715000 50.1676827000 915.9334717000 38.1758080000 175.0000000000 10.0000000000
-120.1704768000 50.1665590000 904.7753906000 38.1758080000 176.0000000000 10.0000000000
-120.1704821000 50.1654354000 897.8419189000 38.1758080000 177.0000000000 10.0000000000
-120.1704874000 50.1643117000 895.5317383000 38.1758080000 178.0000000000 10.0000000000
-120.1704927000 50.1631880000 909.2166748000 38.1758080000 179.0000000000 10.0000000000
-120.1704980000 50.1620644000 917.6849365000 38.1758080000 180.0000000000 10.0000000000
-120.1705033000 50.1609407000 922.0000000000 38.1758080000 181.0000000000 10.0000000000
-120.1705086000 50.1598171000 917.8226929000 38.1758080000 182.0000000000 10.0000000000
-120.1705139000 50.1586934000 918.9295654000 38.1758080000 183.0000000000 10.0000000000
-120.1705192000 50.1575698000 928.9315796000 38.1758080000 184.0000000000 10.0000000000
-120.1705245000 50.1564461000 925.4320679000 38.1758080000 185.0000000000 10.0000000000
-120.1705297000 50.1553224000 936.0656738000 38.1758080000 186.0000000000 10.0000000000
-120.1705350000 50.1541988000 951.2316284000 38.1758080000 187.0000000000 10.0000000000
-120.1705382000 50.1535247000 956.1236572000 38.1758080000 188.0000000000 10.0000000000
-120.1705414000 50.1528506000 958.3657837000 38.1758080000 189.0000000000 10.0000000000
