217261.9261373767 3313162.5634984476 0.0000000000 1.0000000000 0.0000000000 -90.0000000000 4.0000000000
217261.9261373767 3313004.4449124476 0.0000000000 1.0000000000 1.0000000000 -90.0000000000 4.0000000000
217261.9261373767 3312846.3263264480 0.0000000000 1.0000000000 2.0000000000 -90.0000000000 4.0000000000
217261.9261373767 3312617.8385335049 0.0000000000 1.0000000000 3.0000000000 -90.0000000000 4.0000000000
217361.9261373767 3312609.4177001910 0.0000000000 2.0000000000 4.0000000000 90.0000000000 4.0000000000
217361.9261373767 3312846.3263264480 0.0000000000 2.0000000000 5.0000000000 90.0000000000 4.0000000000
217361.9261373767 3313024.4557857746 0.0000000000 2.0000000000 6.0000000000 -270.0000000000 4.0000000000
217361.9261373767 3313202.5852451012 0.0000000000 2.0000000000 7.0000000000 -270.0000000000 4.0000000000
217461.9261373767 3313200.7350338381 0.0000000000 3.0000000000 8.0000000000 -90.0000000000 4.0000000000
217461.9261373767 3313023.5306801433 0.0000000000 3.0000000000 9.0000000000 -90.0000000000 4.0000000000
217461.9261373767 3312846.3263264480 0.0000000000 3.0000000000 10.0000000000 -90.0000000000 4.0000000000
217461.9261373767 3312600.9968668767 0.0000000000 3.0000000000 11.0000000000 -90.0000000000 4.0000000000
217561.9261373767 3312592.5760335629 0.0000000000 4.0000000000 12.0000000000 90.0000000000 4.0000000000
217561.9261373767 3312846.3263264480 0.0000000000 4.0000000000 13.0000000000 90.0000000000 4.0000000000
217561.9261373767 3313022.6055745110 0.0000000000 4.0000000000 14.0000000000 -270.0000000000 4.0000000000
217561.9261373767 3313198.8848225744 0.0000000000 4.0000000000 15.0000000000 -270.0000000000 4.0000000000
217661.9261373767 3313122.1031429283 0.0000000000 5.0000000000 16.0000000000 -90.0000000000 4.0000000000
217661.9261373767 3312846.3263264480 0.0000000000 5.0000000000 17.0000000000 -90.0000000000 4.0000000000
217661.9261373767 3312584.1552002486 0.0000000000 5.0000000000 18.0000000000 -90.0000000000 4.0000000000
