66.0715707 29.9167166 1215.3441162 152.7032318 0.0000000 1.0000000
66.0716124 29.9152915 1219.8453369 152.7032318 1.0000000 1.0000000
66.0716542 29.9138664 1224.3289795 152.7032318 2.0000000 1.0000000
66.0717145 29.9118071 1226.0433350 152.7032318 3.0000000 1.0000000
66.0727512 29.9117542 1230.1110840 152.7032318 4.0000000 2.0000000
66.0726887 29.9138894 1230.5533447 152.7032318 5.0000000 2.0000000
66.0726417 29.9154949 1223.1291504 152.7032318 6.0000000 2.0000000
66.0725947 29.9171003 1218.9798584 152.7032318 7.0000000 2.0000000
66.0736298 29.9171067 1226.3010254 152.7032318 8.0000000 3.0000000
66.0736766 29.9155095 1224.9997559 152.7032318 9.0000000 3.0000000
66.0737233 29.9139124 1233.3026123 152.7032318 10.0000000 3.0000000
66.0737880 29.9117013 1234.0688477 152.7032318 11.0000000 3.0000000
66.0748248 29.9116483 1239.3098145 152.7032318 12.0000000 4.0000000
66.0747579 29.9139354 1235.3850098 152.7032318 13.0000000 4.0000000
66.0747114 29.9155242 1227.8192139 152.7032318 14.0000000 4.0000000
66.0746650 29.9171129 1232.1422119 152.7032318 15.0000000 4.0000000
66.0757198 29.9164439 1231.2609863 152.7032318 16.0000000 5.0000000
66.0757925 29.9139583 1237.3002930 152.7032318 17.0000000 5.0000000
66.0758616 29.9115954 1242.9696045 152.7032318 18.0000000 5.0000000
