680475.4578248210 5558978.9333079634 0.0000000000 1.0000000000 0.0000000000 -178.0000000000
680425.4882834700 5558977.1883331286 0.0000000000 1.0000000000 1.0000000000 -178.0000000000
680375.5187421191 5558975.4433582937 0.0000000000 1.0000000000 2.0000000000 -178.0000000000
680325.5492007681 5558973.6983834589 0.0000000000 1.0000000000 3.0000000000 -178.0000000000
680275.5796594172 5558971.9534086240 0.0000000000 1.0000000000 4.0000000000 -178.0000000000
680225.6101180662 5558970.2084337892 0.0000000000 1.0000000000 5.0000000000 -178.0000000000
680175.6405767152 5558968.4634589544 0.0000000000 1.0000000000 6.0000000000 -178.0000000000
680125.6710353643 5558966.7184841195 0.0000000000 1.0000000000 7.0000000000 -178.0000000000
680075.7014940133 5558964.9735092847 0.0000000000 1.0000000000 8.0000000000 -178.0000000000
680025.7319526623 5558963.2285344498 0.0000000000 1.0000000000 9.0000000000 -178.0000000000
679975.7624113114 5558961.4835596150 0.0000000000 1.0000000000 10.0000000000 -178.0000000000
679925.7928699604 5558959.7385847801 0.0000000000 1.0000000000 11.0000000000 -178.0000000000
679875.8233286095 5558957.9936099453 0.0000000000 1.0000000000 12.0000000000 -178.0000000000
679825.8537872585 5558956.2486351104 0.0000000000 1.0000000000 13.0000000000 -178.0000000000
679775.8842459075 5558954.5036602756 0.0000000000 1.0000000000 14.0000000000 -178.0000000000
679725.9147045566 5558952.7586854408 0.0000000000 1.0000000000 15.0000000000 -178.0000000000
679675.9451632056 5558951.0137106059 0.0000000000 1.0000000000 16.0000000000 -178.0000000000
679625.9756218547 5558949.2687357711 0.0000000000 1.0000000000 17.0000000000 -178.0000000000
679576.0060805037 5558947.5237609362 0.0000000000 1.0000000000 18.0000000000 -178.0000000000
679526.0365391527 5558945.7787861014 0.0000000000 1.0000000000 19.0000000000 -178.0000000000
679515.5666901420 5559245.5960342074 0.0000000000 2.0000000000 20.0000000000 -358.0000000000
679565.5362314930 5559247.3410090422 0.0000000000 2.0000000000 21.0000000000 -358.0000000000
679615.5057728440 5559249.0859838771 0.0000000000 2.0000000000 22.0000000000 -358.0000000000
679665.4753141949 5559250.8309587119 0.0000000000 2.0000000000 23.0000000000 -358.0000000000
679715.4448555459 5559252.5759335468 0.0000000000 2.0000000000 24.0000000000 -358.0000000000
679765.4143968968 5559254.3209083816 0.0000000000 2.0000000000 25.0000000000 -358.0000000000
679815.3839382478 5559256.0658832164 0.0000000000 2.0000000000 26.0000000000 -358.0000000000
679865.3534795988 5559257.8108580513 0.0000000000 2.0000000000 27.0000000000 -358.0000000000
679915.3230209497 5559259.5558328861 0.0000000000 2.0000000000 28.0000000000 -358.0000000000
679965.2925623007 5559261.3008077210 0.0000000000 2.0000000000 29.0000000000 -358.0000000000
680015.2621036517 5559263.0457825558 0.0000000000 2.0000000000 30.0000000000 -358.0000000000
680065.2316450026 5559264.7907573907 0.0000000000 2.0000000000 31.0000000000 -358.0000000000
680115.2011863536 5559266.5357322255 0.0000000000 2.0000000000 32.0000000000 -358.0000000000
680165.1707277045 5559268.2807070604 0.0000000000 2.0000000000 33.0000000000 -358.0000000000
680215.1402690555 5559270.0256818952 0.0000000000 2.0000000000 34.0000000000 -358.0000000000
680265.1098104065 5559271.7706567300 0.0000000000 2.0000000000 35.0000000000 -358.0000000000
680315.0793517574 5559273.5156315649 0.0000000000 2.0000000000 36.0000000000 -358.0000000000
680365.0488931084 5559275.2606063997 0.0000000000 2.0000000000 37.0000000000 -358.0000000000
680415.0184344593 5559277.0055812346 0.0000000000 2.0000000000 38.0000000000 -358.0000000000
680464.9879758103 5559278.7505560694 0.0000000000 2.0000000000 39.0000000000 -358.0000000000
680454.5181267996 5559578.5678041754 0.0000000000 3.0000000000 40.0000000000 -178.0000000000
680404.5485854486 5559576.8228293406 0.0000000000 3.0000000000 41.0000000000 -178.0000000000
680354.5790440977 5559575.0778545057 0.0000000000 3.0000000000 42.0000000000 -178.0000000000
680304.6095027467 5559573.3328796709 0.0000000000 3.0000000000 43.0000000000 -178.0000000000
680254.6399613958 5559571.5879048361 0.0000000000 3.0000000000 44.0000000000 -178.0000000000
680204.6704200448 5559569.8429300012 0.0000000000 3.0000000000 45.0000000000 -178.0000000000
680154.7008786938 5559568.0979551664 0.0000000000 3.0000000000 46.0000000000 -178.0000000000
680104.7313373429 5559566.3529803315 0.0000000000 3.0000000000 47.0000000000 -178.0000000000
680054.7617959919 5559564.6080054967 0.0000000000 3.0000000000 48.0000000000 -178.0000000000
680004.7922546410 5559562.8630306618 0.0000000000 3.0000000000 49.0000000000 -178.0000000000
679954.8227132900 5559561.1180558270 0.0000000000 3.0000000000 50.0000000000 -178.0000000000
679904.8531719390 5559559.3730809921 0.0000000000 3.0000000000 51.0000000000 -178.0000000000
679854.8836305881 5559557.6281061573 0.0000000000 3.0000000000 52.0000000000 -178.0000000000
679804.9140892371 5559555.8831313225 0.0000000000 3.0000000000 53.0000000000 -178.0000000000
679754.9445478861 5559554.1381564876 0.0000000000 3.0000000000 54.0000000000 -178.0000000000
679704.9750065352 5559552.3931816528 0.0000000000 3.0000000000 55.0000000000 -178.0000000000
679655.0054651842 5559550.6482068179 0.0000000000 3.0000000000 56.0000000000 -178.0000000000
679605.0359238333 5559548.9032319831 0.0000000000 3.0000000000 57.0000000000 -178.0000000000
679555.0663824823 5559547.1582571482 0.0000000000 3.0000000000 58.0000000000 -178.0000000000
679505.0968411313 5559545.4132823134 0.0000000000 3.0000000000 59.0000000000 -178.0000000000
679494.6269921206 5559845.2305304194 0.0000000000 4.0000000000 60.0000000000 -358.0000000000
679544.5965334716 5559846.9755052542 0.0000000000 4.0000000000 61.0000000000 -358.0000000000
679594.5660748226 5559848.7204800891 0.0000000000 4.0000000000 62.0000000000 -358.0000000000
679644.5356161735 5559850.4654549239 0.0000000000 4.0000000000 63.0000000000 -358.0000000000
679694.5051575245 5559852.2104297588 0.0000000000 4.0000000000 64.0000000000 -358.0000000000
679744.4746988754 5559853.9554045936 0.0000000000 4.0000000000 65.0000000000 -358.0000000000
679794.4442402264 5559855.7003794285 0.0000000000 4.0000000000 66.0000000000 -358.0000000000
679844.4137815774 5559857.4453542633 0.0000000000 4.0000000000 67.0000000000 -358.0000000000
679894.3833229283 5559859.1903290981 0.0000000000 4.0000000000 68.0000000000 -358.0000000000
679944.3528642793 5559860.9353039330 0.0000000000 4.0000000000 69.0000000000 -358.0000000000
679994.3224056303 5559862.6802787678 0.0000000000 4.0000000000 70.0000000000 -358.0000000000
680044.2919469812 5559864.4252536027 0.0000000000 4.0000000000 71.0000000000 -358.0000000000
680094.2614883322 5559866.1702284375 0.0000000000 4.0000000000 72.0000000000 -358.0000000000
680144.2310296831 5559867.9152032724 0.0000000000 4.0000000000 73.0000000000 -358.0000000000
680194.2005710341 5559869.6601781072 0.0000000000 4.0000000000 74.0000000000 -358.0000000000
680244.1701123851 5559871.4051529421 0.0000000000 4.0000000000 75.0000000000 -358.0000000000
680294.1396537360 5559873.1501277769 0.0000000000 4.0000000000 76.0000000000 -358.0000000000
680344.1091950870 5559874.8951026117 0.0000000000 4.0000000000 77.0000000000 -358.0000000000
680394.0787364380 5559876.6400774466 0.0000000000 4.0000000000 78.0000000000 -358.0000000000
680444.0482777889 5559878.3850522814 0.0000000000 4.0000000000 79.0000000000 -358.0000000000
680433.5784287782 5560178.2023003874 0.0000000000 5.0000000000 80.0000000000 -178.0000000000
680383.6088874273 5560176.4573255526 0.0000000000 5.0000000000 81.0000000000 -178.0000000000
680333.6393460763 5560174.7123507177 0.0000000000 5.0000000000 82.0000000000 -178.0000000000
680283.6698047253 5560172.9673758829 0.0000000000 5.0000000000 83.0000000000 -178.0000000000
680233.7002633744 5560171.2224010481 0.0000000000 5.0000000000 84.0000000000 -178.0000000000
680183.7307220234 5560169.4774262132 0.0000000000 5.0000000000 85.0000000000 -178.0000000000
680133.7611806724 5560167.7324513784 0.0000000000 5.0000000000 86.0000000000 -178.0000000000
680083.7916393215 5560165.9874765435 0.0000000000 5.0000000000 87.0000000000 -178.0000000000
680033.8220979705 5560164.2425017087 0.0000000000 5.0000000000 88.0000000000 -178.0000000000
679983.8525566196 5560162.4975268738 0.0000000000 5.0000000000 89.0000000000 -178.0000000000
679933.8830152686 5560160.7525520390 0.0000000000 5.0000000000 90.0000000000 -178.0000000000
679883.9134739176 5560159.0075772041 0.0000000000 5.0000000000 91.0000000000 -178.0000000000
679833.9439325667 5560157.2626023693 0.0000000000 5.0000000000 92.0000000000 -178.0000000000
679783.9743912157 5560155.5176275345 0.0000000000 5.0000000000 93.0000000000 -178.0000000000
679734.0048498648 5560153.7726526996 0.0000000000 5.0000000000 94.0000000000 -178.0000000000
679684.0353085138 5560152.0276778648 0.0000000000 5.0000000000 95.0000000000 -178.0000000000
679634.0657671628 5560150.2827030299 0.0000000000 5.0000000000 96.0000000000 -178.0000000000
679584.0962258119 5560148.5377281951 0.0000000000 5.0000000000 97.0000000000 -178.0000000000
679534.1266844609 5560146.7927533602 0.0000000000 5.0000000000 98.0000000000 -178.0000000000
679484.1571431099 5560145.0477785254 0.0000000000 5.0000000000 99.0000000000 -178.0000000000
679473.6872940992 5560444.8650266314 0.0000000000 6.0000000000 100.0000000000 -358.0000000000
679523.6568354502 5560446.6100014662 0.0000000000 6.0000000000 101.0000000000 -358.0000000000
679573.6263768012 5560448.3549763011 0.0000000000 6.0000000000 102.0000000000 -358.0000000000
679623.5959181521 5560450.0999511359 0.0000000000 6.0000000000 103.0000000000 -358.0000000000
679673.5654595031 5560451.8449259708 0.0000000000 6.0000000000 104.0000000000 -358.0000000000
679723.5350008541 5560453.5899008056 0.0000000000 6.0000000000 105.0000000000 -358.0000000000
679773.5045422050 5560455.3348756405 0.0000000000 6.0000000000 106.0000000000 -358.0000000000
679823.4740835560 5560457.0798504753 0.0000000000 6.0000000000 107.0000000000 -358.0000000000
679873.4436249069 5560458.8248253101 0.0000000000 6.0000000000 108.0000000000 -358.0000000000
679923.4131662579 5560460.5698001450 0.0000000000 6.0000000000 109.0000000000 -358.0000000000
679973.3827076089 5560462.3147749798 0.0000000000 6.0000000000 110.0000000000 -358.0000000000
680023.3522489598 5560464.0597498147 0.0000000000 6.0000000000 111.0000000000 -358.0000000000
680073.3217903108 5560465.8047246495 0.0000000000 6.0000000000 112.0000000000 -358.0000000000
680123.2913316617 5560467.5496994844 0.0000000000 6.0000000000 113.0000000000 -358.0000000000
680173.2608730127 5560469.2946743192 0.0000000000 6.0000000000 114.0000000000 -358.0000000000
680223.2304143637 5560471.0396491541 0.0000000000 6.0000000000 115.0000000000 -358.0000000000
680273.1999557146 5560472.7846239889 0.0000000000 6.0000000000 116.0000000000 -358.0000000000
680323.1694970656 5560474.5295988237 0.0000000000 6.0000000000 117.0000000000 -358.0000000000
680373.1390384166 5560476.2745736586 0.0000000000 6.0000000000 118.0000000000 -358.0000000000
680423.1085797675 5560478.0195484934 0.0000000000 6.0000000000 119.0000000000 -358.0000000000
680412.6387307568 5560777.8367965994 0.0000000000 7.0000000000 120.0000000000 -178.0000000000
680362.6691894059 5560776.0918217646 0.0000000000 7.0000000000 121.0000000000 -178.0000000000
680312.6996480549 5560774.3468469298 0.0000000000 7.0000000000 122.0000000000 -178.0000000000
680262.7301067039 5560772.6018720949 0.0000000000 7.0000000000 123.0000000000 -178.0000000000
680212.7605653530 5560770.8568972601 0.0000000000 7.0000000000 124.0000000000 -178.0000000000
680162.7910240020 5560769.1119224252 0.0000000000 7.0000000000 125.0000000000 -178.0000000000
680112.8214826511 5560767.3669475904 0.0000000000 7.0000000000 126.0000000000 -178.0000000000
680062.8519413001 5560765.6219727555 0.0000000000 7.0000000000 127.0000000000 -178.0000000000
680012.8823999491 5560763.8769979207 0.0000000000 7.0000000000 128.0000000000 -178.0000000000
679962.9128585982 5560762.1320230858 0.0000000000 7.0000000000 129.0000000000 -178.0000000000
679912.9433172472 5560760.3870482510 0.0000000000 7.0000000000 130.0000000000 -178.0000000000
679862.9737758962 5560758.6420734162 0.0000000000 7.0000000000 131.0000000000 -178.0000000000
679813.0042345453 5560756.8970985813 0.0000000000 7.0000000000 132.0000000000 -178.0000000000
679763.0346931943 5560755.1521237465 0.0000000000 7.0000000000 133.0000000000 -178.0000000000
679713.0651518434 5560753.4071489116 0.0000000000 7.0000000000 134.0000000000 -178.0000000000
679663.0956104924 5560751.6621740768 0.0000000000 7.0000000000 135.0000000000 -178.0000000000
679613.1260691414 5560749.9171992419 0.0000000000 7.0000000000 136.0000000000 -178.0000000000
679563.1565277905 5560748.1722244071 0.0000000000 7.0000000000 137.0000000000 -178.0000000000
679513.1869864395 5560746.4272495722 0.0000000000 7.0000000000 138.0000000000 -178.0000000000
679463.2174450886 5560744.6822747374 0.0000000000 7.0000000000 139.0000000000 -178.0000000000
679563.1435736910 5558900.8006278183 0.0000000000 1.0000000000 0.0000000000 -268.0000000000
679561.3985988559 5558950.7701691696 0.0000000000 1.0000000000 1.0000000000 -268.0000000000
679559.6536240209 5559000.7397105210 0.0000000000 1.0000000000 2.0000000000 -268.0000000000
679557.9086491858 5559050.7092518723 0.0000000000 1.0000000000 3.0000000000 -268.0000000000
679556.1636743507 5559100.6787932236 0.0000000000 1.0000000000 4.0000000000 -268.0000000000
679554.4186995156 5559150.6483345749 0.0000000000 1.0000000000 5.0000000000 -268.0000000000
679552.6737246806 5559200.6178759262 0.0000000000 1.0000000000 6.0000000000 -268.0000000000
679550.9287498455 5559250.5874172775 0.0000000000 1.0000000000 7.0000000000 -268.0000000000
679549.1837750104 5559300.5569586288 0.0000000000 1.0000000000 8.0000000000 -268.0000000000
679547.4388001753 5559350.5264999801 0.0000000000 1.0000000000 9.0000000000 -268.0000000000
679545.6938253402 5559400.4960413314 0.0000000000 1.0000000000 10.0000000000 -268.0000000000
679543.9488505052 5559450.4655826828 0.0000000000 1.0000000000 11.0000000000 -268.0000000000
679542.2038756701 5559500.4351240341 0.0000000000 1.0000000000 12.0000000000 -268.0000000000
679540.4589008350 5559550.4046653854 0.0000000000 1.0000000000 13.0000000000 -268.0000000000
679538.7139259999 5559600.3742067367 0.0000000000 1.0000000000 14.0000000000 -268.0000000000
679536.9689511649 5559650.3437480880 0.0000000000 1.0000000000 15.0000000000 -268.0000000000
679535.2239763298 5559700.3132894393 0.0000000000 1.0000000000 16.0000000000 -268.0000000000
679533.4790014947 5559750.2828307906 0.0000000000 1.0000000000 17.0000000000 -268.0000000000
679531.7340266596 5559800.2523721419 0.0000000000 1.0000000000 18.0000000000 -268.0000000000
679529.9890518246 5559850.2219134932 0.0000000000 1.0000000000 19.0000000000 -268.0000000000
679528.2440769895 5559900.1914548445 0.0000000000 1.0000000000 20.0000000000 -268.0000000000
679526.4991021544 5559950.1609961959 0.0000000000 1.0000000000 21.0000000000 -268.0000000000
679524.7541273193 5560000.1305375472 0.0000000000 1.0000000000 22.0000000000 -268.0000000000
679523.0091524842 5560050.1000788985 0.0000000000 1.0000000000 23.0000000000 -268.0000000000
679521.2641776492 5560100.0696202498 0.0000000000 1.0000000000 24.0000000000 -268.0000000000
679519.5192028141 5560150.0391616011 0.0000000000 1.0000000000 25.0000000000 -268.0000000000
679517.7742279790 5560200.0087029524 0.0000000000 1.0000000000 26.0000000000 -268.0000000000
679516.0292531439 5560249.9782443037 0.0000000000 1.0000000000 27.0000000000 -268.0000000000
679514.2842783089 5560299.9477856550 0.0000000000 1.0000000000 28.0000000000 -268.0000000000
679512.5393034738 5560349.9173270063 0.0000000000 1.0000000000 29.0000000000 -268.0000000000
679510.7943286387 5560399.8868683577 0.0000000000 1.0000000000 30.0000000000 -268.0000000000
679509.0493538036 5560449.8564097090 0.0000000000 1.0000000000 31.0000000000 -268.0000000000
679507.3043789685 5560499.8259510603 0.0000000000 1.0000000000 32.0000000000 -268.0000000000
679505.5594041335 5560549.7954924116 0.0000000000 1.0000000000 33.0000000000 -268.0000000000
679503.8144292984 5560599.7650337629 0.0000000000 1.0000000000 34.0000000000 -268.0000000000
679502.0694544633 5560649.7345751142 0.0000000000 1.0000000000 35.0000000000 -268.0000000000
679500.3244796282 5560699.7041164655 0.0000000000 1.0000000000 36.0000000000 -268.0000000000
679498.5795047932 5560749.6736578168 0.0000000000 1.0000000000 37.0000000000 -268.0000000000
679496.8345299581 5560799.6431991681 0.0000000000 1.0000000000 38.0000000000 -268.0000000000
679495.0895551230 5560849.6127405195 0.0000000000 1.0000000000 39.0000000000 -268.0000000000
679595.0286378249 5560853.1026901901 0.0000000000 2.0000000000 40.0000000000 -448.0000000000
679596.7736126600 5560803.1331488388 0.0000000000 2.0000000000 41.0000000000 -448.0000000000
679598.5185874951 5560753.1636074875 0.0000000000 2.0000000000 42.0000000000 -448.0000000000
679600.2635623302 5560703.1940661361 0.0000000000 2.0000000000 43.0000000000 -448.0000000000
679602.0085371652 5560653.2245247848 0.0000000000 2.0000000000 44.0000000000 -448.0000000000
679603.7535120003 5560603.2549834335 0.0000000000 2.0000000000 45.0000000000 -448.0000000000
679605.4984868354 5560553.2854420822 0.0000000000 2.0000000000 46.0000000000 -448.0000000000
679607.2434616705 5560503.3159007309 0.0000000000 2.0000000000 47.0000000000 -448.0000000000
679608.9884365055 5560453.3463593796 0.0000000000 2.0000000000 48.0000000000 -448.0000000000
679610.7334113406 5560403.3768180283 0.0000000000 2.0000000000 49.0000000000 -448.0000000000
679612.4783861757 5560353.4072766770 0.0000000000 2.0000000000 50.0000000000 -448.0000000000
679614.2233610108 5560303.4377353257 0.0000000000 2.0000000000 51.0000000000 -448.0000000000
679615.9683358459 5560253.4681939743 0.0000000000 2.0000000000 52.0000000000 -448.0000000000
679617.7133106809 5560203.4986526230 0.0000000000 2.0000000000 53.0000000000 -448.0000000000
679619.4582855160 5560153.5291112717 0.0000000000 2.0000000000 54.0000000000 -448.0000000000
679621.2032603511 5560103.5595699204 0.0000000000 2.0000000000 55.0000000000 -448.0000000000
679622.9482351862 5560053.5900285691 0.0000000000 2.0000000000 56.0000000000 -448.0000000000
679624.6932100212 5560003.6204872178 0.0000000000 2.0000000000 57.0000000000 -448.0000000000
679626.4381848563 5559953.6509458665 0.0000000000 2.0000000000 58.0000000000 -448.0000000000
679628.1831596914 5559903.6814045152 0.0000000000 2.0000000000 59.0000000000 -448.0000000000
679629.9281345265 5559853.7118631639 0.0000000000 2.0000000000 60.0000000000 -448.0000000000
679631.6731093616 5559803.7423218125 0.0000000000 2.0000000000 61.0000000000 -448.0000000000
679633.4180841966 5559753.7727804612 0.0000000000 2.0000000000 62.0000000000 -448.0000000000
679635.1630590317 5559703.8032391099 0.0000000000 2.0000000000 63.0000000000 -448.0000000000
679636.9080338668 5559653.8336977586 0.0000000000 2.0000000000 64.0000000000 -448.0000000000
679638.6530087019 5559603.8641564073 0.0000000000 2.0000000000 65.0000000000 -448.0000000000
679640.3979835369 5559553.8946150560 0.0000000000 2.0000000000 66.0000000000 -448.0000000000
679642.1429583720 5559503.9250737047 0.0000000000 2.0000000000 67.0000000000 -448.0000000000
679643.8879332071 5559453.9555323534 0.0000000000 2.0000000000 68.0000000000 -448.0000000000
679645.6329080422 5559403.9859910021 0.0000000000 2.0000000000 69.0000000000 -448.0000000000
679647.3778828772 5559354.0164496507 0.0000000000 2.0000000000 70.0000000000 -448.0000000000
679649.1228577123 5559304.0469082994 0.0000000000 2.0000000000 71.0000000000 -448.0000000000
679650.8678325474 5559254.0773669481 0.0000000000 2.0000000000 72.0000000000 -448.0000000000
679652.6128073825 5559204.1078255968 0.0000000000 2.0000000000 73.0000000000 -448.0000000000
679654.3577822176 5559154.1382842455 0.0000000000 2.0000000000 74.0000000000 -448.0000000000
679656.1027570526 5559104.1687428942 0.0000000000 2.0000000000 75.0000000000 -448.0000000000
679657.8477318877 5559054.1992015429 0.0000000000 2.0000000000 76.0000000000 -448.0000000000
679659.5927067228 5559004.2296601916 0.0000000000 2.0000000000 77.0000000000 -448.0000000000
679661.3376815579 5558954.2601188403 0.0000000000 2.0000000000 78.0000000000 -448.0000000000
679663.0826563929 5558904.2905774890 0.0000000000 2.0000000000 79.0000000000 -448.0000000000
679763.0217390949 5558907.7805271596 0.0000000000 3.0000000000 80.0000000000 -268.0000000000
679761.2767642598 5558957.7500685109 0.0000000000 3.0000000000 81.0000000000 -268.0000000000
679759.5317894247 5559007.7196098622 0.0000000000 3.0000000000 82.0000000000 -268.0000000000
679757.7868145896 5559057.6891512135 0.0000000000 3.0000000000 83.0000000000 -268.0000000000
679756.0418397546 5559107.6586925648 0.0000000000 3.0000000000 84.0000000000 -268.0000000000
679754.2968649195 5559157.6282339161 0.0000000000 3.0000000000 85.0000000000 -268.0000000000
679752.5518900844 5559207.5977752674 0.0000000000 3.0000000000 86.0000000000 -268.0000000000
679750.8069152493 5559257.5673166187 0.0000000000 3.0000000000 87.0000000000 -268.0000000000
679749.0619404142 5559307.5368579701 0.0000000000 3.0000000000 88.0000000000 -268.0000000000
679747.3169655792 5559357.5063993214 0.0000000000 3.0000000000 89.0000000000 -268.0000000000
679745.5719907441 5559407.4759406727 0.0000000000 3.0000000000 90.0000000000 -268.0000000000
679743.8270159090 5559457.4454820240 0.0000000000 3.0000000000 91.0000000000 -268.0000000000
679742.0820410739 5559507.4150233753 0.0000000000 3.0000000000 92.0000000000 -268.0000000000
679740.3370662389 5559557.3845647266 0.0000000000 3.0000000000 93.0000000000 -268.0000000000
679738.5920914038 5559607.3541060779 0.0000000000 3.0000000000 94.0000000000 -268.0000000000
679736.8471165687 5559657.3236474292 0.0000000000 3.0000000000 95.0000000000 -268.0000000000
679735.1021417336 5559707.2931887805 0.0000000000 3.0000000000 96.0000000000 -268.0000000000
679733.3571668986 5559757.2627301319 0.0000000000 3.0000000000 97.0000000000 -268.0000000000
679731.6121920635 5559807.2322714832 0.0000000000 3.0000000000 98.0000000000 -268.0000000000
679729.8672172284 5559857.2018128345 0.0000000000 3.0000000000 99.0000000000 -268.0000000000
679728.1222423933 5559907.1713541858 0.0000000000 3.0000000000 100.0000000000 -268.0000000000
679726.3772675582 5559957.1408955371 0.0000000000 3.0000000000 101.0000000000 -268.0000000000
679724.6322927232 5560007.1104368884 0.0000000000 3.0000000000 102.0000000000 -268.0000000000
679722.8873178881 5560057.0799782397 0.0000000000 3.0000000000 103.0000000000 -268.0000000000
679721.1423430530 5560107.0495195910 0.0000000000 3.0000000000 104.0000000000 -268.0000000000
679719.3973682179 5560157.0190609423 0.0000000000 3.0000000000 105.0000000000 -268.0000000000
679717.6523933829 5560206.9886022937 0.0000000000 3.0000000000 106.0000000000 -268.0000000000
679715.9074185478 5560256.9581436450 0.0000000000 3.0000000000 107.0000000000 -268.0000000000
679714.1624437127 5560306.9276849963 0.0000000000 3.0000000000 108.0000000000 -268.0000000000
679712.4174688776 5560356.8972263476 0.0000000000 3.0000000000 109.0000000000 -268.0000000000
679710.6724940425 5560406.8667676989 0.0000000000 3.0000000000 110.0000000000 -268.0000000000
679708.9275192075 5560456.8363090502 0.0000000000 3.0000000000 111.0000000000 -268.0000000000
679707.1825443724 5560506.8058504015 0.0000000000 3.0000000000 112.0000000000 -268.0000000000
679705.4375695373 5560556.7753917528 0.0000000000 3.0000000000 113.0000000000 -268.0000000000
679703.6925947022 5560606.7449331041 0.0000000000 3.0000000000 114.0000000000 -268.0000000000
679701.9476198672 5560656.7144744555 0.0000000000 3.0000000000 115.0000000000 -268.0000000000
679700.2026450321 5560706.6840158068 0.0000000000 3.0000000000 116.0000000000 -268.0000000000
679698.4576701970 5560756.6535571581 0.0000000000 3.0000000000 117.0000000000 -268.0000000000
679696.7126953619 5560806.6230985094 0.0000000000 3.0000000000 118.0000000000 -268.0000000000
679694.9677205269 5560856.5926398607 0.0000000000 3.0000000000 119.0000000000 -268.0000000000
679794.9068032288 5560860.0825895313 0.0000000000 4.0000000000 120.0000000000 -448.0000000000
679796.6517780639 5560810.1130481800 0.0000000000 4.0000000000 121.0000000000 -448.0000000000
679798.3967528989 5560760.1435068287 0.0000000000 4.0000000000 122.0000000000 -448.0000000000
679800.1417277340 5560710.1739654774 0.0000000000 4.0000000000 123.0000000000 -448.0000000000
679801.8867025691 5560660.2044241261 0.0000000000 4.0000000000 124.0000000000 -448.0000000000
679803.6316774042 5560610.2348827748 0.0000000000 4.0000000000 125.0000000000 -448.0000000000
679805.3766522392 5560560.2653414235 0.0000000000 4.0000000000 126.0000000000 -448.0000000000
679807.1216270743 5560510.2958000721 0.0000000000 4.0000000000 127.0000000000 -448.0000000000
679808.8666019094 5560460.3262587208 0.0000000000 4.0000000000 128.0000000000 -448.0000000000
679810.6115767445 5560410.3567173695 0.0000000000 4.0000000000 129.0000000000 -448.0000000000
679812.3565515795 5560360.3871760182 0.0000000000 4.0000000000 130.0000000000 -448.0000000000
679814.1015264146 5560310.4176346669 0.0000000000 4.0000000000 131.0000000000 -448.0000000000
679815.8465012497 5560260.4480933156 0.0000000000 4.0000000000 132.0000000000 -448.0000000000
679817.5914760848 5560210.4785519643 0.0000000000 4.0000000000 133.0000000000 -448.0000000000
679819.3364509199 5560160.5090106130 0.0000000000 4.0000000000 134.0000000000 -448.0000000000
679821.0814257549 5560110.5394692617 0.0000000000 4.0000000000 135.0000000000 -448.0000000000
679822.8264005900 5560060.5699279103 0.0000000000 4.0000000000 136.0000000000 -448.0000000000
679824.5713754251 5560010.6003865590 0.0000000000 4.0000000000 137.0000000000 -448.0000000000
679826.3163502602 5559960.6308452077 0.0000000000 4.0000000000 138.0000000000 -448.0000000000
679828.0613250952 5559910.6613038564 0.0000000000 4.0000000000 139.0000000000 -448.0000000000
679829.8062999303 5559860.6917625051 0.0000000000 4.0000000000 140.0000000000 -448.0000000000
679831.5512747654 5559810.7222211538 0.0000000000 4.0000000000 141.0000000000 -448.0000000000
679833.2962496005 5559760.7526798025 0.0000000000 4.0000000000 142.0000000000 -448.0000000000
679835.0412244356 5559710.7831384512 0.0000000000 4.0000000000 143.0000000000 -448.0000000000
679836.7861992706 5559660.8135970999 0.0000000000 4.0000000000 144.0000000000 -448.0000000000
679838.5311741057 5559610.8440557485 0.0000000000 4.0000000000 145.0000000000 -448.0000000000
679840.2761489408 5559560.8745143972 0.0000000000 4.0000000000 146.0000000000 -448.0000000000
679842.0211237759 5559510.9049730459 0.0000000000 4.0000000000 147.0000000000 -448.0000000000
679843.7660986109 5559460.9354316946 0.0000000000 4.0000000000 148.0000000000 -448.0000000000
679845.5110734460 5559410.9658903433 0.0000000000 4.0000000000 149.0000000000 -448.0000000000
679847.2560482811 5559360.9963489920 0.0000000000 4.0000000000 150.0000000000 -448.0000000000
679849.0010231162 5559311.0268076407 0.0000000000 4.0000000000 151.0000000000 -448.0000000000
679850.7459979512 5559261.0572662894 0.0000000000 4.0000000000 152.0000000000 -448.0000000000
679852.4909727863 5559211.0877249381 0.0000000000 4.0000000000 153.0000000000 -448.0000000000
679854.2359476214 5559161.1181835867 0.0000000000 4.0000000000 154.0000000000 -448.0000000000
679855.9809224565 5559111.1486422354 0.0000000000 4.0000000000 155.0000000000 -448.0000000000
679857.7258972916 5559061.1791008841 0.0000000000 4.0000000000 156.0000000000 -448.0000000000
679859.4708721266 5559011.2095595328 0.0000000000 4.0000000000 157.0000000000 -448.0000000000
679861.2158469617 5558961.2400181815 0.0000000000 4.0000000000 158.0000000000 -448.0000000000
679862.9608217968 5558911.2704768302 0.0000000000 4.0000000000 159.0000000000 -448.0000000000
679962.8999044987 5558914.7604265008 0.0000000000 5.0000000000 160.0000000000 -268.0000000000
679961.1549296636 5558964.7299678521 0.0000000000 5.0000000000 161.0000000000 -268.0000000000
679959.4099548286 5559014.6995092034 0.0000000000 5.0000000000 162.0000000000 -268.0000000000
679957.6649799935 5559064.6690505547 0.0000000000 5.0000000000 163.0000000000 -268.0000000000
679955.9200051584 5559114.6385919061 0.0000000000 5.0000000000 164.0000000000 -268.0000000000
679954.1750303233 5559164.6081332574 0.0000000000 5.0000000000 165.0000000000 -268.0000000000
679952.4300554883 5559214.5776746087 0.0000000000 5.0000000000 166.0000000000 -268.0000000000
679950.6850806532 5559264.5472159600 0.0000000000 5.0000000000 167.0000000000 -268.0000000000
679948.9401058181 5559314.5167573113 0.0000000000 5.0000000000 168.0000000000 -268.0000000000
679947.1951309830 5559364.4862986626 0.0000000000 5.0000000000 169.0000000000 -268.0000000000
679945.4501561479 5559414.4558400139 0.0000000000 5.0000000000 170.0000000000 -268.0000000000
679943.7051813129 5559464.4253813652 0.0000000000 5.0000000000 171.0000000000 -268.0000000000
679941.9602064778 5559514.3949227165 0.0000000000 5.0000000000 172.0000000000 -268.0000000000
679940.2152316427 5559564.3644640679 0.0000000000 5.0000000000 173.0000000000 -268.0000000000
679938.4702568076 5559614.3340054192 0.0000000000 5.0000000000 174.0000000000 -268.0000000000
679936.7252819726 5559664.3035467705 0.0000000000 5.0000000000 175.0000000000 -268.0000000000
679934.9803071375 5559714.2730881218 0.0000000000 5.0000000000 176.0000000000 -268.0000000000
679933.2353323024 5559764.2426294731 0.0000000000 5.0000000000 177.0000000000 -268.0000000000
679931.4903574673 5559814.2121708244 0.0000000000 5.0000000000 178.0000000000 -268.0000000000
679929.7453826322 5559864.1817121757 0.0000000000 5.0000000000 179.0000000000 -268.0000000000
679928.0004077972 5559914.1512535270 0.0000000000 5.0000000000 180.0000000000 -268.0000000000
679926.2554329621 5559964.1207948783 0.0000000000 5.0000000000 181.0000000000 -268.0000000000
679924.5104581270 5560014.0903362297 0.0000000000 5.0000000000 182.0000000000 -268.0000000000
679922.7654832919 5560064.0598775810 0.0000000000 5.0000000000 183.0000000000 -268.0000000000
679921.0205084569 5560114.0294189323 0.0000000000 5.0000000000 184.0000000000 -268.0000000000
679919.2755336218 5560163.9989602836 0.0000000000 5.0000000000 185.0000000000 -268.0000000000
679917.5305587867 5560213.9685016349 0.0000000000 5.0000000000 186.0000000000 -268.0000000000
679915.7855839516 5560263.9380429862 0.0000000000 5.0000000000 187.0000000000 -268.0000000000
679914.0406091165 5560313.9075843375 0.0000000000 5.0000000000 188.0000000000 -268.0000000000
679912.2956342815 5560363.8771256888 0.0000000000 5.0000000000 189.0000000000 -268.0000000000
679910.5506594464 5560413.8466670401 0.0000000000 5.0000000000 190.0000000000 -268.0000000000
679908.8056846113 5560463.8162083915 0.0000000000 5.0000000000 191.0000000000 -268.0000000000
679907.0607097762 5560513.7857497428 0.0000000000 5.0000000000 192.0000000000 -268.0000000000
679905.3157349412 5560563.7552910941 0.0000000000 5.0000000000 193.0000000000 -268.0000000000
679903.5707601061 5560613.7248324454 0.0000000000 5.0000000000 194.0000000000 -268.0000000000
679901.8257852710 5560663.6943737967 0.0000000000 5.0000000000 195.0000000000 -268.0000000000
679900.0808104359 5560713.6639151480 0.0000000000 5.0000000000 196.0000000000 -268.0000000000
679898.3358356009 5560763.6334564993 0.0000000000 5.0000000000 197.0000000000 -268.0000000000
679896.5908607658 5560813.6029978506 0.0000000000 5.0000000000 198.0000000000 -268.0000000000
679894.8458859307 5560863.5725392019 0.0000000000 5.0000000000 199.0000000000 -268.0000000000
679994.7849686326 5560867.0624888726 0.0000000000 6.0000000000 200.0000000000 -448.0000000000
679996.5299434677 5560817.0929475212 0.0000000000 6.0000000000 201.0000000000 -448.0000000000
679998.2749183028 5560767.1234061699 0.0000000000 6.0000000000 202.0000000000 -448.0000000000
680000.0198931379 5560717.1538648186 0.0000000000 6.0000000000 203.0000000000 -448.0000000000
680001.7648679729 5560667.1843234673 0.0000000000 6.0000000000 204.0000000000 -448.0000000000
680003.5098428080 5560617.2147821160 0.0000000000 6.0000000000 205.0000000000 -448.0000000000
680005.2548176431 5560567.2452407647 0.0000000000 6.0000000000 206.0000000000 -448.0000000000
680006.9997924782 5560517.2756994134 0.0000000000 6.0000000000 207.0000000000 -448.0000000000
680008.7447673132 5560467.3061580621 0.0000000000 6.0000000000 208.0000000000 -448.0000000000
680010.4897421483 5560417.3366167108 0.0000000000 6.0000000000 209.0000000000 -448.0000000000
680012.2347169834 5560367.3670753594 0.0000000000 6.0000000000 210.0000000000 -448.0000000000
680013.9796918185 5560317.3975340081 0.0000000000 6.0000000000 211.0000000000 -448.0000000000
680015.7246666536 5560267.4279926568 0.0000000000 6.0000000000 212.0000000000 -448.0000000000
680017.4696414886 5560217.4584513055 0.0000000000 6.0000000000 213.0000000000 -448.0000000000
680019.2146163237 5560167.4889099542 0.0000000000 6.0000000000 214.0000000000 -448.0000000000
680020.9595911588 5560117.5193686029 0.0000000000 6.0000000000 215.0000000000 -448.0000000000
680022.7045659939 5560067.5498272516 0.0000000000 6.0000000000 216.0000000000 -448.0000000000
680024.4495408289 5560017.5802859003 0.0000000000 6.0000000000 217.0000000000 -448.0000000000
680026.1945156640 5559967.6107445490 0.0000000000 6.0000000000 218.0000000000 -448.0000000000
680027.9394904991 5559917.6412031977 0.0000000000 6.0000000000 219.0000000000 -448.0000000000
680029.6844653342 5559867.6716618463 0.0000000000 6.0000000000 220.0000000000 -448.0000000000
680031.4294401692 5559817.7021204950 0.0000000000 6.0000000000 221.0000000000 -448.0000000000
680033.1744150043 5559767.7325791437 0.0000000000 6.0000000000 222.0000000000 -448.0000000000
680034.9193898394 5559717.7630377924 0.0000000000 6.0000000000 223.0000000000 -448.0000000000
680036.6643646745 5559667.7934964411 0.0000000000 6.0000000000 224.0000000000 -448.0000000000
680038.4093395096 5559617.8239550898 0.0000000000 6.0000000000 225.0000000000 -448.0000000000
680040.1543143446 5559567.8544137385 0.0000000000 6.0000000000 226.0000000000 -448.0000000000
680041.8992891797 5559517.8848723872 0.0000000000 6.0000000000 227.0000000000 -448.0000000000
680043.6442640148 5559467.9153310359 0.0000000000 6.0000000000 228.0000000000 -448.0000000000
680045.3892388499 5559417.9457896845 0.0000000000 6.0000000000 229.0000000000 -448.0000000000
680047.1342136849 5559367.9762483332 0.0000000000 6.0000000000 230.0000000000 -448.0000000000
680048.8791885200 5559318.0067069819 0.0000000000 6.0000000000 231.0000000000 -448.0000000000
680050.6241633551 5559268.0371656306 0.0000000000 6.0000000000 232.0000000000 -448.0000000000
680052.3691381902 5559218.0676242793 0.0000000000 6.0000000000 233.0000000000 -448.0000000000
680054.1141130253 5559168.0980829280 0.0000000000 6.0000000000 234.0000000000 -448.0000000000
680055.8590878603 5559118.1285415767 0.0000000000 6.0000000000 235.0000000000 -448.0000000000
680057.6040626954 5559068.1590002254 0.0000000000 6.0000000000 236.0000000000 -448.0000000000
680059.3490375305 5559018.1894588741 0.0000000000 6.0000000000 237.0000000000 -448.0000000000
680061.0940123656 5558968.2199175227 0.0000000000 6.0000000000 238.0000000000 -448.0000000000
680062.8389872006 5558918.2503761714 0.0000000000 6.0000000000 239.0000000000 -448.0000000000
680162.7780699026 5558921.7403258421 0.0000000000 7.0000000000 240.0000000000 -268.0000000000
680161.0330950675 5558971.7098671934 0.0000000000 7.0000000000 241.0000000000 -268.0000000000
680159.2881202324 5559021.6794085447 0.0000000000 7.0000000000 242.0000000000 -268.0000000000
680157.5431453973 5559071.6489498960 0.0000000000 7.0000000000 243.0000000000 -268.0000000000
680155.7981705623 5559121.6184912473 0.0000000000 7.0000000000 244.0000000000 -268.0000000000
680154.0531957272 5559171.5880325986 0.0000000000 7.0000000000 245.0000000000 -268.0000000000
680152.3082208921 5559221.5575739499 0.0000000000 7.0000000000 246.0000000000 -268.0000000000
680150.5632460570 5559271.5271153012 0.0000000000 7.0000000000 247.0000000000 -268.0000000000
680148.8182712219 5559321.4966566525 0.0000000000 7.0000000000 248.0000000000 -268.0000000000
680147.0732963869 5559371.4661980039 0.0000000000 7.0000000000 249.0000000000 -268.0000000000
680145.3283215518 5559421.4357393552 0.0000000000 7.0000000000 250.0000000000 -268.0000000000
680143.5833467167 5559471.4052807065 0.0000000000 7.0000000000 251.0000000000 -268.0000000000
680141.8383718816 5559521.3748220578 0.0000000000 7.0000000000 252.0000000000 -268.0000000000
680140.0933970466 5559571.3443634091 0.0000000000 7.0000000000 253.0000000000 -268.0000000000
680138.3484222115 5559621.3139047604 0.0000000000 7.0000000000 254.0000000000 -268.0000000000
680136.6034473764 5559671.2834461117 0.0000000000 7.0000000000 255.0000000000 -268.0000000000
680134.8584725413 5559721.2529874630 0.0000000000 7.0000000000 256.0000000000 -268.0000000000
680133.1134977062 5559771.2225288143 0.0000000000 7.0000000000 257.0000000000 -268.0000000000
680131.3685228712 5559821.1920701656 0.0000000000 7.0000000000 258.0000000000 -268.0000000000
680129.6235480361 5559871.1616115170 0.0000000000 7.0000000000 259.0000000000 -268.0000000000
680127.8785732010 5559921.1311528683 0.0000000000 7.0000000000 260.0000000000 -268.0000000000
680126.1335983659 5559971.1006942196 0.0000000000 7.0000000000 261.0000000000 -268.0000000000
680124.3886235309 5560021.0702355709 0.0000000000 7.0000000000 262.0000000000 -268.0000000000
680122.6436486958 5560071.0397769222 0.0000000000 7.0000000000 263.0000000000 -268.0000000000
680120.8986738607 5560121.0093182735 0.0000000000 7.0000000000 264.0000000000 -268.0000000000
680119.1536990256 5560170.9788596248 0.0000000000 7.0000000000 265.0000000000 -268.0000000000
680117.4087241906 5560220.9484009761 0.0000000000 7.0000000000 266.0000000000 -268.0000000000
680115.6637493555 5560270.9179423274 0.0000000000 7.0000000000 267.0000000000 -268.0000000000
680113.9187745204 5560320.8874836788 0.0000000000 7.0000000000 268.0000000000 -268.0000000000
680112.1737996853 5560370.8570250301 0.0000000000 7.0000000000 269.0000000000 -268.0000000000
680110.4288248502 5560420.8265663814 0.0000000000 7.0000000000 270.0000000000 -268.0000000000
680108.6838500152 5560470.7961077327 0.0000000000 7.0000000000 271.0000000000 -268.0000000000
680106.9388751801 5560520.7656490840 0.0000000000 7.0000000000 272.0000000000 -268.0000000000
680105.1939003450 5560570.7351904353 0.0000000000 7.0000000000 273.0000000000 -268.0000000000
680103.4489255099 5560620.7047317866 0.0000000000 7.0000000000 274.0000000000 -268.0000000000
680101.7039506749 5560670.6742731379 0.0000000000 7.0000000000 275.0000000000 -268.0000000000
680099.9589758398 5560720.6438144892 0.0000000000 7.0000000000 276.0000000000 -268.0000000000
680098.2140010047 5560770.6133558406 0.0000000000 7.0000000000 277.0000000000 -268.0000000000
680096.4690261696 5560820.5828971919 0.0000000000 7.0000000000 278.0000000000 -268.0000000000
680094.7240513345 5560870.5524385432 0.0000000000 7.0000000000 279.0000000000 -268.0000000000
680194.6631340365 5560874.0423882138 0.0000000000 8.0000000000 280.0000000000 -448.0000000000
680196.4081088715 5560824.0728468625 0.0000000000 8.0000000000 281.0000000000 -448.0000000000
680198.1530837066 5560774.1033055112 0.0000000000 8.0000000000 282.0000000000 -448.0000000000
680199.8980585417 5560724.1337641599 0.0000000000 8.0000000000 283.0000000000 -448.0000000000
680201.6430333768 5560674.1642228086 0.0000000000 8.0000000000 284.0000000000 -448.0000000000
680203.3880082119 5560624.1946814572 0.0000000000 8.0000000000 285.0000000000 -448.0000000000
680205.1329830469 5560574.2251401059 0.0000000000 8.0000000000 286.0000000000 -448.0000000000
680206.8779578820 5560524.2555987546 0.0000000000 8.0000000000 287.0000000000 -448.0000000000
680208.6229327171 5560474.2860574033 0.0000000000 8.0000000000 288.0000000000 -448.0000000000
680210.3679075522 5560424.3165160520 0.0000000000 8.0000000000 289.0000000000 -448.0000000000
680212.1128823872 5560374.3469747007 0.0000000000 8.0000000000 290.0000000000 -448.0000000000
680213.8578572223 5560324.3774333494 0.0000000000 8.0000000000 291.0000000000 -448.0000000000
680215.6028320574 5560274.4078919981 0.0000000000 8.0000000000 292.0000000000 -448.0000000000
680217.3478068925 5560224.4383506468 0.0000000000 8.0000000000 293.0000000000 -448.0000000000
680219.0927817276 5560174.4688092954 0.0000000000 8.0000000000 294.0000000000 -448.0000000000
680220.8377565626 5560124.4992679441 0.0000000000 8.0000000000 295.0000000000 -448.0000000000
680222.5827313977 5560074.5297265928 0.0000000000 8.0000000000 296.0000000000 -448.0000000000
680224.3277062328 5560024.5601852415 0.0000000000 8.0000000000 297.0000000000 -448.0000000000
680226.0726810679 5559974.5906438902 0.0000000000 8.0000000000 298.0000000000 -448.0000000000
680227.8176559029 5559924.6211025389 0.0000000000 8.0000000000 299.0000000000 -448.0000000000
680229.5626307380 5559874.6515611876 0.0000000000 8.0000000000 300.0000000000 -448.0000000000
680231.3076055731 5559824.6820198363 0.0000000000 8.0000000000 301.0000000000 -448.0000000000
680233.0525804082 5559774.7124784850 0.0000000000 8.0000000000 302.0000000000 -448.0000000000
680234.7975552432 5559724.7429371336 0.0000000000 8.0000000000 303.0000000000 -448.0000000000
680236.5425300783 5559674.7733957823 0.0000000000 8.0000000000 304.0000000000 -448.0000000000
680238.2875049134 5559624.8038544310 0.0000000000 8.0000000000 305.0000000000 -448.0000000000
680240.0324797485 5559574.8343130797 0.0000000000 8.0000000000 306.0000000000 -448.0000000000
680241.7774545836 5559524.8647717284 0.0000000000 8.0000000000 307.0000000000 -448.0000000000
680243.5224294186 5559474.8952303771 0.0000000000 8.0000000000 308.0000000000 -448.0000000000
680245.2674042537 5559424.9256890258 0.0000000000 8.0000000000 309.0000000000 -448.0000000000
680247.0123790888 5559374.9561476745 0.0000000000 8.0000000000 310.0000000000 -448.0000000000
680248.7573539239 5559324.9866063232 0.0000000000 8.0000000000 311.0000000000 -448.0000000000
680250.5023287589 5559275.0170649718 0.0000000000 8.0000000000 312.0000000000 -448.0000000000
680252.2473035940 5559225.0475236205 0.0000000000 8.0000000000 313.0000000000 -448.0000000000
680253.9922784291 5559175.0779822692 0.0000000000 8.0000000000 314.0000000000 -448.0000000000
680255.7372532642 5559125.1084409179 0.0000000000 8.0000000000 315.0000000000 -448.0000000000
680257.4822280993 5559075.1388995666 0.0000000000 8.0000000000 316.0000000000 -448.0000000000
680259.2272029343 5559025.1693582153 0.0000000000 8.0000000000 317.0000000000 -448.0000000000
680260.9721777694 5558975.1998168640 0.0000000000 8.0000000000 318.0000000000 -448.0000000000
680262.7171526045 5558925.2302755127 0.0000000000 8.0000000000 319.0000000000 -448.0000000000
680362.6562353064 5558928.7202251833 0.0000000000 9.0000000000 320.0000000000 -268.0000000000
680360.9112604713 5558978.6897665346 0.0000000000 9.0000000000 321.0000000000 -268.0000000000
680359.1662856363 5559028.6593078859 0.0000000000 9.0000000000 322.0000000000 -268.0000000000
680357.4213108012 5559078.6288492372 0.0000000000 9.0000000000 323.0000000000 -268.0000000000
680355.6763359661 5559128.5983905885 0.0000000000 9.0000000000 324.0000000000 -268.0000000000
680353.9313611310 5559178.5679319398 0.0000000000 9.0000000000 325.0000000000 -268.0000000000
680352.1863862959 5559228.5374732912 0.0000000000 9.0000000000 326.0000000000 -268.0000000000
680350.4414114609 5559278.5070146425 0.0000000000 9.0000000000 327.0000000000 -268.0000000000
680348.6964366258 5559328.4765559938 0.0000000000 9.0000000000 328.0000000000 -268.0000000000
680346.9514617907 5559378.4460973451 0.0000000000 9.0000000000 329.0000000000 -268.0000000000
680345.2064869556 5559428.4156386964 0.0000000000 9.0000000000 330.0000000000 -268.0000000000
680343.4615121206 5559478.3851800477 0.0000000000 9.0000000000 331.0000000000 -268.0000000000
680341.7165372855 5559528.3547213990 0.0000000000 9.0000000000 332.0000000000 -268.0000000000
680339.9715624504 5559578.3242627503 0.0000000000 9.0000000000 333.0000000000 -268.0000000000
680338.2265876153 5559628.2938041016 0.0000000000 9.0000000000 334.0000000000 -268.0000000000
680336.4816127802 5559678.2633454530 0.0000000000 9.0000000000 335.0000000000 -268.0000000000
680334.7366379452 5559728.2328868043 0.0000000000 9.0000000000 336.0000000000 -268.0000000000
680332.9916631101 5559778.2024281556 0.0000000000 9.0000000000 337.0000000000 -268.0000000000
680331.2466882750 5559828.1719695069 0.0000000000 9.0000000000 338.0000000000 -268.0000000000
680329.5017134399 5559878.1415108582 0.0000000000 9.0000000000 339.0000000000 -268.0000000000
680327.7567386049 5559928.1110522095 0.0000000000 9.0000000000 340.0000000000 -268.0000000000
680326.0117637698 5559978.0805935608 0.0000000000 9.0000000000 341.0000000000 -268.0000000000
680324.2667889347 5560028.0501349121 0.0000000000 9.0000000000 342.0000000000 -268.0000000000
680322.5218140996 5560078.0196762634 0.0000000000 9.0000000000 343.0000000000 -268.0000000000
680320.7768392646 5560127.9892176148 0.0000000000 9.0000000000 344.0000000000 -268.0000000000
680319.0318644295 5560177.9587589661 0.0000000000 9.0000000000 345.0000000000 -268.0000000000
680317.2868895944 5560227.9283003174 0.0000000000 9.0000000000 346.0000000000 -268.0000000000
680315.5419147593 5560277.8978416687 0.0000000000 9.0000000000 347.0000000000 -268.0000000000
680313.7969399242 5560327.8673830200 0.0000000000 9.0000000000 348.0000000000 -268.0000000000
680312.0519650892 5560377.8369243713 0.0000000000 9.0000000000 349.0000000000 -268.0000000000
680310.3069902541 5560427.8064657226 0.0000000000 9.0000000000 350.0000000000 -268.0000000000
680308.5620154190 5560477.7760070739 0.0000000000 9.0000000000 351.0000000000 -268.0000000000
680306.8170405839 5560527.7455484252 0.0000000000 9.0000000000 352.0000000000 -268.0000000000
680305.0720657489 5560577.7150897766 0.0000000000 9.0000000000 353.0000000000 -268.0000000000
680303.3270909138 5560627.6846311279 0.0000000000 9.0000000000 354.0000000000 -268.0000000000
680301.5821160787 5560677.6541724792 0.0000000000 9.0000000000 355.0000000000 -268.0000000000
680299.8371412436 5560727.6237138305 0.0000000000 9.0000000000 356.0000000000 -268.0000000000
680298.0921664085 5560777.5932551818 0.0000000000 9.0000000000 357.0000000000 -268.0000000000
680296.3471915735 5560827.5627965331 0.0000000000 9.0000000000 358.0000000000 -268.0000000000
680294.6022167384 5560877.5323378844 0.0000000000 9.0000000000 359.0000000000 -268.0000000000
680394.5412994403 5560881.0222875550 0.0000000000 10.0000000000 360.0000000000 -448.0000000000
680396.2862742754 5560831.0527462037 0.0000000000 10.0000000000 361.0000000000 -448.0000000000
680398.0312491105 5560781.0832048524 0.0000000000 10.0000000000 362.0000000000 -448.0000000000
680399.7762239455 5560731.1136635011 0.0000000000 10.0000000000 363.0000000000 -448.0000000000
680401.5211987806 5560681.1441221498 0.0000000000 10.0000000000 364.0000000000 -448.0000000000
680403.2661736157 5560631.1745807985 0.0000000000 10.0000000000 365.0000000000 -448.0000000000
680405.0111484508 5560581.2050394472 0.0000000000 10.0000000000 366.0000000000 -448.0000000000
680406.7561232859 5560531.2354980959 0.0000000000 10.0000000000 367.0000000000 -448.0000000000
680408.5010981209 5560481.2659567446 0.0000000000 10.0000000000 368.0000000000 -448.0000000000
680410.2460729560 5560431.2964153932 0.0000000000 10.0000000000 369.0000000000 -448.0000000000
680411.9910477911 5560381.3268740419 0.0000000000 10.0000000000 370.0000000000 -448.0000000000
680413.7360226262 5560331.3573326906 0.0000000000 10.0000000000 371.0000000000 -448.0000000000
680415.4809974612 5560281.3877913393 0.0000000000 10.0000000000 372.0000000000 -448.0000000000
680417.2259722963 5560231.4182499880 0.0000000000 10.0000000000 373.0000000000 -448.0000000000
680418.9709471314 5560181.4487086367 0.0000000000 10.0000000000 374.0000000000 -448.0000000000
680420.7159219665 5560131.4791672854 0.0000000000 10.0000000000 375.0000000000 -448.0000000000
680422.4608968016 5560081.5096259341 0.0000000000 10.0000000000 376.0000000000 -448.0000000000
680424.2058716366 5560031.5400845828 0.0000000000 10.0000000000 377.0000000000 -448.0000000000
680425.9508464717 5559981.5705432314 0.0000000000 10.0000000000 378.0000000000 -448.0000000000
680427.6958213068 5559931.6010018801 0.0000000000 10.0000000000 379.0000000000 -448.0000000000
680429.4407961419 5559881.6314605288 0.0000000000 10.0000000000 380.0000000000 -448.0000000000
680431.1857709769 5559831.6619191775 0.0000000000 10.0000000000 381.0000000000 -448.0000000000
680432.9307458120 5559781.6923778262 0.0000000000 10.0000000000 382.0000000000 -448.0000000000
680434.6757206471 5559731.7228364749 0.0000000000 10.0000000000 383.0000000000 -448.0000000000
680436.4206954822 5559681.7532951236 0.0000000000 10.0000000000 384.0000000000 -448.0000000000
680438.1656703172 5559631.7837537723 0.0000000000 10.0000000000 385.0000000000 -448.0000000000
680439.9106451523 5559581.8142124210 0.0000000000 10.0000000000 386.0000000000 -448.0000000000
680441.6556199874 5559531.8446710696 0.0000000000 10.0000000000 387.0000000000 -448.0000000000
680443.4005948225 5559481.8751297183 0.0000000000 10.0000000000 388.0000000000 -448.0000000000
680445.1455696576 5559431.9055883670 0.0000000000 10.0000000000 389.0000000000 -448.0000000000
680446.8905444926 5559381.9360470157 0.0000000000 10.0000000000 390.0000000000 -448.0000000000
680448.6355193277 5559331.9665056644 0.0000000000 10.0000000000 391.0000000000 -448.0000000000
680450.3804941628 5559281.9969643131 0.0000000000 10.0000000000 392.0000000000 -448.0000000000
680452.1254689979 5559232.0274229618 0.0000000000 10.0000000000 393.0000000000 -448.0000000000
680453.8704438329 5559182.0578816105 0.0000000000 10.0000000000 394.0000000000 -448.0000000000
680455.6154186680 5559132.0883402592 0.0000000000 10.0000000000 395.0000000000 -448.0000000000
680457.3603935031 5559082.1187989078 0.0000000000 10.0000000000 396.0000000000 -448.0000000000
680459.1053683382 5559032.1492575565 0.0000000000 10.0000000000 397.0000000000 -448.0000000000
680460.8503431733 5558982.1797162052 0.0000000000 10.0000000000 398.0000000000 -448.0000000000
680462.5953180083 5558932.2101748539 0.0000000000 10.0000000000 399.0000000000 -448.0000000000
