217535.9344738932 3316354.0225939397 0.0000000000 1.0000000000 0.0000000000 220.0000000000
217382.7255852694 3316225.4650720023 0.0000000000 1.0000000000 1.0000000000 220.0000000000
217229.5166966456 3316096.9075500648 0.0000000000 1.0000000000 2.0000000000 220.0000000000
217076.3078080218 3315968.3500281274 0.0000000000 1.0000000000 3.0000000000 220.0000000000
216923.0989193980 3315839.7925061900 0.0000000000 1.0000000000 4.0000000000 220.0000000000
216987.3776803666 3315763.1880618781 0.0000000000 2.0000000000 5.0000000000 400.0000000000
217140.5865689904 3315891.7455838155 0.0000000000 2.0000000000 6.0000000000 400.0000000000
217293.7954576142 3316020.3031057529 0.0000000000 2.0000000000 7.0000000000 400.0000000000
217447.0043462380 3316148.8606276903 0.0000000000 2.0000000000 8.0000000000 400.0000000000
217600.2132348618 3316277.4181496277 0.0000000000 2.0000000000 9.0000000000 400.0000000000
217664.4919958304 3316200.8137053158 0.0000000000 3.0000000000 10.0000000000 220.0000000000
217511.2831072066 3316072.2561833784 0.0000000000 3.0000000000 11.0000000000 220.0000000000
217358.0742185828 3315943.6986614410 0.0000000000 3.0000000000 12.0000000000 220.0000000000
217204.8653299590 3315815.1411395036 0.0000000000 3.0000000000 13.0000000000 220.0000000000
217051.6564413352 3315686.5836175662 0.0000000000 3.0000000000 14.0000000000 220.0000000000
216898.4475527114 3315558.0260956287 0.0000000000 3.0000000000 15.0000000000 220.0000000000
216962.7263136800 3315481.4216513168 0.0000000000 4.0000000000 16.0000000000 400.0000000000
217115.9352023038 3315609.9791732542 0.0000000000 4.0000000000 17.0000000000 400.0000000000
217269.1440909276 3315738.5366951916 0.0000000000 4.0000000000 18.0000000000 400.0000000000
217422.3529795514 3315867.0942171291 0.0000000000 4.0000000000 19.0000000000 400.0000000000
217575.5618681752 3315995.6517390665 0.0000000000 4.0000000000 20.0000000000 400.0000000000
217728.7707567990 3316124.2092610039 0.0000000000 4.0000000000 21.0000000000 400.0000000000
217793.0495177676 3316047.6048166919 0.0000000000 5.0000000000 22.0000000000 220.0000000000
217639.8406291438 3315919.0472947545 0.0000000000 5.0000000000 23.0000000000 220.0000000000
217486.6317405200 3315790.4897728171 0.0000000000 5.0000000000 24.0000000000 220.0000000000
217333.4228518962 3315661.9322508797 0.0000000000 5.0000000000 25.0000000000 220.0000000000
217180.2139632724 3315533.3747289423 0.0000000000 5.0000000000 26.0000000000 220.0000000000
217027.0050746486 3315404.8172070049 0.0000000000 5.0000000000 27.0000000000 220.0000000000
216938.0749469934 3315199.6552407555 0.0000000000 6.0000000000 28.0000000000 400.0000000000
217091.2838356172 3315328.2127626929 0.0000000000 6.0000000000 29.0000000000 400.0000000000
217244.4927242410 3315456.7702846304 0.0000000000 6.0000000000 30.0000000000 400.0000000000
217397.7016128648 3315585.3278065678 0.0000000000 6.0000000000 31.0000000000 400.0000000000
217550.9105014886 3315713.8853285052 0.0000000000 6.0000000000 32.0000000000 400.0000000000
217704.1193901124 3315842.4428504426 0.0000000000 6.0000000000 33.0000000000 400.0000000000
217857.3282787362 3315971.0003723800 0.0000000000 6.0000000000 34.0000000000 400.0000000000
217921.6070397048 3315894.3959280681 0.0000000000 7.0000000000 35.0000000000 220.0000000000
217768.3981510810 3315765.8384061307 0.0000000000 7.0000000000 36.0000000000 220.0000000000
217615.1892624572 3315637.2808841933 0.0000000000 7.0000000000 37.0000000000 220.0000000000
217461.9803738334 3315508.7233622558 0.0000000000 7.0000000000 38.0000000000 220.0000000000
217308.7714852096 3315380.1658403184 0.0000000000 7.0000000000 39.0000000000 220.0000000000
217155.5625965858 3315251.6083183810 0.0000000000 7.0000000000 40.0000000000 220.0000000000
217002.3537079620 3315123.0507964436 0.0000000000 7.0000000000 41.0000000000 220.0000000000
216913.4235803068 3314917.8888301942 0.0000000000 8.0000000000 42.0000000000 400.0000000000
217066.6324689306 3315046.4463521317 0.0000000000 8.0000000000 43.0000000000 400.0000000000
217219.8413575544 3315175.0038740691 0.0000000000 8.0000000000 44.0000000000 400.0000000000
217373.0502461782 3315303.5613960065 0.0000000000 8.0000000000 45.0000000000 400.0000000000
217526.2591348020 3315432.1189179439 0.0000000000 8.0000000000 46.0000000000 400.0000000000
217679.4680234258 3315560.6764398813 0.0000000000 8.0000000000 47.0000000000 400.0000000000
217832.6769120496 3315689.2339618187 0.0000000000 8.0000000000 48.0000000000 400.0000000000
217985.8858006734 3315817.7914837562 0.0000000000 8.0000000000 49.0000000000 400.0000000000
218050.1645616420 3315741.1870394442 0.0000000000 9.0000000000 50.0000000000 220.0000000000
217896.9556730182 3315612.6295175068 0.0000000000 9.0000000000 51.0000000000 220.0000000000
217743.7467843944 3315484.0719955694 0.0000000000 9.0000000000 52.0000000000 220.0000000000
217590.5378957706 3315355.5144736320 0.0000000000 9.0000000000 53.0000000000 220.0000000000
217437.3290071468 3315226.9569516946 0.0000000000 9.0000000000 54.0000000000 220.0000000000
217284.1201185230 3315098.3994297571 0.0000000000 9.0000000000 55.0000000000 220.0000000000
217130.9112298992 3314969.8419078197 0.0000000000 9.0000000000 56.0000000000 220.0000000000
216977.7023412754 3314841.2843858823 0.0000000000 9.0000000000 57.0000000000 220.0000000000
217041.9811022440 3314764.6799415704 0.0000000000 10.0000000000 58.0000000000 400.0000000000
217195.1899908678 3314893.2374635078 0.0000000000 10.0000000000 59.0000000000 400.0000000000
217348.3988794916 3315021.7949854452 0.0000000000 10.0000000000 60.0000000000 400.0000000000
217501.6077681154 3315150.3525073826 0.0000000000 10.0000000000 61.0000000000 400.0000000000
217654.8166567392 3315278.9100293200 0.0000000000 10.0000000000 62.0000000000 400.0000000000
217808.0255453630 3315407.4675512575 0.0000000000 10.0000000000 63.0000000000 400.0000000000
217961.2344339868 3315536.0250731949 0.0000000000 10.0000000000 64.0000000000 400.0000000000
218114.4433226106 3315664.5825951323 0.0000000000 10.0000000000 65.0000000000 400.0000000000
218178.7220835792 3315587.9781508204 0.0000000000 11.0000000000 66.0000000000 220.0000000000
218025.5131949554 3315459.4206288829 0.0000000000 11.0000000000 67.0000000000 220.0000000000
217872.3043063316 3315330.8631069455 0.0000000000 11.0000000000 68.0000000000 220.0000000000
217719.0954177078 3315202.3055850081 0.0000000000 11.0000000000 69.0000000000 220.0000000000
217565.8865290840 3315073.7480630707 0.0000000000 11.0000000000 70.0000000000 220.0000000000
217412.6776404602 3314945.1905411333 0.0000000000 11.0000000000 71.0000000000 220.0000000000
217259.4687518364 3314816.6330191959 0.0000000000 11.0000000000 72.0000000000 220.0000000000
217106.2598632126 3314688.0754972585 0.0000000000 11.0000000000 73.0000000000 220.0000000000
216953.0509745888 3314559.5179753210 0.0000000000 11.0000000000 74.0000000000 220.0000000000
217017.3297355574 3314482.9135310091 0.0000000000 12.0000000000 75.0000000000 400.0000000000
217170.5386241812 3314611.4710529465 0.0000000000 12.0000000000 76.0000000000 400.0000000000
217323.7475128050 3314740.0285748839 0.0000000000 12.0000000000 77.0000000000 400.0000000000
217476.9564014288 3314868.5860968214 0.0000000000 12.0000000000 78.0000000000 400.0000000000
217630.1652900526 3314997.1436187588 0.0000000000 12.0000000000 79.0000000000 400.0000000000
217783.3741786764 3315125.7011406962 0.0000000000 12.0000000000 80.0000000000 400.0000000000
217936.5830673002 3315254.2586626336 0.0000000000 12.0000000000 81.0000000000 400.0000000000
218089.7919559240 3315382.8161845710 0.0000000000 12.0000000000 82.0000000000 400.0000000000
218154.0707168926 3315306.2117402591 0.0000000000 13.0000000000 83.0000000000 220.0000000000
218000.8618282688 3315177.6542183217 0.0000000000 13.0000000000 84.0000000000 220.0000000000
217847.6529396450 3315049.0966963843 0.0000000000 13.0000000000 85.0000000000 220.0000000000
217694.4440510212 3314920.5391744468 0.0000000000 13.0000000000 86.0000000000 220.0000000000
217541.2351623974 3314791.9816525094 0.0000000000 13.0000000000 87.0000000000 220.0000000000
217388.0262737736 3314663.4241305720 0.0000000000 13.0000000000 88.0000000000 220.0000000000
217234.8173851498 3314534.8666086346 0.0000000000 13.0000000000 89.0000000000 220.0000000000
217081.6084965260 3314406.3090866972 0.0000000000 13.0000000000 90.0000000000 220.0000000000
216928.3996079022 3314277.7515647598 0.0000000000 13.0000000000 91.0000000000 220.0000000000
216992.6783688708 3314201.1471204478 0.0000000000 14.0000000000 92.0000000000 400.0000000000
217145.8872574946 3314329.7046423852 0.0000000000 14.0000000000 93.0000000000 400.0000000000
217299.0961461184 3314458.2621643227 0.0000000000 14.0000000000 94.0000000000 400.0000000000
217452.3050347422 3314586.8196862601 0.0000000000 14.0000000000 95.0000000000 400.0000000000
217605.5139233660 3314715.3772081975 0.0000000000 14.0000000000 96.0000000000 400.0000000000
217758.7228119898 3314843.9347301349 0.0000000000 14.0000000000 97.0000000000 400.0000000000
217911.9317006136 3314972.4922520723 0.0000000000 14.0000000000 98.0000000000 400.0000000000
218065.1405892374 3315101.0497740097 0.0000000000 14.0000000000 99.0000000000 400.0000000000
218129.4193502060 3315024.4453296978 0.0000000000 15.0000000000 100.0000000000 220.0000000000
217976.2104615822 3314895.8878077604 0.0000000000 15.0000000000 101.0000000000 220.0000000000
217823.0015729584 3314767.3302858230 0.0000000000 15.0000000000 102.0000000000 220.0000000000
217669.7926843346 3314638.7727638856 0.0000000000 15.0000000000 103.0000000000 220.0000000000
217516.5837957108 3314510.2152419481 0.0000000000 15.0000000000 104.0000000000 220.0000000000
217363.3749070870 3314381.6577200107 0.0000000000 15.0000000000 105.0000000000 220.0000000000
217210.1660184632 3314253.1001980733 0.0000000000 15.0000000000 106.0000000000 220.0000000000
217056.9571298394 3314124.5426761359 0.0000000000 15.0000000000 107.0000000000 220.0000000000
216903.7482412156 3313995.9851541985 0.0000000000 15.0000000000 108.0000000000 220.0000000000
216968.0270021842 3313919.3807098866 0.0000000000 16.0000000000 109.0000000000 400.0000000000
217121.2358908080 3314047.9382318240 0.0000000000 16.0000000000 110.0000000000 400.0000000000
217274.4447794318 3314176.4957537614 0.0000000000 16.0000000000 111.0000000000 400.0000000000
217427.6536680556 3314305.0532756988 0.0000000000 16.0000000000 112.0000000000 400.0000000000
217580.8625566794 3314433.6107976362 0.0000000000 16.0000000000 113.0000000000 400.0000000000
217734.0714453032 3314562.1683195736 0.0000000000 16.0000000000 114.0000000000 400.0000000000
217887.2803339270 3314690.7258415110 0.0000000000 16.0000000000 115.0000000000 400.0000000000
218040.4892225508 3314819.2833634485 0.0000000000 16.0000000000 116.0000000000 400.0000000000
218104.7679835194 3314742.6789191365 0.0000000000 17.0000000000 117.0000000000 220.0000000000
217951.5590948956 3314614.1213971991 0.0000000000 17.0000000000 118.0000000000 220.0000000000
217798.3502062718 3314485.5638752617 0.0000000000 17.0000000000 119.0000000000 220.0000000000
217645.1413176480 3314357.0063533243 0.0000000000 17.0000000000 120.0000000000 220.0000000000
217491.9324290242 3314228.4488313869 0.0000000000 17.0000000000 121.0000000000 220.0000000000
217338.7235404004 3314099.8913094494 0.0000000000 17.0000000000 122.0000000000 220.0000000000
217185.5146517766 3313971.3337875120 0.0000000000 17.0000000000 123.0000000000 220.0000000000
217032.3057631528 3313842.7762655746 0.0000000000 17.0000000000 124.0000000000 220.0000000000
216943.3756354976 3313637.6142993253 0.0000000000 18.0000000000 125.0000000000 400.0000000000
217096.5845241214 3313766.1718212627 0.0000000000 18.0000000000 126.0000000000 400.0000000000
217249.7934127452 3313894.7293432001 0.0000000000 18.0000000000 127.0000000000 400.0000000000
217403.0023013690 3314023.2868651375 0.0000000000 18.0000000000 128.0000000000 400.0000000000
217556.2111899928 3314151.8443870749 0.0000000000 18.0000000000 129.0000000000 400.0000000000
217709.4200786166 3314280.4019090123 0.0000000000 18.0000000000 130.0000000000 400.0000000000
217862.6289672404 3314408.9594309498 0.0000000000 18.0000000000 131.0000000000 400.0000000000
218015.8378558642 3314537.5169528872 0.0000000000 18.0000000000 132.0000000000 400.0000000000
218169.0467444880 3314666.0744748246 0.0000000000 18.0000000000 133.0000000000 400.0000000000
218080.1166168328 3314460.9125085752 0.0000000000 19.0000000000 134.0000000000 220.0000000000
217926.9077282090 3314332.3549866378 0.0000000000 19.0000000000 135.0000000000 220.0000000000
217773.6988395852 3314203.7974647004 0.0000000000 19.0000000000 136.0000000000 220.0000000000
217620.4899509614 3314075.2399427630 0.0000000000 19.0000000000 137.0000000000 220.0000000000
217467.2810623376 3313946.6824208256 0.0000000000 19.0000000000 138.0000000000 220.0000000000
217314.0721737138 3313818.1248988882 0.0000000000 19.0000000000 139.0000000000 220.0000000000
217160.8632850900 3313689.5673769508 0.0000000000 19.0000000000 140.0000000000 220.0000000000
217007.6543964662 3313561.0098550133 0.0000000000 19.0000000000 141.0000000000 220.0000000000
216918.7242688110 3313355.8478887640 0.0000000000 20.0000000000 142.0000000000 400.0000000000
217071.9331574348 3313484.4054107014 0.0000000000 20.0000000000 143.0000000000 400.0000000000
217225.1420460586 3313612.9629326388 0.0000000000 20.0000000000 144.0000000000 400.0000000000
217378.3509346824 3313741.5204545762 0.0000000000 20.0000000000 145.0000000000 400.0000000000
217531.5598233062 3313870.0779765137 0.0000000000 20.0000000000 146.0000000000 400.0000000000
217684.7687119300 3313998.6354984511 0.0000000000 20.0000000000 147.0000000000 400.0000000000
217837.9776005538 3314127.1930203885 0.0000000000 20.0000000000 148.0000000000 400.0000000000
217991.1864891776 3314255.7505423259 0.0000000000 20.0000000000 149.0000000000 400.0000000000
218144.3953778014 3314384.3080642633 0.0000000000 20.0000000000 150.0000000000 400.0000000000
218055.4652501462 3314179.1460980140 0.0000000000 21.0000000000 151.0000000000 220.0000000000
217902.2563615224 3314050.5885760766 0.0000000000 21.0000000000 152.0000000000 220.0000000000
217749.0474728986 3313922.0310541391 0.0000000000 21.0000000000 153.0000000000 220.0000000000
217595.8385842748 3313793.4735322017 0.0000000000 21.0000000000 154.0000000000 220.0000000000
217442.6296956510 3313664.9160102643 0.0000000000 21.0000000000 155.0000000000 220.0000000000
217289.4208070272 3313536.3584883269 0.0000000000 21.0000000000 156.0000000000 220.0000000000
217136.2119184034 3313407.8009663895 0.0000000000 21.0000000000 157.0000000000 220.0000000000
216983.0030297796 3313279.2434444521 0.0000000000 21.0000000000 158.0000000000 220.0000000000
216894.0729021244 3313074.0814782027 0.0000000000 22.0000000000 159.0000000000 400.0000000000
217047.2817907482 3313202.6390001401 0.0000000000 22.0000000000 160.0000000000 400.0000000000
217200.4906793720 3313331.1965220775 0.0000000000 22.0000000000 161.0000000000 400.0000000000
217353.6995679958 3313459.7540440150 0.0000000000 22.0000000000 162.0000000000 400.0000000000
217506.9084566196 3313588.3115659524 0.0000000000 22.0000000000 163.0000000000 400.0000000000
217660.1173452434 3313716.8690878898 0.0000000000 22.0000000000 164.0000000000 400.0000000000
217813.3262338672 3313845.4266098272 0.0000000000 22.0000000000 165.0000000000 400.0000000000
217966.5351224910 3313973.9841317646 0.0000000000 22.0000000000 166.0000000000 400.0000000000
218119.7440111148 3314102.5416537020 0.0000000000 22.0000000000 167.0000000000 400.0000000000
218030.8138834596 3313897.3796874527 0.0000000000 23.0000000000 168.0000000000 220.0000000000
217877.6049948358 3313768.8221655153 0.0000000000 23.0000000000 169.0000000000 220.0000000000
217724.3961062120 3313640.2646435779 0.0000000000 23.0000000000 170.0000000000 220.0000000000
217571.1872175882 3313511.7071216404 0.0000000000 23.0000000000 171.0000000000 220.0000000000
217417.9783289644 3313383.1495997030 0.0000000000 23.0000000000 172.0000000000 220.0000000000
217264.7694403406 3313254.5920777656 0.0000000000 23.0000000000 173.0000000000 220.0000000000
217111.5605517168 3313126.0345558282 0.0000000000 23.0000000000 174.0000000000 220.0000000000
216958.3516630930 3312997.4770338908 0.0000000000 23.0000000000 175.0000000000 220.0000000000
217022.6304240617 3312920.8725895789 0.0000000000 24.0000000000 176.0000000000 400.0000000000
217175.8393126855 3313049.4301115163 0.0000000000 24.0000000000 177.0000000000 400.0000000000
217329.0482013093 3313177.9876334537 0.0000000000 24.0000000000 178.0000000000 400.0000000000
217482.2570899331 3313306.5451553911 0.0000000000 24.0000000000 179.0000000000 400.0000000000
217635.4659785569 3313435.1026773285 0.0000000000 24.0000000000 180.0000000000 400.0000000000
217788.6748671807 3313563.6601992659 0.0000000000 24.0000000000 181.0000000000 400.0000000000
217941.8837558045 3313692.2177212033 0.0000000000 24.0000000000 182.0000000000 400.0000000000
218095.0926444283 3313820.7752431408 0.0000000000 24.0000000000 183.0000000000 400.0000000000
218159.3714053970 3313744.1707988288 0.0000000000 25.0000000000 184.0000000000 220.0000000000
218006.1625167732 3313615.6132768914 0.0000000000 25.0000000000 185.0000000000 220.0000000000
217852.9536281494 3313487.0557549540 0.0000000000 25.0000000000 186.0000000000 220.0000000000
217699.7447395256 3313358.4982330166 0.0000000000 25.0000000000 187.0000000000 220.0000000000
217546.5358509018 3313229.9407110792 0.0000000000 25.0000000000 188.0000000000 220.0000000000
217393.3269622780 3313101.3831891418 0.0000000000 25.0000000000 189.0000000000 220.0000000000
217240.1180736542 3312972.8256672043 0.0000000000 25.0000000000 190.0000000000 220.0000000000
217086.9091850304 3312844.2681452669 0.0000000000 25.0000000000 191.0000000000 220.0000000000
216933.7002964066 3312715.7106233295 0.0000000000 25.0000000000 192.0000000000 220.0000000000
216997.9790573752 3312639.1061790176 0.0000000000 26.0000000000 193.0000000000 400.0000000000
217151.1879459990 3312767.6637009550 0.0000000000 26.0000000000 194.0000000000 400.0000000000
217304.3968346228 3312896.2212228924 0.0000000000 26.0000000000 195.0000000000 400.0000000000
217457.6057232466 3313024.7787448298 0.0000000000 26.0000000000 196.0000000000 400.0000000000
217610.8146118704 3313153.3362667672 0.0000000000 26.0000000000 197.0000000000 400.0000000000
217764.0235004942 3313281.8937887046 0.0000000000 26.0000000000 198.0000000000 400.0000000000
217917.2323891180 3313410.4513106421 0.0000000000 26.0000000000 199.0000000000 400.0000000000
218070.4412777418 3313539.0088325795 0.0000000000 26.0000000000 200.0000000000 400.0000000000
218134.7200387105 3313462.4043882675 0.0000000000 27.0000000000 201.0000000000 220.0000000000
217981.5111500867 3313333.8468663301 0.0000000000 27.0000000000 202.0000000000 220.0000000000
217828.3022614629 3313205.2893443927 0.0000000000 27.0000000000 203.0000000000 220.0000000000
217675.0933728391 3313076.7318224553 0.0000000000 27.0000000000 204.0000000000 220.0000000000
217521.8844842153 3312948.1743005179 0.0000000000 27.0000000000 205.0000000000 220.0000000000
217368.6755955915 3312819.6167785805 0.0000000000 27.0000000000 206.0000000000 220.0000000000
217215.4667069677 3312691.0592566431 0.0000000000 27.0000000000 207.0000000000 220.0000000000
217062.2578183439 3312562.5017347056 0.0000000000 27.0000000000 208.0000000000 220.0000000000
216909.0489297201 3312433.9442127682 0.0000000000 27.0000000000 209.0000000000 220.0000000000
216973.3276906888 3312357.3397684563 0.0000000000 28.0000000000 210.0000000000 400.0000000000
217126.5365793126 3312485.8972903937 0.0000000000 28.0000000000 211.0000000000 400.0000000000
217279.7454679364 3312614.4548123311 0.0000000000 28.0000000000 212.0000000000 400.0000000000
217432.9543565602 3312743.0123342685 0.0000000000 28.0000000000 213.0000000000 400.0000000000
217586.1632451840 3312871.5698562060 0.0000000000 28.0000000000 214.0000000000 400.0000000000
217739.3721338078 3313000.1273781434 0.0000000000 28.0000000000 215.0000000000 400.0000000000
217892.5810224316 3313128.6849000808 0.0000000000 28.0000000000 216.0000000000 400.0000000000
218045.7899110554 3313257.2424220182 0.0000000000 28.0000000000 217.0000000000 400.0000000000
218110.0686720240 3313180.6379777063 0.0000000000 29.0000000000 218.0000000000 220.0000000000
217956.8597834002 3313052.0804557689 0.0000000000 29.0000000000 219.0000000000 220.0000000000
217803.6508947764 3312923.5229338314 0.0000000000 29.0000000000 220.0000000000 220.0000000000
217650.4420061526 3312794.9654118940 0.0000000000 29.0000000000 221.0000000000 220.0000000000
217497.2331175288 3312666.4078899566 0.0000000000 29.0000000000 222.0000000000 220.0000000000
217344.0242289050 3312537.8503680192 0.0000000000 29.0000000000 223.0000000000 220.0000000000
217190.8153402812 3312409.2928460818 0.0000000000 29.0000000000 224.0000000000 220.0000000000
217037.6064516574 3312280.7353241444 0.0000000000 29.0000000000 225.0000000000 220.0000000000
216884.3975630336 3312152.1778022069 0.0000000000 29.0000000000 226.0000000000 220.0000000000
216948.6763240022 3312075.5733578950 0.0000000000 30.0000000000 227.0000000000 400.0000000000
217101.8852126260 3312204.1308798324 0.0000000000 30.0000000000 228.0000000000 400.0000000000
217255.0941012498 3312332.6884017698 0.0000000000 30.0000000000 229.0000000000 400.0000000000
217408.3029898736 3312461.2459237073 0.0000000000 30.0000000000 230.0000000000 400.0000000000
217561.5118784974 3312589.8034456447 0.0000000000 30.0000000000 231.0000000000 400.0000000000
217714.7207671212 3312718.3609675821 0.0000000000 30.0000000000 232.0000000000 400.0000000000
217867.9296557450 3312846.9184895195 0.0000000000 30.0000000000 233.0000000000 400.0000000000
218021.1385443688 3312975.4760114569 0.0000000000 30.0000000000 234.0000000000 400.0000000000
218085.4173053374 3312898.8715671450 0.0000000000 31.0000000000 235.0000000000 220.0000000000
217932.2084167136 3312770.3140452076 0.0000000000 31.0000000000 236.0000000000 220.0000000000
217778.9995280898 3312641.7565232702 0.0000000000 31.0000000000 237.0000000000 220.0000000000
217625.7906394660 3312513.1990013327 0.0000000000 31.0000000000 238.0000000000 220.0000000000
217472.5817508422 3312384.6414793953 0.0000000000 31.0000000000 239.0000000000 220.0000000000
217319.3728622184 3312256.0839574579 0.0000000000 31.0000000000 240.0000000000 220.0000000000
217166.1639735946 3312127.5264355205 0.0000000000 31.0000000000 241.0000000000 220.0000000000
217230.4427345632 3312050.9219912086 0.0000000000 32.0000000000 242.0000000000 400.0000000000
217383.6516231870 3312179.4795131460 0.0000000000 32.0000000000 243.0000000000 400.0000000000
217536.8605118108 3312308.0370350834 0.0000000000 32.0000000000 244.0000000000 400.0000000000
217690.0694004346 3312436.5945570208 0.0000000000 32.0000000000 245.0000000000 400.0000000000
217843.2782890584 3312565.1520789582 0.0000000000 32.0000000000 246.0000000000 400.0000000000
217996.4871776822 3312693.7096008956 0.0000000000 32.0000000000 247.0000000000 400.0000000000
218149.6960663060 3312822.2671228331 0.0000000000 32.0000000000 248.0000000000 400.0000000000
218060.7659386508 3312617.1051565837 0.0000000000 33.0000000000 249.0000000000 220.0000000000
217907.5570500270 3312488.5476346463 0.0000000000 33.0000000000 250.0000000000 220.0000000000
217754.3481614032 3312359.9901127089 0.0000000000 33.0000000000 251.0000000000 220.0000000000
217601.1392727794 3312231.4325907715 0.0000000000 33.0000000000 252.0000000000 220.0000000000
217447.9303841556 3312102.8750688341 0.0000000000 33.0000000000 253.0000000000 220.0000000000
217665.4180337481 3312154.8281464595 0.0000000000 34.0000000000 254.0000000000 400.0000000000
217818.6269223719 3312283.3856683969 0.0000000000 34.0000000000 255.0000000000 400.0000000000
217971.8358109957 3312411.9431903344 0.0000000000 34.0000000000 256.0000000000 400.0000000000
218125.0446996195 3312540.5007122718 0.0000000000 34.0000000000 257.0000000000 400.0000000000
218036.1145719644 3312335.3387460224 0.0000000000 35.0000000000 258.0000000000 220.0000000000
217882.9056833406 3312206.7812240850 0.0000000000 35.0000000000 259.0000000000 220.0000000000
217729.6967947168 3312078.2237021476 0.0000000000 35.0000000000 260.0000000000 220.0000000000
217947.1844443092 3312130.1767797731 0.0000000000 36.0000000000 261.0000000000 400.0000000000
218100.3933329330 3312258.7343017105 0.0000000000 36.0000000000 262.0000000000 400.0000000000
218164.6720939016 3312182.1298573986 0.0000000000 37.0000000000 263.0000000000 220.0000000000
