216951.2519158930 3312211.4764346825 0.0000000000 1.0000000000 0.0000000000 310.0000000000
217079.8094378303 3312058.2675460586 0.0000000000 1.0000000000 1.0000000000 310.0000000000
217361.5758483914 3312033.6161793722 0.0000000000 2.0000000000 2.0000000000 400.0000000000
217233.0183264541 3312186.8250679960 0.0000000000 2.0000000000 3.0000000000 490.0000000000
217104.4608045168 3312340.0339566199 0.0000000000 2.0000000000 4.0000000000 490.0000000000
216975.9032825795 3312493.2428452438 0.0000000000 2.0000000000 5.0000000000 490.0000000000
217000.5546492660 3312775.0092558051 0.0000000000 3.0000000000 6.0000000000 310.0000000000
217129.1121712033 3312621.8003671812 0.0000000000 3.0000000000 7.0000000000 310.0000000000
217257.6696931406 3312468.5914785573 0.0000000000 3.0000000000 8.0000000000 310.0000000000
217386.2272150779 3312315.3825899335 0.0000000000 3.0000000000 9.0000000000 310.0000000000
217514.7847370152 3312162.1737013096 0.0000000000 3.0000000000 10.0000000000 310.0000000000
217796.5511475763 3312137.5223346232 0.0000000000 4.0000000000 11.0000000000 490.0000000000
217667.9936256390 3312290.7312232470 0.0000000000 4.0000000000 12.0000000000 490.0000000000
217539.4361037017 3312443.9401118709 0.0000000000 4.0000000000 13.0000000000 490.0000000000
217410.8785817644 3312597.1490004947 0.0000000000 4.0000000000 14.0000000000 490.0000000000
217282.3210598271 3312750.3578891186 0.0000000000 4.0000000000 15.0000000000 490.0000000000
217153.7635378898 3312903.5667777425 0.0000000000 4.0000000000 16.0000000000 490.0000000000
217025.2060159525 3313056.7756663663 0.0000000000 4.0000000000 17.0000000000 490.0000000000
216896.6484940152 3313209.9845549902 0.0000000000 4.0000000000 18.0000000000 490.0000000000
216921.2998607017 3313491.7509655515 0.0000000000 5.0000000000 19.0000000000 400.0000000000
217049.8573826390 3313338.5420769276 0.0000000000 5.0000000000 20.0000000000 310.0000000000
217178.4149045763 3313185.3331883037 0.0000000000 5.0000000000 21.0000000000 310.0000000000
217306.9724265136 3313032.1242996799 0.0000000000 5.0000000000 22.0000000000 310.0000000000
217435.5299484509 3312878.9154110560 0.0000000000 5.0000000000 23.0000000000 310.0000000000
217564.0874703882 3312725.7065224322 0.0000000000 5.0000000000 24.0000000000 310.0000000000
217692.6449923255 3312572.4976338083 0.0000000000 5.0000000000 25.0000000000 310.0000000000
217821.2025142628 3312419.2887451844 0.0000000000 5.0000000000 26.0000000000 310.0000000000
217949.7600362001 3312266.0798565606 0.0000000000 5.0000000000 27.0000000000 310.0000000000
218078.3175581374 3312112.8709679367 0.0000000000 5.0000000000 28.0000000000 310.0000000000
218102.9689248239 3312394.6373784980 0.0000000000 6.0000000000 29.0000000000 490.0000000000
217974.4114028866 3312547.8462671218 0.0000000000 6.0000000000 30.0000000000 490.0000000000
217845.8538809493 3312701.0551557457 0.0000000000 6.0000000000 31.0000000000 490.0000000000
217717.2963590120 3312854.2640443696 0.0000000000 6.0000000000 32.0000000000 490.0000000000
217588.7388370747 3313007.4729329934 0.0000000000 6.0000000000 33.0000000000 490.0000000000
217460.1813151374 3313160.6818216173 0.0000000000 6.0000000000 34.0000000000 490.0000000000
217331.6237932001 3313313.8907102412 0.0000000000 6.0000000000 35.0000000000 490.0000000000
217203.0662712628 3313467.0995988650 0.0000000000 6.0000000000 36.0000000000 490.0000000000
217074.5087493255 3313620.3084874889 0.0000000000 6.0000000000 37.0000000000 490.0000000000
216945.9512273882 3313773.5173761128 0.0000000000 6.0000000000 38.0000000000 490.0000000000
216970.6025940747 3314055.2837866740 0.0000000000 7.0000000000 39.0000000000 400.0000000000
217099.1601160120 3313902.0748980502 0.0000000000 7.0000000000 40.0000000000 310.0000000000
217227.7176379493 3313748.8660094263 0.0000000000 7.0000000000 41.0000000000 310.0000000000
217356.2751598866 3313595.6571208024 0.0000000000 7.0000000000 42.0000000000 310.0000000000
217484.8326818239 3313442.4482321786 0.0000000000 7.0000000000 43.0000000000 310.0000000000
217613.3902037612 3313289.2393435547 0.0000000000 7.0000000000 44.0000000000 310.0000000000
217741.9477256985 3313136.0304549308 0.0000000000 7.0000000000 45.0000000000 310.0000000000
217870.5052476358 3312982.8215663070 0.0000000000 7.0000000000 46.0000000000 310.0000000000
217999.0627695731 3312829.6126776831 0.0000000000 7.0000000000 47.0000000000 310.0000000000
218127.6202915104 3312676.4037890593 0.0000000000 7.0000000000 48.0000000000 310.0000000000
218152.2716581969 3312958.1701996205 0.0000000000 8.0000000000 49.0000000000 490.0000000000
218023.7141362596 3313111.3790882444 0.0000000000 8.0000000000 50.0000000000 490.0000000000
217895.1566143223 3313264.5879768683 0.0000000000 8.0000000000 51.0000000000 490.0000000000
217766.5990923850 3313417.7968654921 0.0000000000 8.0000000000 52.0000000000 490.0000000000
217638.0415704477 3313571.0057541160 0.0000000000 8.0000000000 53.0000000000 490.0000000000
217509.4840485104 3313724.2146427399 0.0000000000 8.0000000000 54.0000000000 490.0000000000
217380.9265265731 3313877.4235313637 0.0000000000 8.0000000000 55.0000000000 490.0000000000
217252.3690046358 3314030.6324199876 0.0000000000 8.0000000000 56.0000000000 490.0000000000
217123.8114826985 3314183.8413086114 0.0000000000 8.0000000000 57.0000000000 490.0000000000
216995.2539607612 3314337.0501972353 0.0000000000 8.0000000000 58.0000000000 490.0000000000
216891.3478055104 3314772.0254964205 0.0000000000 9.0000000000 59.0000000000 400.0000000000
217019.9053274477 3314618.8166077966 0.0000000000 9.0000000000 60.0000000000 310.0000000000
217148.4628493850 3314465.6077191727 0.0000000000 9.0000000000 61.0000000000 310.0000000000
217277.0203713223 3314312.3988305489 0.0000000000 9.0000000000 62.0000000000 310.0000000000
217405.5778932596 3314159.1899419250 0.0000000000 9.0000000000 63.0000000000 310.0000000000
217534.1354151969 3314005.9810533011 0.0000000000 9.0000000000 64.0000000000 310.0000000000
217662.6929371342 3313852.7721646773 0.0000000000 9.0000000000 65.0000000000 310.0000000000
217791.2504590715 3313699.5632760534 0.0000000000 9.0000000000 66.0000000000 310.0000000000
217919.8079810088 3313546.3543874295 0.0000000000 9.0000000000 67.0000000000 310.0000000000
218048.3655029461 3313393.1454988057 0.0000000000 9.0000000000 68.0000000000 310.0000000000
218073.0168696326 3313674.9119093670 0.0000000000 10.0000000000 69.0000000000 490.0000000000
217944.4593476953 3313828.1207979908 0.0000000000 10.0000000000 70.0000000000 490.0000000000
217815.9018257580 3313981.3296866147 0.0000000000 10.0000000000 71.0000000000 490.0000000000
217687.3443038207 3314134.5385752385 0.0000000000 10.0000000000 72.0000000000 490.0000000000
217558.7867818834 3314287.7474638624 0.0000000000 10.0000000000 73.0000000000 490.0000000000
217430.2292599461 3314440.9563524863 0.0000000000 10.0000000000 74.0000000000 490.0000000000
217301.6717380088 3314594.1652411101 0.0000000000 10.0000000000 75.0000000000 490.0000000000
217173.1142160715 3314747.3741297340 0.0000000000 10.0000000000 76.0000000000 490.0000000000
217044.5566941342 3314900.5830183579 0.0000000000 10.0000000000 77.0000000000 490.0000000000
216915.9991721969 3315053.7919069817 0.0000000000 10.0000000000 78.0000000000 490.0000000000
216940.6505388834 3315335.5583175430 0.0000000000 11.0000000000 79.0000000000 400.0000000000
217069.2080608207 3315182.3494289191 0.0000000000 11.0000000000 80.0000000000 310.0000000000
217197.7655827580 3315029.1405402953 0.0000000000 11.0000000000 81.0000000000 310.0000000000
217326.3231046953 3314875.9316516714 0.0000000000 11.0000000000 82.0000000000 310.0000000000
217454.8806266326 3314722.7227630476 0.0000000000 11.0000000000 83.0000000000 310.0000000000
217583.4381485699 3314569.5138744237 0.0000000000 11.0000000000 84.0000000000 310.0000000000
217711.9956705072 3314416.3049857998 0.0000000000 11.0000000000 85.0000000000 310.0000000000
217840.5531924445 3314263.0960971760 0.0000000000 11.0000000000 86.0000000000 310.0000000000
217969.1107143818 3314109.8872085521 0.0000000000 11.0000000000 87.0000000000 310.0000000000
218097.6682363191 3313956.6783199282 0.0000000000 11.0000000000 88.0000000000 310.0000000000
218122.3196030056 3314238.4447304895 0.0000000000 12.0000000000 89.0000000000 490.0000000000
217993.7620810683 3314391.6536191134 0.0000000000 12.0000000000 90.0000000000 490.0000000000
217865.2045591310 3314544.8625077372 0.0000000000 12.0000000000 91.0000000000 490.0000000000
217736.6470371937 3314698.0713963611 0.0000000000 12.0000000000 92.0000000000 490.0000000000
217608.0895152564 3314851.2802849850 0.0000000000 12.0000000000 93.0000000000 490.0000000000
217479.5319933191 3315004.4891736088 0.0000000000 12.0000000000 94.0000000000 490.0000000000
217350.9744713818 3315157.6980622327 0.0000000000 12.0000000000 95.0000000000 490.0000000000
217222.4169494445 3315310.9069508566 0.0000000000 12.0000000000 96.0000000000 490.0000000000
217093.8594275072 3315464.1158394804 0.0000000000 12.0000000000 97.0000000000 490.0000000000
216965.3019055699 3315617.3247281043 0.0000000000 12.0000000000 98.0000000000 490.0000000000
216989.9532722564 3315899.0911386656 0.0000000000 13.0000000000 99.0000000000 310.0000000000
217118.5107941937 3315745.8822500417 0.0000000000 13.0000000000 100.0000000000 310.0000000000
217247.0683161310 3315592.6733614178 0.0000000000 13.0000000000 101.0000000000 310.0000000000
217375.6258380683 3315439.4644727940 0.0000000000 13.0000000000 102.0000000000 310.0000000000
217504.1833600056 3315286.2555841701 0.0000000000 13.0000000000 103.0000000000 310.0000000000
217632.7408819429 3315133.0466955462 0.0000000000 13.0000000000 104.0000000000 310.0000000000
217761.2984038802 3314979.8378069224 0.0000000000 13.0000000000 105.0000000000 310.0000000000
217889.8559258175 3314826.6289182985 0.0000000000 13.0000000000 106.0000000000 310.0000000000
218018.4134477548 3314673.4200296747 0.0000000000 13.0000000000 107.0000000000 310.0000000000
218146.9709696921 3314520.2111410508 0.0000000000 13.0000000000 108.0000000000 310.0000000000
218171.6223363786 3314801.9775516121 0.0000000000 14.0000000000 109.0000000000 490.0000000000
218043.0648144413 3314955.1864402359 0.0000000000 14.0000000000 110.0000000000 490.0000000000
217914.5072925040 3315108.3953288598 0.0000000000 14.0000000000 111.0000000000 490.0000000000
217785.9497705667 3315261.6042174837 0.0000000000 14.0000000000 112.0000000000 490.0000000000
217657.3922486294 3315414.8131061075 0.0000000000 14.0000000000 113.0000000000 490.0000000000
217528.8347266921 3315568.0219947314 0.0000000000 14.0000000000 114.0000000000 490.0000000000
217400.2772047548 3315721.2308833553 0.0000000000 14.0000000000 115.0000000000 490.0000000000
217271.7196828175 3315874.4397719791 0.0000000000 14.0000000000 116.0000000000 490.0000000000
217143.1621608802 3316027.6486606030 0.0000000000 14.0000000000 117.0000000000 490.0000000000
217014.6046389429 3316180.8575492268 0.0000000000 14.0000000000 118.0000000000 490.0000000000
216910.6984836921 3316615.8328484120 0.0000000000 15.0000000000 119.0000000000 400.0000000000
217039.2560056294 3316462.6239597881 0.0000000000 15.0000000000 120.0000000000 310.0000000000
217167.8135275667 3316309.4150711643 0.0000000000 15.0000000000 121.0000000000 310.0000000000
217296.3710495040 3316156.2061825404 0.0000000000 15.0000000000 122.0000000000 310.0000000000
217424.9285714413 3316002.9972939165 0.0000000000 15.0000000000 123.0000000000 310.0000000000
217553.4860933786 3315849.7884052927 0.0000000000 15.0000000000 124.0000000000 310.0000000000
217682.0436153159 3315696.5795166688 0.0000000000 15.0000000000 125.0000000000 310.0000000000
217810.6011372532 3315543.3706280449 0.0000000000 15.0000000000 126.0000000000 310.0000000000
217939.1586591905 3315390.1617394211 0.0000000000 15.0000000000 127.0000000000 310.0000000000
218067.7161811278 3315236.9528507972 0.0000000000 15.0000000000 128.0000000000 310.0000000000
218092.3675478143 3315518.7192613585 0.0000000000 16.0000000000 129.0000000000 490.0000000000
217963.8100258770 3315671.9281499824 0.0000000000 16.0000000000 130.0000000000 490.0000000000
217835.2525039397 3315825.1370386062 0.0000000000 16.0000000000 131.0000000000 490.0000000000
217706.6949820024 3315978.3459272301 0.0000000000 16.0000000000 132.0000000000 490.0000000000
217578.1374600651 3316131.5548158539 0.0000000000 16.0000000000 133.0000000000 490.0000000000
217449.5799381278 3316284.7637044778 0.0000000000 16.0000000000 134.0000000000 490.0000000000
217321.0224161905 3316437.9725931017 0.0000000000 16.0000000000 135.0000000000 490.0000000000
217192.4648942532 3316591.1814817255 0.0000000000 16.0000000000 136.0000000000 490.0000000000
217063.9073723159 3316744.3903703494 0.0000000000 16.0000000000 137.0000000000 490.0000000000
217988.4613925635 3315953.6945605436 0.0000000000 17.0000000000 138.0000000000 310.0000000000
218117.0189145008 3315800.4856719198 0.0000000000 17.0000000000 139.0000000000 310.0000000000
