326710.7708698327 -1427840.2430872112 0.0000000000 1.0000000000 0.0000000000 180.0000000000 1.0000000000
326326.6204747638 -1427840.2430872112 0.0000000000 1.0000000000 1.0000000000 180.0000000000 1.0000000000
326114.8916006027 -1427840.2430872112 0.0000000000 1.0000000000 2.0000000000 180.0000000000 1.0000000000
325903.1627264415 -1427840.2430872112 0.0000000000 1.0000000000 3.0000000000 180.0000000000 1.0000000000
325405.5039244418 -1427590.2430872112 0.0000000000 2.0000000000 4.0000000000 360.0000000000 1.0000000000
325526.6204747638 -1427590.2430872112 0.0000000000 2.0000000000 5.0000000000 90.0000000000 1.0000000000
325926.6204747638 -1427590.2430872112 0.0000000000 2.0000000000 6.0000000000 0.0000000000 1.0000000000
326326.6204747638 -1427590.2430872112 0.0000000000 2.0000000000 7.0000000000 0.0000000000 1.0000000000
326726.6204747638 -1427590.2430872112 0.0000000000 2.0000000000 8.0000000000 0.0000000000 1.0000000000
326803.8198761372 -1427590.2430872112 0.0000000000 2.0000000000 9.0000000000 0.0000000000 1.0000000000
326896.8688824416 -1427340.2430872112 0.0000000000 3.0000000000 10.0000000000 180.0000000000 1.0000000000
326726.6204747638 -1427340.2430872112 0.0000000000 3.0000000000 11.0000000000 180.0000000000 1.0000000000
326326.6204747638 -1427340.2430872112 0.0000000000 3.0000000000 12.0000000000 180.0000000000 1.0000000000
325926.6204747638 -1427340.2430872112 0.0000000000 3.0000000000 13.0000000000 180.0000000000 1.0000000000
325526.6204747638 -1427340.2430872112 0.0000000000 3.0000000000 14.0000000000 180.0000000000 1.0000000000
325126.6204747638 -1427340.2430872112 0.0000000000 3.0000000000 15.0000000000 180.0000000000 1.0000000000
324907.8451224419 -1427340.2430872112 0.0000000000 3.0000000000 16.0000000000 180.0000000000 1.0000000000
