31.3961094 -12.8652834 771.8788452 152.7032318 0.0000000 1.0000000
31.3963766 -12.8638492 771.0403442 152.7032318 1.0000000 1.0000000
31.3966437 -12.8624150 775.6486816 152.7032318 2.0000000 1.0000000
31.3969109 -12.8609808 781.7524414 152.7032318 3.0000000 1.0000000
31.3972421 -12.8592024 776.7032471 152.7032318 4.0000000 1.0000000
31.3975078 -12.8577760 766.5462646 152.7032318 5.0000000 1.0000000
31.3977735 -12.8563495 765.7521973 152.7032318 6.0000000 1.0000000
31.3980392 -12.8549231 767.4573364 152.7032318 7.0000000 1.0000000
31.3962124 -12.8546746 772.8580322 152.7032318 8.0000000 2.0000000
31.3959515 -12.8560755 768.6228638 152.7032318 9.0000000 2.0000000
31.3956905 -12.8574764 766.2125244 152.7032318 10.0000000 2.0000000
31.3954296 -12.8588774 778.7829590 152.7032318 11.0000000 2.0000000
31.3950983 -12.8606558 787.6402588 152.7032318 12.0000000 2.0000000
31.3948497 -12.8619906 781.9781494 152.7032318 13.0000000 2.0000000
31.3946010 -12.8633254 781.3197632 152.7032318 14.0000000 2.0000000
31.3943524 -12.8646603 777.9170532 152.7032318 15.0000000 2.0000000
31.3925953 -12.8640371 789.6884766 152.7032318 16.0000000 3.0000000
31.3928254 -12.8628016 793.0334473 152.7032318 17.0000000 3.0000000
31.3930556 -12.8615662 796.7066650 152.7032318 18.0000000 3.0000000
31.3932857 -12.8603307 794.4036255 152.7032318 19.0000000 3.0000000
31.3935728 -12.8587898 779.7469482 152.7032318 20.0000000 3.0000000
31.3938598 -12.8572488 769.4077759 152.7032318 21.0000000 3.0000000
31.3941469 -12.8557078 771.9952393 152.7032318 22.0000000 3.0000000
