325163.5948722182 -1422150.5604020183 0.0000000000 1.0000000000 0.0000000000 -10.0000000000 2.0000000000
325338.0885249566 -1422181.3283409583 0.0000000000 1.0000000000 1.0000000000 -10.0000000000 2.0000000000
325512.5821776950 -1422212.0962798984 0.0000000000 1.0000000000 2.0000000000 -10.0000000000 2.0000000000
325687.0758304334 -1422242.8642188385 0.0000000000 1.0000000000 3.0000000000 -10.0000000000 2.0000000000
325884.0373810358 -1422277.5938543715 0.0000000000 1.0000000000 4.0000000000 -10.0000000000 2.0000000000
326080.9989316382 -1422312.3234899053 0.0000000000 1.0000000000 5.0000000000 -10.0000000000 2.0000000000
326228.6023849819 -1422338.3499611756 0.0000000000 1.0000000000 6.0000000000 -10.0000000000 2.0000000000
326376.2058383257 -1422364.3764324458 0.0000000000 1.0000000000 7.0000000000 -10.0000000000 2.0000000000
326523.8092916694 -1422390.4029037161 0.0000000000 1.0000000000 8.0000000000 -10.0000000000 2.0000000000
326593.6818819291 -1422199.6380042131 0.0000000000 2.0000000000 9.0000000000 170.0000000000 2.0000000000
326434.3641103433 -1422171.5459825762 0.0000000000 2.0000000000 10.0000000000 170.0000000000 2.0000000000
326275.0463387574 -1422143.4539609393 0.0000000000 2.0000000000 11.0000000000 170.0000000000 2.0000000000
326115.7285671716 -1422115.3619393024 0.0000000000 2.0000000000 12.0000000000 170.0000000000 2.0000000000
325918.7670165692 -1422080.6323037690 0.0000000000 2.0000000000 13.0000000000 170.0000000000 2.0000000000
325735.7062535749 -1422048.3537521441 0.0000000000 2.0000000000 14.0000000000 170.0000000000 2.0000000000
325552.6454905806 -1422016.0752005193 0.0000000000 2.0000000000 15.0000000000 170.0000000000 2.0000000000
325369.5847275864 -1421983.7966488944 0.0000000000 2.0000000000 16.0000000000 170.0000000000 2.0000000000
