325957.9716190245 -1422780.5016970697 0.0000000000 1.0000000000 0.0000000000 80.0000000000 2.0000000000
325985.9791739722 -1422621.6629598828 0.0000000000 1.0000000000 1.0000000000 80.0000000000 2.0000000000
326013.9867289199 -1422462.8242226958 0.0000000000 1.0000000000 2.0000000000 80.0000000000 2.0000000000
326041.9942838676 -1422303.9854855088 0.0000000000 1.0000000000 3.0000000000 80.0000000000 2.0000000000
326076.7239194010 -1422107.0239349059 0.0000000000 1.0000000000 4.0000000000 80.0000000000 2.0000000000
326104.5793619018 -1421949.0478702737 0.0000000000 1.0000000000 5.0000000000 80.0000000000 2.0000000000
326132.4348044026 -1421791.0718056415 0.0000000000 1.0000000000 6.0000000000 80.0000000000 2.0000000000
326160.2902469034 -1421633.0957410093 0.0000000000 1.0000000000 7.0000000000 80.0000000000 2.0000000000
325961.8342846653 -1421606.8413350165 0.0000000000 2.0000000000 8.0000000000 260.0000000000 2.0000000000
325934.4769793764 -1421761.9923231353 0.0000000000 2.0000000000 9.0000000000 260.0000000000 2.0000000000
325907.1196740875 -1421917.1433112540 0.0000000000 2.0000000000 10.0000000000 260.0000000000 2.0000000000
325879.7623687986 -1422072.2942993727 0.0000000000 2.0000000000 11.0000000000 260.0000000000 2.0000000000
325845.0327332652 -1422269.2558499754 0.0000000000 2.0000000000 12.0000000000 260.0000000000 2.0000000000
325818.9658936452 -1422417.0882436070 0.0000000000 2.0000000000 13.0000000000 -100.0000000000 2.0000000000
325792.8990540253 -1422564.9206372385 0.0000000000 2.0000000000 14.0000000000 -100.0000000000 2.0000000000
325766.8322144054 -1422712.7530308701 0.0000000000 2.0000000000 15.0000000000 -100.0000000000 2.0000000000
325575.6928097862 -1422645.0043646705 0.0000000000 3.0000000000 16.0000000000 80.0000000000 2.0000000000
325599.8189340784 -1422508.1783145943 0.0000000000 3.0000000000 17.0000000000 80.0000000000 2.0000000000
325623.9450583706 -1422371.3522645182 0.0000000000 3.0000000000 18.0000000000 80.0000000000 2.0000000000
325648.0711826628 -1422234.5262144420 0.0000000000 3.0000000000 19.0000000000 80.0000000000 2.0000000000
325678.1640389921 -1422063.8611454410 0.0000000000 3.0000000000 20.0000000000 80.0000000000 2.0000000000
325708.2568953215 -1421893.1960764399 0.0000000000 3.0000000000 21.0000000000 80.0000000000 2.0000000000
325738.3497516508 -1421722.5310074389 0.0000000000 3.0000000000 22.0000000000 80.0000000000 2.0000000000
