31.3888272 -12.8595444 787.5722656 152.7032318 0.0000000 1.0000000
31.3904330 -12.8598324 787.4053345 152.7032318 1.0000000 1.0000000
31.3920388 -12.8601203 789.5466309 152.7032318 2.0000000 1.0000000
31.3936446 -12.8604083 793.6273804 152.7032318 3.0000000 1.0000000
31.3954572 -12.8607333 786.3128662 152.7032318 4.0000000 1.0000000
31.3972697 -12.8610584 780.8158569 152.7032318 5.0000000 1.0000000
31.3986281 -12.8613019 774.2666016 152.7032318 6.0000000 1.0000000
31.3999865 -12.8615455 769.8419800 152.7032318 7.0000000 1.0000000
31.4013448 -12.8617891 765.1141357 152.7032318 8.0000000 1.0000000
31.4019995 -12.8600686 757.6912842 152.7032318 9.0000000 2.0000000
31.4005333 -12.8598057 761.3521729 152.7032318 10.0000000 2.0000000
31.3990672 -12.8595428 765.8273926 152.7032318 11.0000000 2.0000000
31.3976010 -12.8592799 775.1922607 152.7032318 12.0000000 2.0000000
31.3957884 -12.8589549 778.9514771 152.7032318 13.0000000 2.0000000
31.3941038 -12.8586528 777.7152100 152.7032318 14.0000000 2.0000000
31.3924192 -12.8583507 775.4268188 152.7032318 15.0000000 2.0000000
31.3907345 -12.8580486 779.5303345 152.7032318 16.0000000 2.0000000
