66.0687739000 29.9414817000 30.0000000000 10.0000000000 0.0000000000 1.0000000000
66.0688227000 29.9398184000 30.0000000000 10.0000000000 1.0000000000 1.0000000000
66.0688715000 29.9381552000 30.0000000000 10.0000000000 2.0000000000 1.0000000000
66.0689508000 29.9354513000 30.0000000000 10.0000000000 3.0000000000 1.0000000000
66.0690301000 29.9327474000 30.0000000000 10.0000000000 4.0000000000 1.0000000000
66.0691094000 29.9300436000 30.0000000000 10.0000000000 5.0000000000 1.0000000000
66.0691887000 29.9273397000 30.0000000000 10.0000000000 6.0000000000 1.0000000000
66.0692680000 29.9246359000 30.0000000000 10.0000000000 7.0000000000 1.0000000000
66.0693473000 29.9219320000 30.0000000000 10.0000000000 8.0000000000 1.0000000000
66.0693930000 29.9203721000 30.0000000000 10.0000000000 9.0000000000 1.0000000000
66.0694387000 29.9188123000 30.0000000000 10.0000000000 10.0000000000 1.0000000000
66.0704685000 29.9189990000 30.0000000000 10.0000000000 11.0000000000 2.0000000000
66.0704252000 29.9204770000 30.0000000000 10.0000000000 12.0000000000 2.0000000000
66.0703819000 29.9219550000 30.0000000000 10.0000000000 13.0000000000 2.0000000000
66.0703027000 29.9246589000 30.0000000000 10.0000000000 14.0000000000 2.0000000000
66.0702234000 29.9273628000 30.0000000000 10.0000000000 15.0000000000 2.0000000000
66.0701442000 29.9300666000 30.0000000000 10.0000000000 16.0000000000 2.0000000000
66.0700649000 29.9327705000 30.0000000000 10.0000000000 17.0000000000 2.0000000000
66.0699856000 29.9354743000 30.0000000000 10.0000000000 18.0000000000 2.0000000000
66.0699063000 29.9381782000 30.0000000000 10.0000000000 19.0000000000 2.0000000000
66.0698559000 29.9398962000 30.0000000000 10.0000000000 20.0000000000 2.0000000000
66.0698055000 29.9416143000 30.0000000000 10.0000000000 21.0000000000 2.0000000000
66.0708372000 29.9417468000 30.0000000000 10.0000000000 22.0000000000 3.0000000000
66.0708891000 29.9399740000 30.0000000000 10.0000000000 23.0000000000 3.0000000000
66.0709411000 29.9382012000 30.0000000000 10.0000000000 24.0000000000 3.0000000000
66.0710204000 29.9354973000 30.0000000000 10.0000000000 25.0000000000 3.0000000000
66.0710997000 29.9327935000 30.0000000000 10.0000000000 26.0000000000 3.0000000000
66.0711789000 29.9300896000 30.0000000000 10.0000000000 27.0000000000 3.0000000000
66.0712581000 29.9273858000 30.0000000000 10.0000000000 28.0000000000 3.0000000000
66.0713374000 29.9246819000 30.0000000000 10.0000000000 29.0000000000 3.0000000000
66.0714166000 29.9219780000 30.0000000000 10.0000000000 30.0000000000 3.0000000000
66.0714575000 29.9205819000 30.0000000000 10.0000000000 31.0000000000 3.0000000000
66.0714984000 29.9191857000 30.0000000000 10.0000000000 32.0000000000 3.0000000000
66.0760824000 29.9207816000 30.0000000000 10.0000000000 33.0000000000 1.0000000000
66.0749508000 29.9207565000 30.0000000000 10.0000000000 34.0000000000 1.0000000000
66.0718469000 29.9206876000 30.0000000000 10.0000000000 35.0000000000 1.0000000000
66.0700262000 29.9206471000 30.0000000000 10.0000000000 36.0000000000 1.0000000000
66.0682055000 29.9206066000 30.0000000000 10.0000000000 37.0000000000 1.0000000000
