340785.3377798704 4576862.1600518851 0.0000000000 1.0000000000 0.0000000000 0.0000000000 3.0000000000
340885.3377798704 4576862.1600518851 0.0000000000 1.0000000000 1.0000000000 0.0000000000 3.0000000000
340985.3377798704 4576862.1600518851 0.0000000000 1.0000000000 2.0000000000 0.0000000000 3.0000000000
341085.3377798704 4576862.1600518851 0.0000000000 1.0000000000 3.0000000000 0.0000000000 3.0000000000
341185.3377798704 4576862.1600518851 0.0000000000 1.0000000000 4.0000000000 0.0000000000 3.0000000000
341285.3377798704 4576862.1600518851 0.0000000000 1.0000000000 5.0000000000 0.0000000000 3.0000000000
341385.3377798704 4576862.1600518851 0.0000000000 1.0000000000 6.0000000000 0.0000000000 3.0000000000
341485.3377798704 4576862.1600518851 0.0000000000 1.0000000000 7.0000000000 0.0000000000 3.0000000000
341585.3377798704 4576862.1600518851 0.0000000000 1.0000000000 8.0000000000 0.0000000000 3.0000000000
341685.3377798704 4576862.1600518851 0.0000000000 1.0000000000 9.0000000000 0.0000000000 3.0000000000
341785.3377798704 4576862.1600518851 0.0000000000 1.0000000000 10.0000000000 0.0000000000 3.0000000000
341885.3377798704 4576862.1600518851 0.0000000000 1.0000000000 11.0000000000 0.0000000000 3.0000000000
341985.3377798704 4576862.1600518851 0.0000000000 1.0000000000 12.0000000000 0.0000000000 3.0000000000
342085.3377798704 4576862.1600518851 0.0000000000 1.0000000000 13.0000000000 0.0000000000 3.0000000000
342147.8503514370 4576862.1600518851 0.0000000000 1.0000000000 14.0000000000 0.0000000000 3.0000000000
342210.3629230036 4576862.1600518851 0.0000000000 1.0000000000 15.0000000000 0.0000000000 3.0000000000
342212.5375366613 4576962.1600518851 0.0000000000 2.0000000000 16.0000000000 -0.0000000000 3.0000000000
342148.9376582658 4576962.1600518851 0.0000000000 2.0000000000 17.0000000000 -0.0000000000 3.0000000000
342085.3377798704 4576962.1600518851 0.0000000000 2.0000000000 18.0000000000 180.0000000000 3.0000000000
341985.3377798704 4576962.1600518851 0.0000000000 2.0000000000 19.0000000000 180.0000000000 3.0000000000
341885.3377798704 4576962.1600518851 0.0000000000 2.0000000000 20.0000000000 180.0000000000 3.0000000000
341785.3377798704 4576962.1600518851 0.0000000000 2.0000000000 21.0000000000 180.0000000000 3.0000000000
341685.3377798704 4576962.1600518851 0.0000000000 2.0000000000 22.0000000000 180.0000000000 3.0000000000
341585.3377798704 4576962.1600518851 0.0000000000 2.0000000000 23.0000000000 180.0000000000 3.0000000000
341485.3377798704 4576962.1600518851 0.0000000000 2.0000000000 24.0000000000 180.0000000000 3.0000000000
341385.3377798704 4576962.1600518851 0.0000000000 2.0000000000 25.0000000000 180.0000000000 3.0000000000
341285.3377798704 4576962.1600518851 0.0000000000 2.0000000000 26.0000000000 180.0000000000 3.0000000000
341185.3377798704 4576962.1600518851 0.0000000000 2.0000000000 27.0000000000 180.0000000000 3.0000000000
341085.3377798704 4576962.1600518851 0.0000000000 2.0000000000 28.0000000000 180.0000000000 3.0000000000
340985.3377798704 4576962.1600518851 0.0000000000 2.0000000000 29.0000000000 180.0000000000 3.0000000000
340885.3377798704 4576962.1600518851 0.0000000000 2.0000000000 30.0000000000 180.0000000000 3.0000000000
340785.3377798704 4576962.1600518851 0.0000000000 2.0000000000 31.0000000000 180.0000000000 3.0000000000
340725.3974744518 4576962.1600518851 0.0000000000 2.0000000000 32.0000000000 -180.0000000000 3.0000000000
340665.4571690332 4576962.1600518851 0.0000000000 2.0000000000 33.0000000000 -180.0000000000 3.0000000000
