217594.4819619975 3313902.1807316840 0.0000000000 1.0000000000 0.0000000000 0.0000000000 2.0000000000
217747.1593370274 3313902.1807316840 0.0000000000 1.0000000000 1.0000000000 0.0000000000 2.0000000000
217899.8367120573 3313902.1807316840 0.0000000000 1.0000000000 2.0000000000 0.0000000000 2.0000000000
218175.2304822312 3313902.1807316840 0.0000000000 1.0000000000 3.0000000000 0.0000000000 2.0000000000
218167.6325766886 3314202.1807316840 0.0000000000 2.0000000000 4.0000000000 180.0000000000 2.0000000000
217899.8367120573 3314202.1807316840 0.0000000000 2.0000000000 5.0000000000 180.0000000000 2.0000000000
217742.7921613629 3314202.1807316840 0.0000000000 2.0000000000 6.0000000000 -180.0000000000 2.0000000000
217585.7476106686 3314202.1807316840 0.0000000000 2.0000000000 7.0000000000 -180.0000000000 2.0000000000
217577.0132593397 3314502.1807316840 0.0000000000 3.0000000000 8.0000000000 0.0000000000 2.0000000000
217738.4249856985 3314502.1807316840 0.0000000000 3.0000000000 9.0000000000 0.0000000000 2.0000000000
217899.8367120573 3314502.1807316840 0.0000000000 3.0000000000 10.0000000000 0.0000000000 2.0000000000
218160.0346711461 3314502.1807316840 0.0000000000 3.0000000000 11.0000000000 0.0000000000 2.0000000000
218152.4367656035 3314802.1807316840 0.0000000000 4.0000000000 12.0000000000 180.0000000000 2.0000000000
217899.8367120573 3314802.1807316840 0.0000000000 4.0000000000 13.0000000000 180.0000000000 2.0000000000
217734.0578100340 3314802.1807316840 0.0000000000 4.0000000000 14.0000000000 -180.0000000000 2.0000000000
217568.2789080108 3314802.1807316840 0.0000000000 4.0000000000 15.0000000000 -180.0000000000 2.0000000000
217559.5445566819 3315102.1807316840 0.0000000000 5.0000000000 16.0000000000 0.0000000000 2.0000000000
217729.6906343696 3315102.1807316840 0.0000000000 5.0000000000 17.0000000000 0.0000000000 2.0000000000
217899.8367120573 3315102.1807316840 0.0000000000 5.0000000000 18.0000000000 0.0000000000 2.0000000000
218144.8388600610 3315102.1807316840 0.0000000000 5.0000000000 19.0000000000 0.0000000000 2.0000000000
218137.2409545185 3315402.1807316840 0.0000000000 6.0000000000 20.0000000000 180.0000000000 2.0000000000
217899.8367120573 3315402.1807316840 0.0000000000 6.0000000000 21.0000000000 180.0000000000 2.0000000000
217725.3234587052 3315402.1807316840 0.0000000000 6.0000000000 22.0000000000 180.0000000000 2.0000000000
217550.8102053530 3315402.1807316840 0.0000000000 6.0000000000 23.0000000000 180.0000000000 2.0000000000
