66.0748163 29.9234592 30.0000000 10.0000000 0.0000000 1.0000000
66.0763960 29.9234942 30.0000000 10.0000000 1.0000000 1.0000000
66.0779758 29.9235293 30.0000000 10.0000000 2.0000000 1.0000000
66.0808252 29.9235925 30.0000000 10.0000000 3.0000000 1.0000000
66.0806677 29.9262946 30.0000000 10.0000000 4.0000000 2.0000000
66.0778967 29.9262332 30.0000000 10.0000000 5.0000000 2.0000000
66.0762718 29.9261971 30.0000000 10.0000000 6.0000000 2.0000000
66.0746468 29.9261610 30.0000000 10.0000000 7.0000000 2.0000000
66.0744773 29.9288629 30.0000000 10.0000000 8.0000000 3.0000000
66.0761475 29.9289000 30.0000000 10.0000000 9.0000000 3.0000000
66.0778177 29.9289371 30.0000000 10.0000000 10.0000000 3.0000000
66.0805101 29.9289967 30.0000000 10.0000000 11.0000000 3.0000000
66.0803524 29.9316989 30.0000000 10.0000000 12.0000000 4.0000000
66.0777386 29.9316409 30.0000000 10.0000000 13.0000000 4.0000000
66.0760232 29.9316029 30.0000000 10.0000000 14.0000000 4.0000000
66.0743078 29.9315648 30.0000000 10.0000000 15.0000000 4.0000000
66.0741382 29.9342666 30.0000000 10.0000000 16.0000000 5.0000000
66.0758989 29.9343057 30.0000000 10.0000000 17.0000000 5.0000000
66.0776595 29.9343448 30.0000000 10.0000000 18.0000000 5.0000000
66.0801948 29.9344010 30.0000000 10.0000000 19.0000000 5.0000000
66.0800372 29.9371032 30.0000000 10.0000000 20.0000000 6.0000000
66.0775805 29.9370487 30.0000000 10.0000000 21.0000000 6.0000000
66.0757745 29.9370086 30.0000000 10.0000000 22.0000000 6.0000000
66.0739686 29.9369685 30.0000000 10.0000000 23.0000000 6.0000000
