66.0750080 29.9407688 1198.8555908 152.7032318 0.0000000 1.0000000
66.0750805 29.9382932 1206.4694824 152.7032318 1.0000000 1.0000000
66.0751596 29.9355893 1209.3526611 152.7032318 2.0000000 1.0000000
66.0752026 29.9341205 1203.6827393 152.7032318 3.0000000 1.0000000
66.0752456 29.9326516 1207.7979736 152.7032318 4.0000000 1.0000000
66.0766156 29.9212160 1245.2028809 152.7032318 5.0000000 2.0000000
66.0765632 29.9230064 1240.3159180 152.7032318 6.0000000 2.0000000
66.0765108 29.9247968 1227.6727295 152.7032318 7.0000000 2.0000000
66.0764318 29.9275007 1219.9025879 152.7032318 8.0000000 2.0000000
66.0763527 29.9302046 1214.2872314 152.7032318 9.0000000 2.0000000
66.0762735 29.9329084 1210.2469482 152.7032318 10.0000000 2.0000000
66.0761944 29.9356123 1217.3125000 152.7032318 11.0000000 2.0000000
66.0761153 29.9383162 1212.4373779 152.7032318 12.0000000 2.0000000
66.0760585 29.9402582 1203.7329102 152.7032318 13.0000000 2.0000000
66.0771089 29.9397475 1212.2111816 152.7032318 14.0000000 3.0000000
66.0771501 29.9383391 1218.3221436 152.7032318 15.0000000 3.0000000
66.0772292 29.9356353 1224.4144287 152.7032318 16.0000000 3.0000000
66.0773083 29.9329314 1214.1368408 152.7032318 17.0000000 3.0000000
66.0773874 29.9302275 1217.1352539 152.7032318 18.0000000 3.0000000
66.0774665 29.9275236 1225.2239990 152.7032318 19.0000000 3.0000000
66.0775455 29.9248198 1231.9571533 152.7032318 20.0000000 3.0000000
66.0776246 29.9221159 1249.1936035 152.7032318 21.0000000 3.0000000
66.0776637 29.9207790 1251.1356201 152.7032318 22.0000000 3.0000000
66.0787118 29.9203420 1254.7767334 152.7032318 23.0000000 4.0000000
66.0786593 29.9221388 1248.0493164 152.7032318 24.0000000 4.0000000
66.0785802 29.9248427 1238.7675781 152.7032318 25.0000000 4.0000000
66.0785012 29.9275466 1233.1927490 152.7032318 26.0000000 4.0000000
66.0784222 29.9302505 1220.0595703 152.7032318 27.0000000 4.0000000
66.0783431 29.9329544 1217.0891113 152.7032318 28.0000000 4.0000000
66.0782640 29.9356582 1231.0665283 152.7032318 29.0000000 4.0000000
66.0782117 29.9374475 1226.7176514 152.7032318 30.0000000 4.0000000
66.0781594 29.9392368 1220.4846191 152.7032318 31.0000000 4.0000000
66.0794882 29.9292024 1226.8065186 152.7032318 32.0000000 5.0000000
66.0795359 29.9275695 1240.0067139 152.7032318 33.0000000 5.0000000
66.0796149 29.9248657 1246.3159180 152.7032318 34.0000000 5.0000000
66.0796939 29.9221618 1247.0147705 152.7032318 35.0000000 5.0000000
66.0797599 29.9199050 1262.5385742 152.7032318 36.0000000 5.0000000
