31.3717977000 -12.9429162000 0.0000000000 0.0000000000 0.0000000000 20.0000000000
31.3714223000 -12.9429139000 0.0000000000 0.0000000000 1.0000000000 20.0000000000
31.3710468000 -12.9429115000 0.0000000000 0.0000000000 2.0000000000 20.0000000000
31.3705860000 -12.9429087000 0.0000000000 0.0000000000 3.0000000000 20.0000000000
31.3701252000 -12.9429058000 0.0000000000 0.0000000000 4.0000000000 20.0000000000
31.3696645000 -12.9429029000 0.0000000000 0.0000000000 5.0000000000 20.0000000000
31.3692037000 -12.9429000000 0.0000000000 0.0000000000 6.0000000000 20.0000000000
31.3687429000 -12.9428971000 0.0000000000 0.0000000000 7.0000000000 20.0000000000
31.3682821000 -12.9428942000 0.0000000000 0.0000000000 8.0000000000 20.0000000000
31.3678213000 -12.9428914000 0.0000000000 0.0000000000 9.0000000000 20.0000000000
31.3673605000 -12.9428885000 0.0000000000 0.0000000000 10.0000000000 20.0000000000
31.3668997000 -12.9428856000 0.0000000000 0.0000000000 11.0000000000 20.0000000000
31.3664390000 -12.9428827000 0.0000000000 0.0000000000 12.0000000000 20.0000000000
31.3659782000 -12.9428798000 0.0000000000 0.0000000000 13.0000000000 20.0000000000
31.3655174000 -12.9428769000 0.0000000000 0.0000000000 14.0000000000 20.0000000000
31.3650566000 -12.9428740000 0.0000000000 0.0000000000 15.0000000000 20.0000000000
31.3645958000 -12.9428711000 0.0000000000 0.0000000000 16.0000000000 20.0000000000
31.3641350000 -12.9428683000 0.0000000000 0.0000000000 17.0000000000 20.0000000000
31.3636742000 -12.9428654000 0.0000000000 0.0000000000 18.0000000000 20.0000000000
31.3632135000 -12.9428625000 0.0000000000 0.0000000000 19.0000000000 20.0000000000
31.3627527000 -12.9428596000 0.0000000000 0.0000000000 20.0000000000 20.0000000000
31.3622919000 -12.9428567000 0.0000000000 0.0000000000 21.0000000000 20.0000000000
31.3618311000 -12.9428538000 0.0000000000 0.0000000000 22.0000000000 20.0000000000
31.3613703000 -12.9428509000 0.0000000000 0.0000000000 23.0000000000 20.0000000000
31.3609095000 -12.9428480000 0.0000000000 0.0000000000 24.0000000000 20.0000000000
31.3605394000 -12.9428457000 0.0000000000 0.0000000000 25.0000000000 20.0000000000
31.3601692000 -12.9428433000 0.0000000000 0.0000000000 26.0000000000 20.0000000000
31.3601692000 -12.9432953000 0.0000000000 0.0000000000 27.0000000000 19.0000000000
31.3605379000 -12.9432976000 0.0000000000 0.0000000000 28.0000000000 19.0000000000
31.3609066000 -12.9433000000 0.0000000000 0.0000000000 29.0000000000 19.0000000000
31.3613674000 -12.9433029000 0.0000000000 0.0000000000 30.0000000000 19.0000000000
31.3618282000 -12.9433057000 0.0000000000 0.0000000000 31.0000000000 19.0000000000
31.3622889000 -12.9433086000 0.0000000000 0.0000000000 32.0000000000 19.0000000000
31.3627497000 -12.9433115000 0.0000000000 0.0000000000 33.0000000000 19.0000000000
31.3632105000 -12.9433144000 0.0000000000 0.0000000000 34.0000000000 19.0000000000
31.3636713000 -12.9433173000 0.0000000000 0.0000000000 35.0000000000 19.0000000000
31.3641321000 -12.9433202000 0.0000000000 0.0000000000 36.0000000000 19.0000000000
31.3645929000 -12.9433231000 0.0000000000 0.0000000000 37.0000000000 19.0000000000
31.3650537000 -12.9433260000 0.0000000000 0.0000000000 38.0000000000 19.0000000000
31.3655144000 -12.9433289000 0.0000000000 0.0000000000 39.0000000000 19.0000000000
31.3659752000 -12.9433318000 0.0000000000 0.0000000000 40.0000000000 19.0000000000
31.3664360000 -12.9433347000 0.0000000000 0.0000000000 41.0000000000 19.0000000000
31.3668968000 -12.9433375000 0.0000000000 0.0000000000 42.0000000000 19.0000000000
31.3673576000 -12.9433404000 0.0000000000 0.0000000000 43.0000000000 19.0000000000
31.3678184000 -12.9433433000 0.0000000000 0.0000000000 44.0000000000 19.0000000000
31.3682792000 -12.9433462000 0.0000000000 0.0000000000 45.0000000000 19.0000000000
31.3687399000 -12.9433491000 0.0000000000 0.0000000000 46.0000000000 19.0000000000
31.3692007000 -12.9433520000 0.0000000000 0.0000000000 47.0000000000 19.0000000000
31.3696615000 -12.9433548000 0.0000000000 0.0000000000 48.0000000000 19.0000000000
31.3701223000 -12.9433577000 0.0000000000 0.0000000000 49.0000000000 19.0000000000
31.3705831000 -12.9433606000 0.0000000000 0.0000000000 50.0000000000 19.0000000000
31.3710439000 -12.9433635000 0.0000000000 0.0000000000 51.0000000000 19.0000000000
31.3714261000 -12.9433659000 0.0000000000 0.0000000000 52.0000000000 19.0000000000
31.3718084000 -12.9433683000 0.0000000000 0.0000000000 53.0000000000 19.0000000000
31.3718192000 -12.9438203000 0.0000000000 0.0000000000 54.0000000000 18.0000000000
31.3714300000 -12.9438179000 0.0000000000 0.0000000000 55.0000000000 18.0000000000
31.3710409000 -12.9438154000 0.0000000000 0.0000000000 56.0000000000 18.0000000000
31.3705802000 -12.9438126000 0.0000000000 0.0000000000 57.0000000000 18.0000000000
31.3701194000 -12.9438097000 0.0000000000 0.0000000000 58.0000000000 18.0000000000
31.3696586000 -12.9438068000 0.0000000000 0.0000000000 59.0000000000 18.0000000000
31.3691978000 -12.9438039000 0.0000000000 0.0000000000 60.0000000000 18.0000000000
31.3687370000 -12.9438010000 0.0000000000 0.0000000000 61.0000000000 18.0000000000
31.3682762000 -12.9437982000 0.0000000000 0.0000000000 62.0000000000 18.0000000000
31.3678154000 -12.9437953000 0.0000000000 0.0000000000 63.0000000000 18.0000000000
31.3673546000 -12.9437924000 0.0000000000 0.0000000000 64.0000000000 18.0000000000
31.3668939000 -12.9437895000 0.0000000000 0.0000000000 65.0000000000 18.0000000000
31.3664331000 -12.9437866000 0.0000000000 0.0000000000 66.0000000000 18.0000000000
31.3659723000 -12.9437837000 0.0000000000 0.0000000000 67.0000000000 18.0000000000
31.3655115000 -12.9437808000 0.0000000000 0.0000000000 68.0000000000 18.0000000000
31.3650507000 -12.9437779000 0.0000000000 0.0000000000 69.0000000000 18.0000000000
31.3645899000 -12.9437751000 0.0000000000 0.0000000000 70.0000000000 18.0000000000
31.3641291000 -12.9437722000 0.0000000000 0.0000000000 71.0000000000 18.0000000000
31.3636683000 -12.9437693000 0.0000000000 0.0000000000 72.0000000000 18.0000000000
31.3632076000 -12.9437664000 0.0000000000 0.0000000000 73.0000000000 18.0000000000
31.3627468000 -12.9437635000 0.0000000000 0.0000000000 74.0000000000 18.0000000000
31.3622860000 -12.9437606000 0.0000000000 0.0000000000 75.0000000000 18.0000000000
31.3618252000 -12.9437577000 0.0000000000 0.0000000000 76.0000000000 18.0000000000
31.3613644000 -12.9437548000 0.0000000000 0.0000000000 77.0000000000 18.0000000000
31.3609036000 -12.9437519000 0.0000000000 0.0000000000 78.0000000000 18.0000000000
31.3605364000 -12.9437496000 0.0000000000 0.0000000000 79.0000000000 18.0000000000
31.3601692000 -12.9437473000 0.0000000000 0.0000000000 80.0000000000 18.0000000000
31.3601692000 -12.9441993000 0.0000000000 0.0000000000 81.0000000000 17.0000000000
31.3605349000 -12.9442016000 0.0000000000 0.0000000000 82.0000000000 17.0000000000
31.3609007000 -12.9442039000 0.0000000000 0.0000000000 83.0000000000 17.0000000000
31.3613615000 -12.9442068000 0.0000000000 0.0000000000 84.0000000000 17.0000000000
31.3618223000 -12.9442096000 0.0000000000 0.0000000000 85.0000000000 17.0000000000
31.3622830000 -12.9442125000 0.0000000000 0.0000000000 86.0000000000 17.0000000000
31.3627438000 -12.9442154000 0.0000000000 0.0000000000 87.0000000000 17.0000000000
31.3632046000 -12.9442183000 0.0000000000 0.0000000000 88.0000000000 17.0000000000
31.3636654000 -12.9442212000 0.0000000000 0.0000000000 89.0000000000 17.0000000000
31.3641262000 -12.9442241000 0.0000000000 0.0000000000 90.0000000000 17.0000000000
31.3645870000 -12.9442270000 0.0000000000 0.0000000000 91.0000000000 17.0000000000
31.3650478000 -12.9442299000 0.0000000000 0.0000000000 92.0000000000 17.0000000000
31.3655085000 -12.9442328000 0.0000000000 0.0000000000 93.0000000000 17.0000000000
31.3659693000 -12.9442357000 0.0000000000 0.0000000000 94.0000000000 17.0000000000
31.3664301000 -12.9442386000 0.0000000000 0.0000000000 95.0000000000 17.0000000000
31.3668909000 -12.9442414000 0.0000000000 0.0000000000 96.0000000000 17.0000000000
31.3673517000 -12.9442443000 0.0000000000 0.0000000000 97.0000000000 17.0000000000
31.3678125000 -12.9442472000 0.0000000000 0.0000000000 98.0000000000 17.0000000000
31.3682733000 -12.9442501000 0.0000000000 0.0000000000 99.0000000000 17.0000000000
31.3687341000 -12.9442530000 0.0000000000 0.0000000000 100.0000000000 17.0000000000
31.3691948000 -12.9442559000 0.0000000000 0.0000000000 101.0000000000 17.0000000000
31.3696556000 -12.9442588000 0.0000000000 0.0000000000 102.0000000000 17.0000000000
31.3701164000 -12.9442616000 0.0000000000 0.0000000000 103.0000000000 17.0000000000
31.3705772000 -12.9442645000 0.0000000000 0.0000000000 104.0000000000 17.0000000000
31.3710380000 -12.9442674000 0.0000000000 0.0000000000 105.0000000000 17.0000000000
31.3714339000 -12.9442699000 0.0000000000 0.0000000000 106.0000000000 17.0000000000
31.3718299000 -12.9442723000 0.0000000000 0.0000000000 107.0000000000 17.0000000000
31.3718406000 -12.9447244000 0.0000000000 0.0000000000 108.0000000000 16.0000000000
31.3714378000 -12.9447219000 0.0000000000 0.0000000000 109.0000000000 16.0000000000
31.3710351000 -12.9447193000 0.0000000000 0.0000000000 110.0000000000 16.0000000000
31.3705743000 -12.9447165000 0.0000000000 0.0000000000 111.0000000000 16.0000000000
31.3701135000 -12.9447136000 0.0000000000 0.0000000000 112.0000000000 16.0000000000
31.3696527000 -12.9447107000 0.0000000000 0.0000000000 113.0000000000 16.0000000000
31.3691919000 -12.9447078000 0.0000000000 0.0000000000 114.0000000000 16.0000000000
31.3687311000 -12.9447049000 0.0000000000 0.0000000000 115.0000000000 16.0000000000
31.3682703000 -12.9447021000 0.0000000000 0.0000000000 116.0000000000 16.0000000000
31.3678095000 -12.9446992000 0.0000000000 0.0000000000 117.0000000000 16.0000000000
31.3673488000 -12.9446963000 0.0000000000 0.0000000000 118.0000000000 16.0000000000
31.3668880000 -12.9446934000 0.0000000000 0.0000000000 119.0000000000 16.0000000000
31.3664272000 -12.9446905000 0.0000000000 0.0000000000 120.0000000000 16.0000000000
31.3659664000 -12.9446876000 0.0000000000 0.0000000000 121.0000000000 16.0000000000
31.3655056000 -12.9446847000 0.0000000000 0.0000000000 122.0000000000 16.0000000000
31.3650448000 -12.9446818000 0.0000000000 0.0000000000 123.0000000000 16.0000000000
31.3645840000 -12.9446790000 0.0000000000 0.0000000000 124.0000000000 16.0000000000
31.3641232000 -12.9446761000 0.0000000000 0.0000000000 125.0000000000 16.0000000000
31.3636625000 -12.9446732000 0.0000000000 0.0000000000 126.0000000000 16.0000000000
31.3632017000 -12.9446703000 0.0000000000 0.0000000000 127.0000000000 16.0000000000
31.3627409000 -12.9446674000 0.0000000000 0.0000000000 128.0000000000 16.0000000000
31.3622801000 -12.9446645000 0.0000000000 0.0000000000 129.0000000000 16.0000000000
31.3618193000 -12.9446616000 0.0000000000 0.0000000000 130.0000000000 16.0000000000
31.3613585000 -12.9446587000 0.0000000000 0.0000000000 131.0000000000 16.0000000000
31.3608977000 -12.9446558000 0.0000000000 0.0000000000 132.0000000000 16.0000000000
31.3605335000 -12.9446535000 0.0000000000 0.0000000000 133.0000000000 16.0000000000
31.3601692000 -12.9446512000 0.0000000000 0.0000000000 134.0000000000 16.0000000000
31.3601692000 -12.9451032000 0.0000000000 0.0000000000 135.0000000000 15.0000000000
31.3605320000 -12.9451055000 0.0000000000 0.0000000000 136.0000000000 15.0000000000
31.3608948000 -12.9451078000 0.0000000000 0.0000000000 137.0000000000 15.0000000000
31.3613556000 -12.9451107000 0.0000000000 0.0000000000 138.0000000000 15.0000000000
31.3618163000 -12.9451136000 0.0000000000 0.0000000000 139.0000000000 15.0000000000
31.3622771000 -12.9451164000 0.0000000000 0.0000000000 140.0000000000 15.0000000000
31.3627379000 -12.9451193000 0.0000000000 0.0000000000 141.0000000000 15.0000000000
31.3631987000 -12.9451222000 0.0000000000 0.0000000000 142.0000000000 15.0000000000
31.3636595000 -12.9451251000 0.0000000000 0.0000000000 143.0000000000 15.0000000000
31.3641203000 -12.9451280000 0.0000000000 0.0000000000 144.0000000000 15.0000000000
31.3645811000 -12.9451309000 0.0000000000 0.0000000000 145.0000000000 15.0000000000
31.3650419000 -12.9451338000 0.0000000000 0.0000000000 146.0000000000 15.0000000000
31.3655027000 -12.9451367000 0.0000000000 0.0000000000 147.0000000000 15.0000000000
31.3659634000 -12.9451396000 0.0000000000 0.0000000000 148.0000000000 15.0000000000
31.3664242000 -12.9451425000 0.0000000000 0.0000000000 149.0000000000 15.0000000000
31.3668850000 -12.9451454000 0.0000000000 0.0000000000 150.0000000000 15.0000000000
31.3673458000 -12.9451482000 0.0000000000 0.0000000000 151.0000000000 15.0000000000
31.3678066000 -12.9451511000 0.0000000000 0.0000000000 152.0000000000 15.0000000000
31.3682674000 -12.9451540000 0.0000000000 0.0000000000 153.0000000000 15.0000000000
31.3687282000 -12.9451569000 0.0000000000 0.0000000000 154.0000000000 15.0000000000
31.3691890000 -12.9451598000 0.0000000000 0.0000000000 155.0000000000 15.0000000000
31.3696498000 -12.9451627000 0.0000000000 0.0000000000 156.0000000000 15.0000000000
31.3701106000 -12.9451655000 0.0000000000 0.0000000000 157.0000000000 15.0000000000
31.3705713000 -12.9451684000 0.0000000000 0.0000000000 158.0000000000 15.0000000000
31.3710321000 -12.9451713000 0.0000000000 0.0000000000 159.0000000000 15.0000000000
31.3714417000 -12.9451739000 0.0000000000 0.0000000000 160.0000000000 15.0000000000
31.3718514000 -12.9451764000 0.0000000000 0.0000000000 161.0000000000 15.0000000000
31.3718621000 -12.9456285000 0.0000000000 0.0000000000 162.0000000000 14.0000000000
31.3714456000 -12.9456259000 0.0000000000 0.0000000000 163.0000000000 14.0000000000
31.3710292000 -12.9456233000 0.0000000000 0.0000000000 164.0000000000 14.0000000000
31.3705684000 -12.9456204000 0.0000000000 0.0000000000 165.0000000000 14.0000000000
31.3701076000 -12.9456175000 0.0000000000 0.0000000000 166.0000000000 14.0000000000
31.3696468000 -12.9456146000 0.0000000000 0.0000000000 167.0000000000 14.0000000000
31.3691860000 -12.9456117000 0.0000000000 0.0000000000 168.0000000000 14.0000000000
31.3687252000 -12.9456088000 0.0000000000 0.0000000000 169.0000000000 14.0000000000
31.3682645000 -12.9456060000 0.0000000000 0.0000000000 170.0000000000 14.0000000000
31.3678037000 -12.9456031000 0.0000000000 0.0000000000 171.0000000000 14.0000000000
31.3673429000 -12.9456002000 0.0000000000 0.0000000000 172.0000000000 14.0000000000
31.3668821000 -12.9455973000 0.0000000000 0.0000000000 173.0000000000 14.0000000000
31.3664213000 -12.9455944000 0.0000000000 0.0000000000 174.0000000000 14.0000000000
31.3659605000 -12.9455915000 0.0000000000 0.0000000000 175.0000000000 14.0000000000
31.3654997000 -12.9455886000 0.0000000000 0.0000000000 176.0000000000 14.0000000000
31.3650389000 -12.9455858000 0.0000000000 0.0000000000 177.0000000000 14.0000000000
31.3645781000 -12.9455829000 0.0000000000 0.0000000000 178.0000000000 14.0000000000
31.3641173000 -12.9455800000 0.0000000000 0.0000000000 179.0000000000 14.0000000000
31.3636566000 -12.9455771000 0.0000000000 0.0000000000 180.0000000000 14.0000000000
31.3631958000 -12.9455742000 0.0000000000 0.0000000000 181.0000000000 14.0000000000
31.3627350000 -12.9455713000 0.0000000000 0.0000000000 182.0000000000 14.0000000000
31.3622742000 -12.9455684000 0.0000000000 0.0000000000 183.0000000000 14.0000000000
31.3618134000 -12.9455655000 0.0000000000 0.0000000000 184.0000000000 14.0000000000
31.3613526000 -12.9455626000 0.0000000000 0.0000000000 185.0000000000 14.0000000000
31.3608918000 -12.9455597000 0.0000000000 0.0000000000 186.0000000000 14.0000000000
31.3605305000 -12.9455574000 0.0000000000 0.0000000000 187.0000000000 14.0000000000
31.3601692000 -12.9455552000 0.0000000000 0.0000000000 188.0000000000 14.0000000000
31.3601692000 -12.9460071000 0.0000000000 0.0000000000 189.0000000000 13.0000000000
31.3605290000 -12.9460094000 0.0000000000 0.0000000000 190.0000000000 13.0000000000
31.3608889000 -12.9460117000 0.0000000000 0.0000000000 191.0000000000 13.0000000000
31.3613497000 -12.9460146000 0.0000000000 0.0000000000 192.0000000000 13.0000000000
31.3618104000 -12.9460175000 0.0000000000 0.0000000000 193.0000000000 13.0000000000
31.3622712000 -12.9460204000 0.0000000000 0.0000000000 194.0000000000 13.0000000000
31.3627320000 -12.9460232000 0.0000000000 0.0000000000 195.0000000000 13.0000000000
31.3631928000 -12.9460261000 0.0000000000 0.0000000000 196.0000000000 13.0000000000
31.3636536000 -12.9460290000 0.0000000000 0.0000000000 197.0000000000 13.0000000000
31.3641144000 -12.9460319000 0.0000000000 0.0000000000 198.0000000000 13.0000000000
31.3645752000 -12.9460348000 0.0000000000 0.0000000000 199.0000000000 13.0000000000
31.3650360000 -12.9460377000 0.0000000000 0.0000000000 200.0000000000 13.0000000000
31.3654968000 -12.9460406000 0.0000000000 0.0000000000 201.0000000000 13.0000000000
31.3659576000 -12.9460435000 0.0000000000 0.0000000000 202.0000000000 13.0000000000
31.3664183000 -12.9460464000 0.0000000000 0.0000000000 203.0000000000 13.0000000000
31.3668791000 -12.9460493000 0.0000000000 0.0000000000 204.0000000000 13.0000000000
31.3673399000 -12.9460521000 0.0000000000 0.0000000000 205.0000000000 13.0000000000
31.3678007000 -12.9460550000 0.0000000000 0.0000000000 206.0000000000 13.0000000000
31.3682615000 -12.9460579000 0.0000000000 0.0000000000 207.0000000000 13.0000000000
31.3687223000 -12.9460608000 0.0000000000 0.0000000000 208.0000000000 13.0000000000
31.3691831000 -12.9460637000 0.0000000000 0.0000000000 209.0000000000 13.0000000000
31.3696439000 -12.9460666000 0.0000000000 0.0000000000 210.0000000000 13.0000000000
31.3701047000 -12.9460694000 0.0000000000 0.0000000000 211.0000000000 13.0000000000
31.3705655000 -12.9460723000 0.0000000000 0.0000000000 212.0000000000 13.0000000000
31.3710263000 -12.9460752000 0.0000000000 0.0000000000 213.0000000000 13.0000000000
31.3714495000 -12.9460779000 0.0000000000 0.0000000000 214.0000000000 13.0000000000
31.3718728000 -12.9460805000 0.0000000000 0.0000000000 215.0000000000 13.0000000000
31.3718835000 -12.9465325000 0.0000000000 0.0000000000 216.0000000000 12.0000000000
31.3714534000 -12.9465299000 0.0000000000 0.0000000000 217.0000000000 12.0000000000
31.3710233000 -12.9465272000 0.0000000000 0.0000000000 218.0000000000 12.0000000000
31.3705625000 -12.9465243000 0.0000000000 0.0000000000 219.0000000000 12.0000000000
31.3701017000 -12.9465214000 0.0000000000 0.0000000000 220.0000000000 12.0000000000
31.3696409000 -12.9465185000 0.0000000000 0.0000000000 221.0000000000 12.0000000000
31.3691802000 -12.9465156000 0.0000000000 0.0000000000 222.0000000000 12.0000000000
31.3687194000 -12.9465128000 0.0000000000 0.0000000000 223.0000000000 12.0000000000
31.3682586000 -12.9465099000 0.0000000000 0.0000000000 224.0000000000 12.0000000000
31.3677978000 -12.9465070000 0.0000000000 0.0000000000 225.0000000000 12.0000000000
31.3673370000 -12.9465041000 0.0000000000 0.0000000000 226.0000000000 12.0000000000
31.3668762000 -12.9465012000 0.0000000000 0.0000000000 227.0000000000 12.0000000000
31.3664154000 -12.9464983000 0.0000000000 0.0000000000 228.0000000000 12.0000000000
31.3659546000 -12.9464954000 0.0000000000 0.0000000000 229.0000000000 12.0000000000
31.3654938000 -12.9464925000 0.0000000000 0.0000000000 230.0000000000 12.0000000000
31.3650330000 -12.9464897000 0.0000000000 0.0000000000 231.0000000000 12.0000000000
31.3645722000 -12.9464868000 0.0000000000 0.0000000000 232.0000000000 12.0000000000
31.3641114000 -12.9464839000 0.0000000000 0.0000000000 233.0000000000 12.0000000000
31.3636507000 -12.9464810000 0.0000000000 0.0000000000 234.0000000000 12.0000000000
31.3631899000 -12.9464781000 0.0000000000 0.0000000000 235.0000000000 12.0000000000
31.3627291000 -12.9464752000 0.0000000000 0.0000000000 236.0000000000 12.0000000000
31.3622683000 -12.9464723000 0.0000000000 0.0000000000 237.0000000000 12.0000000000
31.3618075000 -12.9464694000 0.0000000000 0.0000000000 238.0000000000 12.0000000000
31.3613467000 -12.9464665000 0.0000000000 0.0000000000 239.0000000000 12.0000000000
31.3608859000 -12.9464636000 0.0000000000 0.0000000000 240.0000000000 12.0000000000
31.3605276000 -12.9464614000 0.0000000000 0.0000000000 241.0000000000 12.0000000000
31.3601692000 -12.9464591000 0.0000000000 0.0000000000 242.0000000000 12.0000000000
31.3601692000 -12.9469111000 0.0000000000 0.0000000000 243.0000000000 11.0000000000
31.3605261000 -12.9469133000 0.0000000000 0.0000000000 244.0000000000 11.0000000000
31.3608830000 -12.9469156000 0.0000000000 0.0000000000 245.0000000000 11.0000000000
31.3613437000 -12.9469185000 0.0000000000 0.0000000000 246.0000000000 11.0000000000
31.3618045000 -12.9469214000 0.0000000000 0.0000000000 247.0000000000 11.0000000000
31.3622653000 -12.9469243000 0.0000000000 0.0000000000 248.0000000000 11.0000000000
31.3627261000 -12.9469272000 0.0000000000 0.0000000000 249.0000000000 11.0000000000
31.3631869000 -12.9469300000 0.0000000000 0.0000000000 250.0000000000 11.0000000000
31.3636477000 -12.9469329000 0.0000000000 0.0000000000 251.0000000000 11.0000000000
31.3641085000 -12.9469358000 0.0000000000 0.0000000000 252.0000000000 11.0000000000
31.3645693000 -12.9469387000 0.0000000000 0.0000000000 253.0000000000 11.0000000000
31.3650301000 -12.9469416000 0.0000000000 0.0000000000 254.0000000000 11.0000000000
31.3654909000 -12.9469445000 0.0000000000 0.0000000000 255.0000000000 11.0000000000
31.3659517000 -12.9469474000 0.0000000000 0.0000000000 256.0000000000 11.0000000000
31.3664125000 -12.9469503000 0.0000000000 0.0000000000 257.0000000000 11.0000000000
31.3668733000 -12.9469532000 0.0000000000 0.0000000000 258.0000000000 11.0000000000
31.3673340000 -12.9469561000 0.0000000000 0.0000000000 259.0000000000 11.0000000000
31.3677948000 -12.9469589000 0.0000000000 0.0000000000 260.0000000000 11.0000000000
31.3682556000 -12.9469618000 0.0000000000 0.0000000000 261.0000000000 11.0000000000
31.3687164000 -12.9469647000 0.0000000000 0.0000000000 262.0000000000 11.0000000000
31.3691772000 -12.9469676000 0.0000000000 0.0000000000 263.0000000000 11.0000000000
31.3696380000 -12.9469705000 0.0000000000 0.0000000000 264.0000000000 11.0000000000
31.3700988000 -12.9469734000 0.0000000000 0.0000000000 265.0000000000 11.0000000000
31.3705596000 -12.9469762000 0.0000000000 0.0000000000 266.0000000000 11.0000000000
31.3710204000 -12.9469791000 0.0000000000 0.0000000000 267.0000000000 11.0000000000
31.3714573000 -12.9469818000 0.0000000000 0.0000000000 268.0000000000 11.0000000000
31.3718943000 -12.9469846000 0.0000000000 0.0000000000 269.0000000000 11.0000000000
31.3719050000 -12.9474366000 0.0000000000 0.0000000000 270.0000000000 10.0000000000
31.3714612000 -12.9474338000 0.0000000000 0.0000000000 271.0000000000 10.0000000000
31.3710175000 -12.9474311000 0.0000000000 0.0000000000 272.0000000000 10.0000000000
31.3705567000 -12.9474282000 0.0000000000 0.0000000000 273.0000000000 10.0000000000
31.3700959000 -12.9474253000 0.0000000000 0.0000000000 274.0000000000 10.0000000000
31.3696351000 -12.9474224000 0.0000000000 0.0000000000 275.0000000000 10.0000000000
31.3691743000 -12.9474195000 0.0000000000 0.0000000000 276.0000000000 10.0000000000
31.3687135000 -12.9474167000 0.0000000000 0.0000000000 277.0000000000 10.0000000000
31.3682527000 -12.9474138000 0.0000000000 0.0000000000 278.0000000000 10.0000000000
31.3677919000 -12.9474109000 0.0000000000 0.0000000000 279.0000000000 10.0000000000
31.3673311000 -12.9474080000 0.0000000000 0.0000000000 280.0000000000 10.0000000000
31.3668703000 -12.9474051000 0.0000000000 0.0000000000 281.0000000000 10.0000000000
31.3664095000 -12.9474022000 0.0000000000 0.0000000000 282.0000000000 10.0000000000
31.3659487000 -12.9473993000 0.0000000000 0.0000000000 283.0000000000 10.0000000000
31.3654879000 -12.9473965000 0.0000000000 0.0000000000 284.0000000000 10.0000000000
31.3650271000 -12.9473936000 0.0000000000 0.0000000000 285.0000000000 10.0000000000
31.3645663000 -12.9473907000 0.0000000000 0.0000000000 286.0000000000 10.0000000000
31.3641055000 -12.9473878000 0.0000000000 0.0000000000 287.0000000000 10.0000000000
31.3636448000 -12.9473849000 0.0000000000 0.0000000000 288.0000000000 10.0000000000
31.3631840000 -12.9473820000 0.0000000000 0.0000000000 289.0000000000 10.0000000000
31.3627232000 -12.9473791000 0.0000000000 0.0000000000 290.0000000000 10.0000000000
31.3622624000 -12.9473762000 0.0000000000 0.0000000000 291.0000000000 10.0000000000
31.3618016000 -12.9473733000 0.0000000000 0.0000000000 292.0000000000 10.0000000000
31.3613408000 -12.9473704000 0.0000000000 0.0000000000 293.0000000000 10.0000000000
31.3608800000 -12.9473675000 0.0000000000 0.0000000000 294.0000000000 10.0000000000
31.3605246000 -12.9473653000 0.0000000000 0.0000000000 295.0000000000 10.0000000000
31.3601692000 -12.9473630000 0.0000000000 0.0000000000 296.0000000000 10.0000000000
31.3601692000 -12.9478150000 0.0000000000 0.0000000000 297.0000000000 9.0000000000
31.3605231000 -12.9478172000 0.0000000000 0.0000000000 298.0000000000 9.0000000000
31.3608770000 -12.9478195000 0.0000000000 0.0000000000 299.0000000000 9.0000000000
31.3613378000 -12.9478224000 0.0000000000 0.0000000000 300.0000000000 9.0000000000
31.3617986000 -12.9478253000 0.0000000000 0.0000000000 301.0000000000 9.0000000000
31.3622594000 -12.9478282000 0.0000000000 0.0000000000 302.0000000000 9.0000000000
31.3627202000 -12.9478311000 0.0000000000 0.0000000000 303.0000000000 9.0000000000
31.3631810000 -12.9478339000 0.0000000000 0.0000000000 304.0000000000 9.0000000000
31.3636418000 -12.9478368000 0.0000000000 0.0000000000 305.0000000000 9.0000000000
31.3641026000 -12.9478397000 0.0000000000 0.0000000000 306.0000000000 9.0000000000
31.3645634000 -12.9478426000 0.0000000000 0.0000000000 307.0000000000 9.0000000000
31.3650242000 -12.9478455000 0.0000000000 0.0000000000 308.0000000000 9.0000000000
31.3654850000 -12.9478484000 0.0000000000 0.0000000000 309.0000000000 9.0000000000
31.3659458000 -12.9478513000 0.0000000000 0.0000000000 310.0000000000 9.0000000000
31.3664066000 -12.9478542000 0.0000000000 0.0000000000 311.0000000000 9.0000000000
31.3668674000 -12.9478571000 0.0000000000 0.0000000000 312.0000000000 9.0000000000
31.3673282000 -12.9478600000 0.0000000000 0.0000000000 313.0000000000 9.0000000000
31.3677890000 -12.9478628000 0.0000000000 0.0000000000 314.0000000000 9.0000000000
31.3682497000 -12.9478657000 0.0000000000 0.0000000000 315.0000000000 9.0000000000
31.3687105000 -12.9478686000 0.0000000000 0.0000000000 316.0000000000 9.0000000000
31.3691713000 -12.9478715000 0.0000000000 0.0000000000 317.0000000000 9.0000000000
31.3696321000 -12.9478744000 0.0000000000 0.0000000000 318.0000000000 9.0000000000
31.3700929000 -12.9478773000 0.0000000000 0.0000000000 319.0000000000 9.0000000000
31.3705537000 -12.9478801000 0.0000000000 0.0000000000 320.0000000000 9.0000000000
31.3710145000 -12.9478830000 0.0000000000 0.0000000000 321.0000000000 9.0000000000
31.3714651000 -12.9478858000 0.0000000000 0.0000000000 322.0000000000 9.0000000000
31.3719157000 -12.9478887000 0.0000000000 0.0000000000 323.0000000000 9.0000000000
31.3719265000 -12.9483407000 0.0000000000 0.0000000000 324.0000000000 8.0000000000
31.3714690000 -12.9483378000 0.0000000000 0.0000000000 325.0000000000 8.0000000000
31.3710116000 -12.9483350000 0.0000000000 0.0000000000 326.0000000000 8.0000000000
31.3705508000 -12.9483321000 0.0000000000 0.0000000000 327.0000000000 8.0000000000
31.3700900000 -12.9483292000 0.0000000000 0.0000000000 328.0000000000 8.0000000000
31.3696292000 -12.9483263000 0.0000000000 0.0000000000 329.0000000000 8.0000000000
31.3691684000 -12.9483235000 0.0000000000 0.0000000000 330.0000000000 8.0000000000
31.3687076000 -12.9483206000 0.0000000000 0.0000000000 331.0000000000 8.0000000000
31.3682468000 -12.9483177000 0.0000000000 0.0000000000 332.0000000000 8.0000000000
31.3677860000 -12.9483148000 0.0000000000 0.0000000000 333.0000000000 8.0000000000
31.3673252000 -12.9483119000 0.0000000000 0.0000000000 334.0000000000 8.0000000000
31.3668644000 -12.9483090000 0.0000000000 0.0000000000 335.0000000000 8.0000000000
31.3664036000 -12.9483061000 0.0000000000 0.0000000000 336.0000000000 8.0000000000
31.3659428000 -12.9483032000 0.0000000000 0.0000000000 337.0000000000 8.0000000000
31.3654820000 -12.9483004000 0.0000000000 0.0000000000 338.0000000000 8.0000000000
31.3650212000 -12.9482975000 0.0000000000 0.0000000000 339.0000000000 8.0000000000
31.3645604000 -12.9482946000 0.0000000000 0.0000000000 340.0000000000 8.0000000000
31.3640997000 -12.9482917000 0.0000000000 0.0000000000 341.0000000000 8.0000000000
31.3636389000 -12.9482888000 0.0000000000 0.0000000000 342.0000000000 8.0000000000
31.3631781000 -12.9482859000 0.0000000000 0.0000000000 343.0000000000 8.0000000000
31.3627173000 -12.9482830000 0.0000000000 0.0000000000 344.0000000000 8.0000000000
31.3622565000 -12.9482801000 0.0000000000 0.0000000000 345.0000000000 8.0000000000
31.3617957000 -12.9482772000 0.0000000000 0.0000000000 346.0000000000 8.0000000000
31.3613349000 -12.9482743000 0.0000000000 0.0000000000 347.0000000000 8.0000000000
31.3608741000 -12.9482714000 0.0000000000 0.0000000000 348.0000000000 8.0000000000
31.3605217000 -12.9482692000 0.0000000000 0.0000000000 349.0000000000 8.0000000000
31.3601692000 -12.9482670000 0.0000000000 0.0000000000 350.0000000000 8.0000000000
31.3601692000 -12.9487190000 0.0000000000 0.0000000000 351.0000000000 7.0000000000
31.3605202000 -12.9487212000 0.0000000000 0.0000000000 352.0000000000 7.0000000000
31.3608711000 -12.9487234000 0.0000000000 0.0000000000 353.0000000000 7.0000000000
31.3613319000 -12.9487263000 0.0000000000 0.0000000000 354.0000000000 7.0000000000
31.3617927000 -12.9487292000 0.0000000000 0.0000000000 355.0000000000 7.0000000000
31.3622535000 -12.9487321000 0.0000000000 0.0000000000 356.0000000000 7.0000000000
31.3627143000 -12.9487350000 0.0000000000 0.0000000000 357.0000000000 7.0000000000
31.3631751000 -12.9487379000 0.0000000000 0.0000000000 358.0000000000 7.0000000000
31.3636359000 -12.9487407000 0.0000000000 0.0000000000 359.0000000000 7.0000000000
31.3640967000 -12.9487436000 0.0000000000 0.0000000000 360.0000000000 7.0000000000
31.3645575000 -12.9487465000 0.0000000000 0.0000000000 361.0000000000 7.0000000000
31.3650183000 -12.9487494000 0.0000000000 0.0000000000 362.0000000000 7.0000000000
31.3654791000 -12.9487523000 0.0000000000 0.0000000000 363.0000000000 7.0000000000
31.3659399000 -12.9487552000 0.0000000000 0.0000000000 364.0000000000 7.0000000000
31.3664007000 -12.9487581000 0.0000000000 0.0000000000 365.0000000000 7.0000000000
31.3668615000 -12.9487610000 0.0000000000 0.0000000000 366.0000000000 7.0000000000
31.3673223000 -12.9487639000 0.0000000000 0.0000000000 367.0000000000 7.0000000000
31.3677831000 -12.9487668000 0.0000000000 0.0000000000 368.0000000000 7.0000000000
31.3682439000 -12.9487696000 0.0000000000 0.0000000000 369.0000000000 7.0000000000
31.3687047000 -12.9487725000 0.0000000000 0.0000000000 370.0000000000 7.0000000000
31.3691655000 -12.9487754000 0.0000000000 0.0000000000 371.0000000000 7.0000000000
31.3696263000 -12.9487783000 0.0000000000 0.0000000000 372.0000000000 7.0000000000
31.3700870000 -12.9487812000 0.0000000000 0.0000000000 373.0000000000 7.0000000000
31.3705478000 -12.9487841000 0.0000000000 0.0000000000 374.0000000000 7.0000000000
31.3710086000 -12.9487869000 0.0000000000 0.0000000000 375.0000000000 7.0000000000
31.3714694000 -12.9487898000 0.0000000000 0.0000000000 376.0000000000 7.0000000000
31.3717033000 -12.9487913000 0.0000000000 0.0000000000 377.0000000000 7.0000000000
31.3719372000 -12.9487927000 0.0000000000 0.0000000000 378.0000000000 7.0000000000
31.3719479000 -12.9492448000 0.0000000000 0.0000000000 379.0000000000 6.0000000000
31.3717072000 -12.9492433000 0.0000000000 0.0000000000 380.0000000000 6.0000000000
31.3714665000 -12.9492418000 0.0000000000 0.0000000000 381.0000000000 6.0000000000
31.3710057000 -12.9492389000 0.0000000000 0.0000000000 382.0000000000 6.0000000000
31.3705449000 -12.9492360000 0.0000000000 0.0000000000 383.0000000000 6.0000000000
31.3700841000 -12.9492331000 0.0000000000 0.0000000000 384.0000000000 6.0000000000
31.3696233000 -12.9492302000 0.0000000000 0.0000000000 385.0000000000 6.0000000000
31.3691625000 -12.9492274000 0.0000000000 0.0000000000 386.0000000000 6.0000000000
31.3687017000 -12.9492245000 0.0000000000 0.0000000000 387.0000000000 6.0000000000
31.3682409000 -12.9492216000 0.0000000000 0.0000000000 388.0000000000 6.0000000000
31.3677801000 -12.9492187000 0.0000000000 0.0000000000 389.0000000000 6.0000000000
31.3673193000 -12.9492158000 0.0000000000 0.0000000000 390.0000000000 6.0000000000
31.3668585000 -12.9492129000 0.0000000000 0.0000000000 391.0000000000 6.0000000000
31.3663977000 -12.9492100000 0.0000000000 0.0000000000 392.0000000000 6.0000000000
31.3659369000 -12.9492072000 0.0000000000 0.0000000000 393.0000000000 6.0000000000
31.3654761000 -12.9492043000 0.0000000000 0.0000000000 394.0000000000 6.0000000000
31.3650153000 -12.9492014000 0.0000000000 0.0000000000 395.0000000000 6.0000000000
31.3645545000 -12.9491985000 0.0000000000 0.0000000000 396.0000000000 6.0000000000
31.3640938000 -12.9491956000 0.0000000000 0.0000000000 397.0000000000 6.0000000000
31.3636330000 -12.9491927000 0.0000000000 0.0000000000 398.0000000000 6.0000000000
31.3631722000 -12.9491898000 0.0000000000 0.0000000000 399.0000000000 6.0000000000
31.3627114000 -12.9491869000 0.0000000000 0.0000000000 400.0000000000 6.0000000000
31.3622506000 -12.9491840000 0.0000000000 0.0000000000 401.0000000000 6.0000000000
31.3617898000 -12.9491811000 0.0000000000 0.0000000000 402.0000000000 6.0000000000
31.3613290000 -12.9491782000 0.0000000000 0.0000000000 403.0000000000 6.0000000000
31.3608682000 -12.9491753000 0.0000000000 0.0000000000 404.0000000000 6.0000000000
31.3605187000 -12.9491731000 0.0000000000 0.0000000000 405.0000000000 6.0000000000
31.3601692000 -12.9491709000 0.0000000000 0.0000000000 406.0000000000 6.0000000000
