QGC WPL 110
2.0 1 0 22 0 0 0 0 -12.9429139 31.3714223 0.0 1
3.0 0 0 16 0 0 0 0 -12.9429115 31.3710468 0.0 1
4.0 0 0 16 0 0 0 0 -12.9429087 31.370586 0.0 1
5.0 0 0 16 0 0 0 0 -12.9429058 31.3701252 0.0 1
6.0 0 0 16 0 0 0 0 -12.9429029 31.3696645 0.0 1
7.0 0 0 16 0 0 0 0 -12.9429 31.3692037 0.0 1
8.0 0 0 16 0 0 0 0 -12.9428971 31.3687429 0.0 1
9.0 0 0 16 0 0 0 0 -12.9428942 31.3682821 0.0 1
10.0 0 0 16 0 0 0 0 -12.9428914 31.3678213 0.0 1
11.0 0 0 16 0 0 0 0 -12.9428885 31.3673605 0.0 1
12.0 0 0 16 0 0 0 0 -12.9428856 31.3668997 0.0 1
13.0 0 0 16 0 0 0 0 -12.9428827 31.366439 0.0 1
14.0 0 0 16 0 0 0 0 -12.9428798 31.3659782 0.0 1
15.0 0 0 16 0 0 0 0 -12.9428769 31.3655174 0.0 1
16.0 0 0 16 0 0 0 0 -12.942874 31.3650566 0.0 1
17.0 0 0 16 0 0 0 0 -12.9428711 31.3645958 0.0 1
18.0 0 0 16 0 0 0 0 -12.9428683 31.364135 0.0 1
19.0 0 0 16 0 0 0 0 -12.9428654 31.3636742 0.0 1
20.0 0 0 16 0 0 0 0 -12.9428625 31.3632135 0.0 1
21.0 0 0 16 0 0 0 0 -12.9428596 31.3627527 0.0 1
22.0 0 0 16 0 0 0 0 -12.9428567 31.3622919 0.0 1
23.0 0 0 16 0 0 0 0 -12.9428538 31.3618311 0.0 1
24.0 0 0 16 0 0 0 0 -12.9428509 31.3613703 0.0 1
25.0 0 0 16 0 0 0 0 -12.942848 31.3609095 0.0 1
26.0 0 0 16 0 0 0 0 -12.9428457 31.3605394 0.0 1
27.0 0 0 16 0 0 0 0 -12.9428433 31.3601692 0.0 1
28.0 0 0 16 0 0 0 0 -12.9432953 31.3601692 0.0 1
29.0 0 0 16 0 0 0 0 -12.9432976 31.3605379 0.0 1
30.0 0 0 16 0 0 0 0 -12.9433 31.3609066 0.0 1
31.0 0 0 16 0 0 0 0 -12.9433029 31.3613674 0.0 1
32.0 0 0 16 0 0 0 0 -12.9433057 31.3618282 0.0 1
33.0 0 0 16 0 0 0 0 -12.9433086 31.3622889 0.0 1
34.0 0 0 16 0 0 0 0 -12.9433115 31.3627497 0.0 1
35.0 0 0 16 0 0 0 0 -12.9433144 31.3632105 0.0 1
36.0 0 0 16 0 0 0 0 -12.9433173 31.3636713 0.0 1
37.0 0 0 16 0 0 0 0 -12.9433202 31.3641321 0.0 1
38.0 0 0 16 0 0 0 0 -12.9433231 31.3645929 0.0 1
39.0 0 0 16 0 0 0 0 -12.943326 31.3650537 0.0 1
40.0 0 0 16 0 0 0 0 -12.9433289 31.3655144 0.0 1
41.0 0 0 16 0 0 0 0 -12.9433318 31.3659752 0.0 1
42.0 0 0 16 0 0 0 0 -12.9433347 31.366436 0.0 1
43.0 0 0 16 0 0 0 0 -12.9433375 31.3668968 0.0 1
44.0 0 0 16 0 0 0 0 -12.9433404 31.3673576 0.0 1
45.0 0 0 16 0 0 0 0 -12.9433433 31.3678184 0.0 1
46.0 0 0 16 0 0 0 0 -12.9433462 31.3682792 0.0 1
47.0 0 0 16 0 0 0 0 -12.9433491 31.3687399 0.0 1
48.0 0 0 16 0 0 0 0 -12.943352 31.3692007 0.0 1
49.0 0 0 16 0 0 0 0 -12.9433548 31.3696615 0.0 1
50.0 0 0 16 0 0 0 0 -12.9433577 31.3701223 0.0 1
51.0 0 0 16 0 0 0 0 -12.9433606 31.3705831 0.0 1
52.0 0 0 16 0 0 0 0 -12.9433635 31.3710439 0.0 1
53.0 0 0 16 0 0 0 0 -12.9433659 31.3714261 0.0 1
54.0 0 0 16 0 0 0 0 -12.9433683 31.3718084 0.0 1
55.0 0 0 16 0 0 0 0 -12.9438203 31.3718192 0.0 1
56.0 0 0 16 0 0 0 0 -12.9438179 31.37143 0.0 1
57.0 0 0 16 0 0 0 0 -12.9438154 31.3710409 0.0 1
58.0 0 0 16 0 0 0 0 -12.9438126 31.3705802 0.0 1
59.0 0 0 16 0 0 0 0 -12.9438097 31.3701194 0.0 1
60.0 0 0 16 0 0 0 0 -12.9438068 31.3696586 0.0 1
61.0 0 0 16 0 0 0 0 -12.9438039 31.3691978 0.0 1
62.0 0 0 16 0 0 0 0 -12.943801 31.368737 0.0 1
63.0 0 0 16 0 0 0 0 -12.9437982 31.3682762 0.0 1
64.0 0 0 16 0 0 0 0 -12.9437953 31.3678154 0.0 1
65.0 0 0 16 0 0 0 0 -12.9437924 31.3673546 0.0 1
66.0 0 0 16 0 0 0 0 -12.9437895 31.3668939 0.0 1
67.0 0 0 16 0 0 0 0 -12.9437866 31.3664331 0.0 1
68.0 0 0 16 0 0 0 0 -12.9437837 31.3659723 0.0 1
69.0 0 0 16 0 0 0 0 -12.9437808 31.3655115 0.0 1
70.0 0 0 16 0 0 0 0 -12.9437779 31.3650507 0.0 1
71.0 0 0 16 0 0 0 0 -12.9437751 31.3645899 0.0 1
72.0 0 0 16 0 0 0 0 -12.9437722 31.3641291 0.0 1
73.0 0 0 16 0 0 0 0 -12.9437693 31.3636683 0.0 1
74.0 0 0 16 0 0 0 0 -12.9437664 31.3632076 0.0 1
75.0 0 0 16 0 0 0 0 -12.9437635 31.3627468 0.0 1
76.0 0 0 16 0 0 0 0 -12.9437606 31.362286 0.0 1
77.0 0 0 16 0 0 0 0 -12.9437577 31.3618252 0.0 1
78.0 0 0 16 0 0 0 0 -12.9437548 31.3613644 0.0 1
79.0 0 0 16 0 0 0 0 -12.9437519 31.3609036 0.0 1
80.0 0 0 16 0 0 0 0 -12.9437496 31.3605364 0.0 1
81.0 0 0 16 0 0 0 0 -12.9437473 31.3601692 0.0 1
82.0 0 0 16 0 0 0 0 -12.9441993 31.3601692 0.0 1
83.0 0 0 16 0 0 0 0 -12.9442016 31.3605349 0.0 1
84.0 0 0 16 0 0 0 0 -12.9442039 31.3609007 0.0 1
85.0 0 0 16 0 0 0 0 -12.9442068 31.3613615 0.0 1
86.0 0 0 16 0 0 0 0 -12.9442096 31.3618223 0.0 1
87.0 0 0 16 0 0 0 0 -12.9442125 31.362283 0.0 1
88.0 0 0 16 0 0 0 0 -12.9442154 31.3627438 0.0 1
89.0 0 0 16 0 0 0 0 -12.9442183 31.3632046 0.0 1
90.0 0 0 16 0 0 0 0 -12.9442212 31.3636654 0.0 1
91.0 0 0 16 0 0 0 0 -12.9442241 31.3641262 0.0 1
92.0 0 0 16 0 0 0 0 -12.944227 31.364587 0.0 1
93.0 0 0 16 0 0 0 0 -12.9442299 31.3650478 0.0 1
94.0 0 0 16 0 0 0 0 -12.9442328 31.3655085 0.0 1
95.0 0 0 16 0 0 0 0 -12.9442357 31.3659693 0.0 1
96.0 0 0 16 0 0 0 0 -12.9442386 31.3664301 0.0 1
97.0 0 0 16 0 0 0 0 -12.9442414 31.3668909 0.0 1
98.0 0 0 16 0 0 0 0 -12.9442443 31.3673517 0.0 1
99.0 0 0 16 0 0 0 0 -12.9442472 31.3678125 0.0 1
100.0 0 0 16 0 0 0 0 -12.9442501 31.3682733 0.0 1
101.0 0 0 16 0 0 0 0 -12.944253 31.3687341 0.0 1
102.0 0 0 16 0 0 0 0 -12.9442559 31.3691948 0.0 1
103.0 0 0 16 0 0 0 0 -12.9442588 31.3696556 0.0 1
104.0 0 0 16 0 0 0 0 -12.9442616 31.3701164 0.0 1
105.0 0 0 16 0 0 0 0 -12.9442645 31.3705772 0.0 1
106.0 0 0 16 0 0 0 0 -12.9442674 31.371038 0.0 1
107.0 0 0 16 0 0 0 0 -12.9442699 31.3714339 0.0 1
108.0 0 0 16 0 0 0 0 -12.9442723 31.3718299 0.0 1
109.0 0 0 16 0 0 0 0 -12.9447244 31.3718406 0.0 1
110.0 0 0 16 0 0 0 0 -12.9447219 31.3714378 0.0 1
111.0 0 0 16 0 0 0 0 -12.9447193 31.3710351 0.0 1
112.0 0 0 16 0 0 0 0 -12.9447165 31.3705743 0.0 1
113.0 0 0 16 0 0 0 0 -12.9447136 31.3701135 0.0 1
114.0 0 0 16 0 0 0 0 -12.9447107 31.3696527 0.0 1
115.0 0 0 16 0 0 0 0 -12.9447078 31.3691919 0.0 1
116.0 0 0 16 0 0 0 0 -12.9447049 31.3687311 0.0 1
117.0 0 0 16 0 0 0 0 -12.9447021 31.3682703 0.0 1
118.0 0 0 16 0 0 0 0 -12.9446992 31.3678095 0.0 1
119.0 0 0 16 0 0 0 0 -12.9446963 31.3673488 0.0 1
120.0 0 0 16 0 0 0 0 -12.9446934 31.366888 0.0 1
121.0 0 0 16 0 0 0 0 -12.9446905 31.3664272 0.0 1
122.0 0 0 16 0 0 0 0 -12.9446876 31.3659664 0.0 1
123.0 0 0 16 0 0 0 0 -12.9446847 31.3655056 0.0 1
124.0 0 0 16 0 0 0 0 -12.9446818 31.3650448 0.0 1
125.0 0 0 16 0 0 0 0 -12.944679 31.364584 0.0 1
126.0 0 0 16 0 0 0 0 -12.9446761 31.3641232 0.0 1
127.0 0 0 16 0 0 0 0 -12.9446732 31.3636625 0.0 1
128.0 0 0 16 0 0 0 0 -12.9446703 31.3632017 0.0 1
129.0 0 0 16 0 0 0 0 -12.9446674 31.3627409 0.0 1
130.0 0 0 16 0 0 0 0 -12.9446645 31.3622801 0.0 1
131.0 0 0 16 0 0 0 0 -12.9446616 31.3618193 0.0 1
132.0 0 0 16 0 0 0 0 -12.9446587 31.3613585 0.0 1
133.0 0 0 16 0 0 0 0 -12.9446558 31.3608977 0.0 1
134.0 0 0 16 0 0 0 0 -12.9446535 31.3605335 0.0 1
135.0 0 0 16 0 0 0 0 -12.9446512 31.3601692 0.0 1
136.0 0 0 16 0 0 0 0 -12.9451032 31.3601692 0.0 1
137.0 0 0 16 0 0 0 0 -12.9451055 31.360532 0.0 1
138.0 0 0 16 0 0 0 0 -12.9451078 31.3608948 0.0 1
139.0 0 0 16 0 0 0 0 -12.9451107 31.3613556 0.0 1
140.0 0 0 16 0 0 0 0 -12.9451136 31.3618163 0.0 1
141.0 0 0 16 0 0 0 0 -12.9451164 31.3622771 0.0 1
142.0 0 0 16 0 0 0 0 -12.9451193 31.3627379 0.0 1
143.0 0 0 16 0 0 0 0 -12.9451222 31.3631987 0.0 1
144.0 0 0 16 0 0 0 0 -12.9451251 31.3636595 0.0 1
145.0 0 0 16 0 0 0 0 -12.945128 31.3641203 0.0 1
146.0 0 0 16 0 0 0 0 -12.9451309 31.3645811 0.0 1
147.0 0 0 16 0 0 0 0 -12.9451338 31.3650419 0.0 1
148.0 0 0 16 0 0 0 0 -12.9451367 31.3655027 0.0 1
149.0 0 0 16 0 0 0 0 -12.9451396 31.3659634 0.0 1
150.0 0 0 16 0 0 0 0 -12.9451425 31.3664242 0.0 1
151.0 0 0 16 0 0 0 0 -12.9451454 31.366885 0.0 1
152.0 0 0 16 0 0 0 0 -12.9451482 31.3673458 0.0 1
153.0 0 0 16 0 0 0 0 -12.9451511 31.3678066 0.0 1
154.0 0 0 16 0 0 0 0 -12.945154 31.3682674 0.0 1
155.0 0 0 16 0 0 0 0 -12.9451569 31.3687282 0.0 1
156.0 0 0 16 0 0 0 0 -12.9451598 31.369189 0.0 1
157.0 0 0 16 0 0 0 0 -12.9451627 31.3696498 0.0 1
158.0 0 0 16 0 0 0 0 -12.9451655 31.3701106 0.0 1
159.0 0 0 16 0 0 0 0 -12.9451684 31.3705713 0.0 1
160.0 0 0 16 0 0 0 0 -12.9451713 31.3710321 0.0 1
161.0 0 0 16 0 0 0 0 -12.9451739 31.3714417 0.0 1
162.0 0 0 16 0 0 0 0 -12.9451764 31.3718514 0.0 1
163.0 0 0 16 0 0 0 0 -12.9456285 31.3718621 0.0 1
164.0 0 0 16 0 0 0 0 -12.9456259 31.3714456 0.0 1
165.0 0 0 16 0 0 0 0 -12.9456233 31.3710292 0.0 1
166.0 0 0 16 0 0 0 0 -12.9456204 31.3705684 0.0 1
167.0 0 0 16 0 0 0 0 -12.9456175 31.3701076 0.0 1
168.0 0 0 16 0 0 0 0 -12.9456146 31.3696468 0.0 1
169.0 0 0 16 0 0 0 0 -12.9456117 31.369186 0.0 1
170.0 0 0 16 0 0 0 0 -12.9456088 31.3687252 0.0 1
171.0 0 0 16 0 0 0 0 -12.945606 31.3682645 0.0 1
172.0 0 0 16 0 0 0 0 -12.9456031 31.3678037 0.0 1
173.0 0 0 16 0 0 0 0 -12.9456002 31.3673429 0.0 1
174.0 0 0 16 0 0 0 0 -12.9455973 31.3668821 0.0 1
175.0 0 0 16 0 0 0 0 -12.9455944 31.3664213 0.0 1
176.0 0 0 16 0 0 0 0 -12.9455915 31.3659605 0.0 1
177.0 0 0 16 0 0 0 0 -12.9455886 31.3654997 0.0 1
178.0 0 0 16 0 0 0 0 -12.9455858 31.3650389 0.0 1
179.0 0 0 16 0 0 0 0 -12.9455829 31.3645781 0.0 1
180.0 0 0 16 0 0 0 0 -12.94558 31.3641173 0.0 1
181.0 0 0 16 0 0 0 0 -12.9455771 31.3636566 0.0 1
182.0 0 0 16 0 0 0 0 -12.9455742 31.3631958 0.0 1
183.0 0 0 16 0 0 0 0 -12.9455713 31.362735 0.0 1
184.0 0 0 16 0 0 0 0 -12.9455684 31.3622742 0.0 1
185.0 0 0 16 0 0 0 0 -12.9455655 31.3618134 0.0 1
186.0 0 0 16 0 0 0 0 -12.9455626 31.3613526 0.0 1
187.0 0 0 16 0 0 0 0 -12.9455597 31.3608918 0.0 1
188.0 0 0 16 0 0 0 0 -12.9455574 31.3605305 0.0 1
189.0 0 0 16 0 0 0 0 -12.9455552 31.3601692 0.0 1
190.0 0 0 16 0 0 0 0 -12.9460071 31.3601692 0.0 1
191.0 0 0 16 0 0 0 0 -12.9460094 31.360529 0.0 1
192.0 0 0 16 0 0 0 0 -12.9460117 31.3608889 0.0 1
193.0 0 0 16 0 0 0 0 -12.9460146 31.3613497 0.0 1
194.0 0 0 16 0 0 0 0 -12.9460175 31.3618104 0.0 1
195.0 0 0 16 0 0 0 0 -12.9460204 31.3622712 0.0 1
196.0 0 0 16 0 0 0 0 -12.9460232 31.362732 0.0 1
197.0 0 0 16 0 0 0 0 -12.9460261 31.3631928 0.0 1
198.0 0 0 16 0 0 0 0 -12.946029 31.3636536 0.0 1
199.0 0 0 16 0 0 0 0 -12.9460319 31.3641144 0.0 1
200.0 0 0 16 0 0 0 0 -12.9460348 31.3645752 0.0 1
201.0 0 0 16 0 0 0 0 -12.9460377 31.365036 0.0 1
202.0 0 0 16 0 0 0 0 -12.9460406 31.3654968 0.0 1
203.0 0 0 16 0 0 0 0 -12.9460435 31.3659576 0.0 1
204.0 0 0 16 0 0 0 0 -12.9460464 31.3664183 0.0 1
205.0 0 0 16 0 0 0 0 -12.9460493 31.3668791 0.0 1
206.0 0 0 16 0 0 0 0 -12.9460521 31.3673399 0.0 1
207.0 0 0 16 0 0 0 0 -12.946055 31.3678007 0.0 1
208.0 0 0 16 0 0 0 0 -12.9460579 31.3682615 0.0 1
209.0 0 0 16 0 0 0 0 -12.9460608 31.3687223 0.0 1
210.0 0 0 16 0 0 0 0 -12.9460637 31.3691831 0.0 1
211.0 0 0 16 0 0 0 0 -12.9460666 31.3696439 0.0 1
212.0 0 0 16 0 0 0 0 -12.9460694 31.3701047 0.0 1
213.0 0 0 16 0 0 0 0 -12.9460723 31.3705655 0.0 1
214.0 0 0 16 0 0 0 0 -12.9460752 31.3710263 0.0 1
215.0 0 0 16 0 0 0 0 -12.9460779 31.3714495 0.0 1
216.0 0 0 16 0 0 0 0 -12.9460805 31.3718728 0.0 1
217.0 0 0 16 0 0 0 0 -12.9465325 31.3718835 0.0 1
218.0 0 0 16 0 0 0 0 -12.9465299 31.3714534 0.0 1
219.0 0 0 16 0 0 0 0 -12.9465272 31.3710233 0.0 1
220.0 0 0 16 0 0 0 0 -12.9465243 31.3705625 0.0 1
221.0 0 0 16 0 0 0 0 -12.9465214 31.3701017 0.0 1
222.0 0 0 16 0 0 0 0 -12.9465185 31.3696409 0.0 1
223.0 0 0 16 0 0 0 0 -12.9465156 31.3691802 0.0 1
224.0 0 0 16 0 0 0 0 -12.9465128 31.3687194 0.0 1
225.0 0 0 16 0 0 0 0 -12.9465099 31.3682586 0.0 1
226.0 0 0 16 0 0 0 0 -12.946507 31.3677978 0.0 1
227.0 0 0 16 0 0 0 0 -12.9465041 31.367337 0.0 1
228.0 0 0 16 0 0 0 0 -12.9465012 31.3668762 0.0 1
229.0 0 0 16 0 0 0 0 -12.9464983 31.3664154 0.0 1
230.0 0 0 16 0 0 0 0 -12.9464954 31.3659546 0.0 1
231.0 0 0 16 0 0 0 0 -12.9464925 31.3654938 0.0 1
232.0 0 0 16 0 0 0 0 -12.9464897 31.365033 0.0 1
233.0 0 0 16 0 0 0 0 -12.9464868 31.3645722 0.0 1
234.0 0 0 16 0 0 0 0 -12.9464839 31.3641114 0.0 1
235.0 0 0 16 0 0 0 0 -12.946481 31.3636507 0.0 1
236.0 0 0 16 0 0 0 0 -12.9464781 31.3631899 0.0 1
237.0 0 0 16 0 0 0 0 -12.9464752 31.3627291 0.0 1
238.0 0 0 16 0 0 0 0 -12.9464723 31.3622683 0.0 1
239.0 0 0 16 0 0 0 0 -12.9464694 31.3618075 0.0 1
240.0 0 0 16 0 0 0 0 -12.9464665 31.3613467 0.0 1
241.0 0 0 16 0 0 0 0 -12.9464636 31.3608859 0.0 1
242.0 0 0 16 0 0 0 0 -12.9464614 31.3605276 0.0 1
243.0 0 0 16 0 0 0 0 -12.9464591 31.3601692 0.0 1
244.0 0 0 16 0 0 0 0 -12.9469111 31.3601692 0.0 1
245.0 0 0 16 0 0 0 0 -12.9469133 31.3605261 0.0 1
246.0 0 0 16 0 0 0 0 -12.9469156 31.360883 0.0 1
247.0 0 0 16 0 0 0 0 -12.9469185 31.3613437 0.0 1
248.0 0 0 16 0 0 0 0 -12.9469214 31.3618045 0.0 1
249.0 0 0 16 0 0 0 0 -12.9469243 31.3622653 0.0 1
250.0 0 0 16 0 0 0 0 -12.9469272 31.3627261 0.0 1
251.0 0 0 16 0 0 0 0 -12.94693 31.3631869 0.0 1
252.0 0 0 16 0 0 0 0 -12.9469329 31.3636477 0.0 1
253.0 0 0 16 0 0 0 0 -12.9469358 31.3641085 0.0 1
254.0 0 0 16 0 0 0 0 -12.9469387 31.3645693 0.0 1
255.0 0 0 16 0 0 0 0 -12.9469416 31.3650301 0.0 1
256.0 0 0 16 0 0 0 0 -12.9469445 31.3654909 0.0 1
257.0 0 0 16 0 0 0 0 -12.9469474 31.3659517 0.0 1
258.0 0 0 16 0 0 0 0 -12.9469503 31.3664125 0.0 1
259.0 0 0 16 0 0 0 0 -12.9469532 31.3668733 0.0 1
260.0 0 0 16 0 0 0 0 -12.9469561 31.367334 0.0 1
261.0 0 0 16 0 0 0 0 -12.9469589 31.3677948 0.0 1
262.0 0 0 16 0 0 0 0 -12.9469618 31.3682556 0.0 1
263.0 0 0 16 0 0 0 0 -12.9469647 31.3687164 0.0 1
264.0 0 0 16 0 0 0 0 -12.9469676 31.3691772 0.0 1
265.0 0 0 16 0 0 0 0 -12.9469705 31.369638 0.0 1
266.0 0 0 16 0 0 0 0 -12.9469734 31.3700988 0.0 1
267.0 0 0 16 0 0 0 0 -12.9469762 31.3705596 0.0 1
268.0 0 0 16 0 0 0 0 -12.9469791 31.3710204 0.0 1
269.0 0 0 16 0 0 0 0 -12.9469818 31.3714573 0.0 1
270.0 0 0 16 0 0 0 0 -12.9469846 31.3718943 0.0 1
271.0 0 0 16 0 0 0 0 -12.9474366 31.371905 0.0 1
272.0 0 0 16 0 0 0 0 -12.9474338 31.3714612 0.0 1
273.0 0 0 16 0 0 0 0 -12.9474311 31.3710175 0.0 1
274.0 0 0 16 0 0 0 0 -12.9474282 31.3705567 0.0 1
275.0 0 0 16 0 0 0 0 -12.9474253 31.3700959 0.0 1
276.0 0 0 16 0 0 0 0 -12.9474224 31.3696351 0.0 1
277.0 0 0 16 0 0 0 0 -12.9474195 31.3691743 0.0 1
278.0 0 0 16 0 0 0 0 -12.9474167 31.3687135 0.0 1
279.0 0 0 16 0 0 0 0 -12.9474138 31.3682527 0.0 1
280.0 0 0 16 0 0 0 0 -12.9474109 31.3677919 0.0 1
281.0 0 0 16 0 0 0 0 -12.947408 31.3673311 0.0 1
282.0 0 0 16 0 0 0 0 -12.9474051 31.3668703 0.0 1
283.0 0 0 16 0 0 0 0 -12.9474022 31.3664095 0.0 1
284.0 0 0 16 0 0 0 0 -12.9473993 31.3659487 0.0 1
285.0 0 0 16 0 0 0 0 -12.9473965 31.3654879 0.0 1
286.0 0 0 16 0 0 0 0 -12.9473936 31.3650271 0.0 1
287.0 0 0 16 0 0 0 0 -12.9473907 31.3645663 0.0 1
288.0 0 0 16 0 0 0 0 -12.9473878 31.3641055 0.0 1
289.0 0 0 16 0 0 0 0 -12.9473849 31.3636448 0.0 1
290.0 0 0 16 0 0 0 0 -12.947382 31.363184 0.0 1
291.0 0 0 16 0 0 0 0 -12.9473791 31.3627232 0.0 1
292.0 0 0 16 0 0 0 0 -12.9473762 31.3622624 0.0 1
293.0 0 0 16 0 0 0 0 -12.9473733 31.3618016 0.0 1
294.0 0 0 16 0 0 0 0 -12.9473704 31.3613408 0.0 1
295.0 0 0 16 0 0 0 0 -12.9473675 31.36088 0.0 1
296.0 0 0 16 0 0 0 0 -12.9473653 31.3605246 0.0 1
297.0 0 0 16 0 0 0 0 -12.947363 31.3601692 0.0 1
298.0 0 0 16 0 0 0 0 -12.947815 31.3601692 0.0 1
299.0 0 0 16 0 0 0 0 -12.9478172 31.3605231 0.0 1
300.0 0 0 16 0 0 0 0 -12.9478195 31.360877 0.0 1
301.0 0 0 16 0 0 0 0 -12.9478224 31.3613378 0.0 1
302.0 0 0 16 0 0 0 0 -12.9478253 31.3617986 0.0 1
303.0 0 0 16 0 0 0 0 -12.9478282 31.3622594 0.0 1
304.0 0 0 16 0 0 0 0 -12.9478311 31.3627202 0.0 1
305.0 0 0 16 0 0 0 0 -12.9478339 31.363181 0.0 1
306.0 0 0 16 0 0 0 0 -12.9478368 31.3636418 0.0 1
307.0 0 0 16 0 0 0 0 -12.9478397 31.3641026 0.0 1
308.0 0 0 16 0 0 0 0 -12.9478426 31.3645634 0.0 1
309.0 0 0 16 0 0 0 0 -12.9478455 31.3650242 0.0 1
310.0 0 0 16 0 0 0 0 -12.9478484 31.365485 0.0 1
311.0 0 0 16 0 0 0 0 -12.9478513 31.3659458 0.0 1
312.0 0 0 16 0 0 0 0 -12.9478542 31.3664066 0.0 1
313.0 0 0 16 0 0 0 0 -12.9478571 31.3668674 0.0 1
314.0 0 0 16 0 0 0 0 -12.94786 31.3673282 0.0 1
315.0 0 0 16 0 0 0 0 -12.9478628 31.367789 0.0 1
316.0 0 0 16 0 0 0 0 -12.9478657 31.3682497 0.0 1
317.0 0 0 16 0 0 0 0 -12.9478686 31.3687105 0.0 1
318.0 0 0 16 0 0 0 0 -12.9478715 31.3691713 0.0 1
319.0 0 0 16 0 0 0 0 -12.9478744 31.3696321 0.0 1
320.0 0 0 16 0 0 0 0 -12.9478773 31.3700929 0.0 1
321.0 0 0 16 0 0 0 0 -12.9478801 31.3705537 0.0 1
322.0 0 0 16 0 0 0 0 -12.947883 31.3710145 0.0 1
323.0 0 0 16 0 0 0 0 -12.9478858 31.3714651 0.0 1
324.0 0 0 16 0 0 0 0 -12.9478887 31.3719157 0.0 1
325.0 0 0 16 0 0 0 0 -12.9483407 31.3719265 0.0 1
326.0 0 0 16 0 0 0 0 -12.9483378 31.371469 0.0 1
327.0 0 0 16 0 0 0 0 -12.948335 31.3710116 0.0 1
328.0 0 0 16 0 0 0 0 -12.9483321 31.3705508 0.0 1
329.0 0 0 16 0 0 0 0 -12.9483292 31.37009 0.0 1
330.0 0 0 16 0 0 0 0 -12.9483263 31.3696292 0.0 1
331.0 0 0 16 0 0 0 0 -12.9483235 31.3691684 0.0 1
332.0 0 0 16 0 0 0 0 -12.9483206 31.3687076 0.0 1
333.0 0 0 16 0 0 0 0 -12.9483177 31.3682468 0.0 1
334.0 0 0 16 0 0 0 0 -12.9483148 31.367786 0.0 1
335.0 0 0 16 0 0 0 0 -12.9483119 31.3673252 0.0 1
336.0 0 0 16 0 0 0 0 -12.948309 31.3668644 0.0 1
337.0 0 0 16 0 0 0 0 -12.9483061 31.3664036 0.0 1
338.0 0 0 16 0 0 0 0 -12.9483032 31.3659428 0.0 1
339.0 0 0 16 0 0 0 0 -12.9483004 31.365482 0.0 1
340.0 0 0 16 0 0 0 0 -12.9482975 31.3650212 0.0 1
341.0 0 0 16 0 0 0 0 -12.9482946 31.3645604 0.0 1
342.0 0 0 16 0 0 0 0 -12.9482917 31.3640997 0.0 1
343.0 0 0 16 0 0 0 0 -12.9482888 31.3636389 0.0 1
344.0 0 0 16 0 0 0 0 -12.9482859 31.3631781 0.0 1
345.0 0 0 16 0 0 0 0 -12.948283 31.3627173 0.0 1
346.0 0 0 16 0 0 0 0 -12.9482801 31.3622565 0.0 1
347.0 0 0 16 0 0 0 0 -12.9482772 31.3617957 0.0 1
348.0 0 0 16 0 0 0 0 -12.9482743 31.3613349 0.0 1
349.0 0 0 16 0 0 0 0 -12.9482714 31.3608741 0.0 1
350.0 0 0 16 0 0 0 0 -12.9482692 31.3605217 0.0 1
351.0 0 0 16 0 0 0 0 -12.948267 31.3601692 0.0 1
352.0 0 0 16 0 0 0 0 -12.948719 31.3601692 0.0 1
353.0 0 0 16 0 0 0 0 -12.9487212 31.3605202 0.0 1
354.0 0 0 16 0 0 0 0 -12.9487234 31.3608711 0.0 1
355.0 0 0 16 0 0 0 0 -12.9487263 31.3613319 0.0 1
356.0 0 0 16 0 0 0 0 -12.9487292 31.3617927 0.0 1
357.0 0 0 16 0 0 0 0 -12.9487321 31.3622535 0.0 1
358.0 0 0 16 0 0 0 0 -12.948735 31.3627143 0.0 1
359.0 0 0 16 0 0 0 0 -12.9487379 31.3631751 0.0 1
360.0 0 0 16 0 0 0 0 -12.9487407 31.3636359 0.0 1
361.0 0 0 16 0 0 0 0 -12.9487436 31.3640967 0.0 1
362.0 0 0 16 0 0 0 0 -12.9487465 31.3645575 0.0 1
363.0 0 0 16 0 0 0 0 -12.9487494 31.3650183 0.0 1
364.0 0 0 16 0 0 0 0 -12.9487523 31.3654791 0.0 1
365.0 0 0 16 0 0 0 0 -12.9487552 31.3659399 0.0 1
366.0 0 0 16 0 0 0 0 -12.9487581 31.3664007 0.0 1
367.0 0 0 16 0 0 0 0 -12.948761 31.3668615 0.0 1
368.0 0 0 16 0 0 0 0 -12.9487639 31.3673223 0.0 1
369.0 0 0 16 0 0 0 0 -12.9487668 31.3677831 0.0 1
370.0 0 0 16 0 0 0 0 -12.9487696 31.3682439 0.0 1
371.0 0 0 16 0 0 0 0 -12.9487725 31.3687047 0.0 1
372.0 0 0 16 0 0 0 0 -12.9487754 31.3691655 0.0 1
373.0 0 0 16 0 0 0 0 -12.9487783 31.3696263 0.0 1
374.0 0 0 16 0 0 0 0 -12.9487812 31.370087 0.0 1
375.0 0 0 16 0 0 0 0 -12.9487841 31.3705478 0.0 1
376.0 0 0 16 0 0 0 0 -12.9487869 31.3710086 0.0 1
377.0 0 0 16 0 0 0 0 -12.9487898 31.3714694 0.0 1
378.0 0 0 16 0 0 0 0 -12.9487913 31.3717033 0.0 1
379.0 0 0 16 0 0 0 0 -12.9487927 31.3719372 0.0 1
380.0 0 0 16 0 0 0 0 -12.9492448 31.3719479 0.0 1
381.0 0 0 16 0 0 0 0 -12.9492433 31.3717072 0.0 1
382.0 0 0 16 0 0 0 0 -12.9492418 31.3714665 0.0 1
383.0 0 0 16 0 0 0 0 -12.9492389 31.3710057 0.0 1
384.0 0 0 16 0 0 0 0 -12.949236 31.3705449 0.0 1
385.0 0 0 16 0 0 0 0 -12.9492331 31.3700841 0.0 1
386.0 0 0 16 0 0 0 0 -12.9492302 31.3696233 0.0 1
387.0 0 0 16 0 0 0 0 -12.9492274 31.3691625 0.0 1
388.0 0 0 16 0 0 0 0 -12.9492245 31.3687017 0.0 1
389.0 0 0 16 0 0 0 0 -12.9492216 31.3682409 0.0 1
390.0 0 0 16 0 0 0 0 -12.9492187 31.3677801 0.0 1
391.0 0 0 16 0 0 0 0 -12.9492158 31.3673193 0.0 1
392.0 0 0 16 0 0 0 0 -12.9492129 31.3668585 0.0 1
393.0 0 0 16 0 0 0 0 -12.94921 31.3663977 0.0 1
394.0 0 0 16 0 0 0 0 -12.9492072 31.3659369 0.0 1
395.0 0 0 16 0 0 0 0 -12.9492043 31.3654761 0.0 1
396.0 0 0 16 0 0 0 0 -12.9492014 31.3650153 0.0 1
397.0 0 0 16 0 0 0 0 -12.9491985 31.3645545 0.0 1
398.0 0 0 16 0 0 0 0 -12.9491956 31.3640938 0.0 1
399.0 0 0 16 0 0 0 0 -12.9491927 31.363633 0.0 1
400.0 0 0 16 0 0 0 0 -12.9491898 31.3631722 0.0 1
401.0 0 0 16 0 0 0 0 -12.9491869 31.3627114 0.0 1
402.0 0 0 16 0 0 0 0 -12.949184 31.3622506 0.0 1
403.0 0 0 16 0 0 0 0 -12.9491811 31.3617898 0.0 1
404.0 0 0 16 0 0 0 0 -12.9491782 31.361329 0.0 1
405.0 0 0 16 0 0 0 0 -12.9491753 31.3608682 0.0 1
406.0 0 0 16 0 0 0 0 -12.9491731 31.3605187 0.0 1
407.0 0 0 16 0 0 0 0 -12.9491709 31.3601692 0.0 1
407.0 0 0 20 0 0 0 0 -12.9491709 31.3601692 0.0 1
