217261.9261373767 3314035.5680402895 0.0000000000 1.0000000000 0.0000000000 -90.0000000000 3.0000000000
217261.9261373767 3313746.3263264480 0.0000000000 1.0000000000 1.0000000000 -90.0000000000 5.0000000000
217261.9261373767 3313446.3263264480 0.0000000000 1.0000000000 2.0000000000 -90.0000000000 5.0000000000
217261.9261373767 3313146.3263264480 0.0000000000 1.0000000000 3.0000000000 -90.0000000000 5.0000000000
217261.9261373767 3312902.4648587052 0.0000000000 1.0000000000 4.0000000000 -90.0000000000 3.0000000000
217361.9261373767 3312827.8093397501 0.0000000000 2.0000000000 5.0000000000 90.0000000000 3.0000000000
217361.9261373767 3312987.0678330990 0.0000000000 2.0000000000 6.0000000000 90.0000000000 3.0000000000
217361.9261373767 3313146.3263264480 0.0000000000 2.0000000000 7.0000000000 90.0000000000 5.0000000000
217361.9261373767 3313446.3263264480 0.0000000000 2.0000000000 8.0000000000 90.0000000000 5.0000000000
217361.9261373767 3313746.3263264480 0.0000000000 2.0000000000 9.0000000000 90.0000000000 5.0000000000
217361.9261373767 3313984.9997621370 0.0000000000 2.0000000000 10.0000000000 -270.0000000000 3.0000000000
217461.9261373767 3313879.0769955805 0.0000000000 3.0000000000 11.0000000000 -90.0000000000 3.0000000000
217461.9261373767 3313746.3263264480 0.0000000000 3.0000000000 12.0000000000 -90.0000000000 5.0000000000
217461.9261373767 3313446.3263264480 0.0000000000 3.0000000000 13.0000000000 -90.0000000000 5.0000000000
217461.9261373767 3313146.3263264480 0.0000000000 3.0000000000 14.0000000000 -90.0000000000 5.0000000000
217461.9261373767 3312911.0777387260 0.0000000000 3.0000000000 15.0000000000 -90.0000000000 3.0000000000
217561.9261373767 3313298.4606575491 0.0000000000 4.0000000000 16.0000000000 90.0000000000 3.0000000000
217561.9261373767 3313446.3263264480 0.0000000000 4.0000000000 17.0000000000 90.0000000000 5.0000000000
217561.9261373767 3313609.7402777360 0.0000000000 4.0000000000 18.0000000000 90.0000000000 3.0000000000
217561.9261373767 3313773.1542290240 0.0000000000 4.0000000000 19.0000000000 90.0000000000 3.0000000000
