66.0713402 29.9245849 1210.1499023 152.7032318 0.0000000 1.0000000
66.0714166 29.9219780 1221.8323975 152.7032318 1.0000000 1.0000000
66.0714958 29.9192742 1224.3179932 152.7032318 2.0000000 1.0000000
66.0715750 29.9165703 1215.7891846 152.7032318 3.0000000 1.0000000
66.0716393 29.9143724 1222.6807861 152.7032318 4.0000000 1.0000000
66.0726936 29.9137225 1230.9766846 152.7032318 5.0000000 2.0000000
66.0726516 29.9151579 1225.1208496 152.7032318 6.0000000 2.0000000
66.0726096 29.9165933 1219.3524170 152.7032318 7.0000000 2.0000000
66.0725304 29.9192972 1229.0799561 152.7032318 8.0000000 2.0000000
66.0724512 29.9220010 1225.6560059 152.7032318 9.0000000 2.0000000
66.0723882 29.9241522 1215.6464844 152.7032318 10.0000000 2.0000000
66.0734509 29.9232205 1220.9859619 152.7032318 11.0000000 3.0000000
66.0734859 29.9220240 1223.8164062 152.7032318 12.0000000 3.0000000
66.0735651 29.9193201 1235.6744385 152.7032318 13.0000000 3.0000000
66.0736442 29.9166163 1223.9481201 152.7032318 14.0000000 3.0000000
66.0737062 29.9144960 1229.5727539 152.7032318 15.0000000 3.0000000
66.0746387 29.9180104 1238.1463623 152.7032318 16.0000000 4.0000000
66.0745997 29.9193431 1236.7294922 152.7032318 17.0000000 4.0000000
66.0745566 29.9208160 1232.5137939 152.7032318 18.0000000 4.0000000
66.0745135 29.9222888 1228.4477539 152.7032318 19.0000000 4.0000000
