327476.3939329860 -1426461.8961003914 0.0000000000 1.0000000000 0.0000000000 -10.0000000000
327525.6343206366 -1426470.5785092746 0.0000000000 1.0000000000 1.0000000000 -10.0000000000
327574.8747082872 -1426479.2609181579 0.0000000000 1.0000000000 2.0000000000 -10.0000000000
327624.1150959378 -1426487.9433270411 0.0000000000 1.0000000000 3.0000000000 -10.0000000000
327673.3554835884 -1426496.6257359243 0.0000000000 1.0000000000 4.0000000000 -10.0000000000
327722.5958712390 -1426505.3081448076 0.0000000000 1.0000000000 5.0000000000 -10.0000000000
327771.8362588896 -1426513.9905536908 0.0000000000 1.0000000000 6.0000000000 -10.0000000000
327821.0766465402 -1426522.6729625741 0.0000000000 1.0000000000 7.0000000000 -10.0000000000
327870.3170341908 -1426531.3553714573 0.0000000000 1.0000000000 8.0000000000 -10.0000000000
327919.5574218414 -1426540.0377803405 0.0000000000 1.0000000000 9.0000000000 -10.0000000000
327968.7978094920 -1426548.7201892238 0.0000000000 1.0000000000 10.0000000000 -10.0000000000
328075.9609936766 -1426516.8446193396 0.0000000000 2.0000000000 11.0000000000 80.0000000000
328026.7206060260 -1426508.1622104563 0.0000000000 2.0000000000 12.0000000000 170.0000000000
327977.4802183754 -1426499.4798015731 0.0000000000 2.0000000000 13.0000000000 170.0000000000
327928.2398307248 -1426490.7973926899 0.0000000000 2.0000000000 14.0000000000 170.0000000000
327878.9994430742 -1426482.1149838066 0.0000000000 2.0000000000 15.0000000000 170.0000000000
327829.7590554236 -1426473.4325749234 0.0000000000 2.0000000000 16.0000000000 170.0000000000
327780.5186677730 -1426464.7501660401 0.0000000000 2.0000000000 17.0000000000 170.0000000000
327731.2782801224 -1426456.0677571569 0.0000000000 2.0000000000 18.0000000000 170.0000000000
327682.0378924718 -1426447.3853482737 0.0000000000 2.0000000000 19.0000000000 170.0000000000
327632.7975048212 -1426438.7029393904 0.0000000000 2.0000000000 20.0000000000 170.0000000000
327583.5571171706 -1426430.0205305072 0.0000000000 2.0000000000 21.0000000000 170.0000000000
327534.3167295200 -1426421.3381216240 0.0000000000 2.0000000000 22.0000000000 170.0000000000
327485.0763418694 -1426412.6557127407 0.0000000000 2.0000000000 23.0000000000 170.0000000000
327493.7587507528 -1426363.4153250901 0.0000000000 3.0000000000 24.0000000000 -10.0000000000
327542.9991384034 -1426372.0977339733 0.0000000000 3.0000000000 25.0000000000 -10.0000000000
327592.2395260540 -1426380.7801428565 0.0000000000 3.0000000000 26.0000000000 -10.0000000000
327641.4799137046 -1426389.4625517398 0.0000000000 3.0000000000 27.0000000000 -10.0000000000
327690.7203013552 -1426398.1449606230 0.0000000000 3.0000000000 28.0000000000 -10.0000000000
327739.9606890058 -1426406.8273695062 0.0000000000 3.0000000000 29.0000000000 -10.0000000000
327789.2010766564 -1426415.5097783895 0.0000000000 3.0000000000 30.0000000000 -10.0000000000
327838.4414643070 -1426424.1921872727 0.0000000000 3.0000000000 31.0000000000 -10.0000000000
327887.6818519576 -1426432.8745961559 0.0000000000 3.0000000000 32.0000000000 -10.0000000000
327936.9222396082 -1426441.5570050392 0.0000000000 3.0000000000 33.0000000000 -10.0000000000
327986.1626272588 -1426450.2394139224 0.0000000000 3.0000000000 34.0000000000 -10.0000000000
328035.4030149094 -1426458.9218228057 0.0000000000 3.0000000000 35.0000000000 -10.0000000000
328084.6434025600 -1426467.6042316889 0.0000000000 3.0000000000 36.0000000000 -10.0000000000
328133.8837902106 -1426476.2866405721 0.0000000000 3.0000000000 37.0000000000 -10.0000000000
328183.1241778612 -1426484.9690494554 0.0000000000 3.0000000000 38.0000000000 -10.0000000000
328232.3645655118 -1426493.6514583386 0.0000000000 3.0000000000 39.0000000000 -10.0000000000
328281.6049531624 -1426502.3338672218 0.0000000000 3.0000000000 40.0000000000 -10.0000000000
328330.8453408130 -1426511.0162761051 0.0000000000 3.0000000000 41.0000000000 -10.0000000000
328380.0857284636 -1426519.6986849883 0.0000000000 3.0000000000 42.0000000000 -10.0000000000
328429.3261161142 -1426528.3810938715 0.0000000000 3.0000000000 43.0000000000 -10.0000000000
328478.5665037648 -1426537.0635027548 0.0000000000 3.0000000000 44.0000000000 -10.0000000000
328585.7296879494 -1426505.1879328706 0.0000000000 4.0000000000 45.0000000000 80.0000000000
328536.4893002988 -1426496.5055239873 0.0000000000 4.0000000000 46.0000000000 170.0000000000
328487.2489126482 -1426487.8231151041 0.0000000000 4.0000000000 47.0000000000 170.0000000000
328438.0085249976 -1426479.1407062209 0.0000000000 4.0000000000 48.0000000000 170.0000000000
328388.7681373470 -1426470.4582973376 0.0000000000 4.0000000000 49.0000000000 170.0000000000
328339.5277496964 -1426461.7758884544 0.0000000000 4.0000000000 50.0000000000 170.0000000000
328290.2873620458 -1426453.0934795712 0.0000000000 4.0000000000 51.0000000000 170.0000000000
328241.0469743952 -1426444.4110706879 0.0000000000 4.0000000000 52.0000000000 170.0000000000
328191.8065867446 -1426435.7286618047 0.0000000000 4.0000000000 53.0000000000 170.0000000000
328142.5661990940 -1426427.0462529215 0.0000000000 4.0000000000 54.0000000000 170.0000000000
328093.3258114434 -1426418.3638440382 0.0000000000 4.0000000000 55.0000000000 170.0000000000
328044.0854237928 -1426409.6814351550 0.0000000000 4.0000000000 56.0000000000 170.0000000000
327994.8450361422 -1426400.9990262717 0.0000000000 4.0000000000 57.0000000000 170.0000000000
327945.6046484916 -1426392.3166173885 0.0000000000 4.0000000000 58.0000000000 170.0000000000
327896.3642608410 -1426383.6342085053 0.0000000000 4.0000000000 59.0000000000 170.0000000000
327847.1238731904 -1426374.9517996220 0.0000000000 4.0000000000 60.0000000000 170.0000000000
327797.8834855398 -1426366.2693907388 0.0000000000 4.0000000000 61.0000000000 170.0000000000
327748.6430978892 -1426357.5869818556 0.0000000000 4.0000000000 62.0000000000 170.0000000000
327699.4027102386 -1426348.9045729723 0.0000000000 4.0000000000 63.0000000000 170.0000000000
327650.1623225880 -1426340.2221640891 0.0000000000 4.0000000000 64.0000000000 170.0000000000
327600.9219349374 -1426331.5397552059 0.0000000000 4.0000000000 65.0000000000 170.0000000000
327551.6815472868 -1426322.8573463226 0.0000000000 4.0000000000 66.0000000000 170.0000000000
327502.4411596362 -1426314.1749374394 0.0000000000 4.0000000000 67.0000000000 170.0000000000
327461.8831808690 -1426256.2521409055 0.0000000000 5.0000000000 68.0000000000 -10.0000000000
327511.1235685196 -1426264.9345497887 0.0000000000 5.0000000000 69.0000000000 -10.0000000000
327560.3639561702 -1426273.6169586719 0.0000000000 5.0000000000 70.0000000000 -10.0000000000
327609.6043438208 -1426282.2993675552 0.0000000000 5.0000000000 71.0000000000 -10.0000000000
327658.8447314714 -1426290.9817764384 0.0000000000 5.0000000000 72.0000000000 -10.0000000000
327708.0851191220 -1426299.6641853217 0.0000000000 5.0000000000 73.0000000000 -10.0000000000
327757.3255067726 -1426308.3465942049 0.0000000000 5.0000000000 74.0000000000 -10.0000000000
327806.5658944232 -1426317.0290030881 0.0000000000 5.0000000000 75.0000000000 -10.0000000000
327855.8062820738 -1426325.7114119714 0.0000000000 5.0000000000 76.0000000000 -10.0000000000
327905.0466697244 -1426334.3938208546 0.0000000000 5.0000000000 77.0000000000 -10.0000000000
327954.2870573750 -1426343.0762297378 0.0000000000 5.0000000000 78.0000000000 -10.0000000000
328003.5274450256 -1426351.7586386211 0.0000000000 5.0000000000 79.0000000000 -10.0000000000
328052.7678326762 -1426360.4410475043 0.0000000000 5.0000000000 80.0000000000 -10.0000000000
328102.0082203268 -1426369.1234563875 0.0000000000 5.0000000000 81.0000000000 -10.0000000000
328151.2486079774 -1426377.8058652708 0.0000000000 5.0000000000 82.0000000000 -10.0000000000
328200.4889956280 -1426386.4882741540 0.0000000000 5.0000000000 83.0000000000 -10.0000000000
328249.7293832786 -1426395.1706830373 0.0000000000 5.0000000000 84.0000000000 -10.0000000000
328298.9697709292 -1426403.8530919205 0.0000000000 5.0000000000 85.0000000000 -10.0000000000
328348.2101585798 -1426412.5355008037 0.0000000000 5.0000000000 86.0000000000 -10.0000000000
328397.4505462304 -1426421.2179096870 0.0000000000 5.0000000000 87.0000000000 -10.0000000000
328446.6909338810 -1426429.9003185702 0.0000000000 5.0000000000 88.0000000000 -10.0000000000
328495.9313215316 -1426438.5827274534 0.0000000000 5.0000000000 89.0000000000 -10.0000000000
328545.1717091822 -1426447.2651363367 0.0000000000 5.0000000000 90.0000000000 -10.0000000000
328594.4120968328 -1426455.9475452199 0.0000000000 5.0000000000 91.0000000000 -10.0000000000
328643.6524844834 -1426464.6299541031 0.0000000000 5.0000000000 92.0000000000 -10.0000000000
328692.8928721340 -1426473.3123629864 0.0000000000 5.0000000000 93.0000000000 -10.0000000000
328742.1332597846 -1426481.9947718696 0.0000000000 5.0000000000 94.0000000000 -10.0000000000
328750.8156686680 -1426432.7543842189 0.0000000000 6.0000000000 95.0000000000 170.0000000000
328701.5752810174 -1426424.0719753357 0.0000000000 6.0000000000 96.0000000000 170.0000000000
328652.3348933668 -1426415.3895664525 0.0000000000 6.0000000000 97.0000000000 170.0000000000
328603.0945057162 -1426406.7071575692 0.0000000000 6.0000000000 98.0000000000 170.0000000000
328553.8541180656 -1426398.0247486860 0.0000000000 6.0000000000 99.0000000000 170.0000000000
328504.6137304150 -1426389.3423398028 0.0000000000 6.0000000000 100.0000000000 170.0000000000
328455.3733427644 -1426380.6599309195 0.0000000000 6.0000000000 101.0000000000 170.0000000000
328406.1329551138 -1426371.9775220363 0.0000000000 6.0000000000 102.0000000000 170.0000000000
328356.8925674632 -1426363.2951131531 0.0000000000 6.0000000000 103.0000000000 170.0000000000
328307.6521798126 -1426354.6127042698 0.0000000000 6.0000000000 104.0000000000 170.0000000000
328258.4117921620 -1426345.9302953866 0.0000000000 6.0000000000 105.0000000000 170.0000000000
328209.1714045114 -1426337.2478865033 0.0000000000 6.0000000000 106.0000000000 170.0000000000
328159.9310168608 -1426328.5654776201 0.0000000000 6.0000000000 107.0000000000 170.0000000000
328110.6906292102 -1426319.8830687369 0.0000000000 6.0000000000 108.0000000000 170.0000000000
328061.4502415596 -1426311.2006598536 0.0000000000 6.0000000000 109.0000000000 170.0000000000
328012.2098539090 -1426302.5182509704 0.0000000000 6.0000000000 110.0000000000 170.0000000000
327962.9694662584 -1426293.8358420872 0.0000000000 6.0000000000 111.0000000000 170.0000000000
327913.7290786078 -1426285.1534332039 0.0000000000 6.0000000000 112.0000000000 170.0000000000
327864.4886909572 -1426276.4710243207 0.0000000000 6.0000000000 113.0000000000 170.0000000000
327815.2483033066 -1426267.7886154375 0.0000000000 6.0000000000 114.0000000000 170.0000000000
327766.0079156560 -1426259.1062065542 0.0000000000 6.0000000000 115.0000000000 170.0000000000
327716.7675280054 -1426250.4237976710 0.0000000000 6.0000000000 116.0000000000 170.0000000000
327667.5271403548 -1426241.7413887877 0.0000000000 6.0000000000 117.0000000000 170.0000000000
327618.2867527042 -1426233.0589799045 0.0000000000 6.0000000000 118.0000000000 170.0000000000
327569.0463650536 -1426224.3765710213 0.0000000000 6.0000000000 119.0000000000 170.0000000000
327519.8059774030 -1426215.6941621380 0.0000000000 6.0000000000 120.0000000000 170.0000000000
327470.5655897524 -1426207.0117532548 0.0000000000 6.0000000000 121.0000000000 170.0000000000
327479.2479986358 -1426157.7713656041 0.0000000000 7.0000000000 122.0000000000 -10.0000000000
327528.4883862864 -1426166.4537744874 0.0000000000 7.0000000000 123.0000000000 -10.0000000000
327577.7287739370 -1426175.1361833706 0.0000000000 7.0000000000 124.0000000000 -10.0000000000
327626.9691615876 -1426183.8185922538 0.0000000000 7.0000000000 125.0000000000 -10.0000000000
327676.2095492382 -1426192.5010011371 0.0000000000 7.0000000000 126.0000000000 -10.0000000000
327725.4499368888 -1426201.1834100203 0.0000000000 7.0000000000 127.0000000000 -10.0000000000
327774.6903245394 -1426209.8658189035 0.0000000000 7.0000000000 128.0000000000 -10.0000000000
327823.9307121900 -1426218.5482277868 0.0000000000 7.0000000000 129.0000000000 -10.0000000000
327873.1710998406 -1426227.2306366700 0.0000000000 7.0000000000 130.0000000000 -10.0000000000
327922.4114874912 -1426235.9130455533 0.0000000000 7.0000000000 131.0000000000 -10.0000000000
327971.6518751418 -1426244.5954544365 0.0000000000 7.0000000000 132.0000000000 -10.0000000000
328020.8922627924 -1426253.2778633197 0.0000000000 7.0000000000 133.0000000000 -10.0000000000
328070.1326504430 -1426261.9602722030 0.0000000000 7.0000000000 134.0000000000 -10.0000000000
328119.3730380936 -1426270.6426810862 0.0000000000 7.0000000000 135.0000000000 -10.0000000000
328168.6134257442 -1426279.3250899694 0.0000000000 7.0000000000 136.0000000000 -10.0000000000
328217.8538133948 -1426288.0074988527 0.0000000000 7.0000000000 137.0000000000 -10.0000000000
328267.0942010454 -1426296.6899077359 0.0000000000 7.0000000000 138.0000000000 -10.0000000000
328316.3345886960 -1426305.3723166191 0.0000000000 7.0000000000 139.0000000000 -10.0000000000
328365.5749763466 -1426314.0547255024 0.0000000000 7.0000000000 140.0000000000 -10.0000000000
328414.8153639972 -1426322.7371343856 0.0000000000 7.0000000000 141.0000000000 -10.0000000000
328464.0557516478 -1426331.4195432689 0.0000000000 7.0000000000 142.0000000000 -10.0000000000
328513.2961392984 -1426340.1019521521 0.0000000000 7.0000000000 143.0000000000 -10.0000000000
328562.5365269490 -1426348.7843610353 0.0000000000 7.0000000000 144.0000000000 -10.0000000000
328611.7769145996 -1426357.4667699186 0.0000000000 7.0000000000 145.0000000000 -10.0000000000
328661.0173022502 -1426366.1491788018 0.0000000000 7.0000000000 146.0000000000 -10.0000000000
328710.2576899008 -1426374.8315876850 0.0000000000 7.0000000000 147.0000000000 -10.0000000000
328759.4980775514 -1426383.5139965683 0.0000000000 7.0000000000 148.0000000000 -10.0000000000
328768.1804864348 -1426334.2736089176 0.0000000000 8.0000000000 149.0000000000 170.0000000000
328718.9400987842 -1426325.5912000344 0.0000000000 8.0000000000 150.0000000000 170.0000000000
328669.6997111336 -1426316.9087911511 0.0000000000 8.0000000000 151.0000000000 170.0000000000
328620.4593234830 -1426308.2263822679 0.0000000000 8.0000000000 152.0000000000 170.0000000000
328571.2189358324 -1426299.5439733847 0.0000000000 8.0000000000 153.0000000000 170.0000000000
328521.9785481818 -1426290.8615645014 0.0000000000 8.0000000000 154.0000000000 170.0000000000
328472.7381605312 -1426282.1791556182 0.0000000000 8.0000000000 155.0000000000 170.0000000000
328423.4977728806 -1426273.4967467349 0.0000000000 8.0000000000 156.0000000000 170.0000000000
328374.2573852300 -1426264.8143378517 0.0000000000 8.0000000000 157.0000000000 170.0000000000
328325.0169975794 -1426256.1319289685 0.0000000000 8.0000000000 158.0000000000 170.0000000000
328275.7766099288 -1426247.4495200852 0.0000000000 8.0000000000 159.0000000000 170.0000000000
328226.5362222782 -1426238.7671112020 0.0000000000 8.0000000000 160.0000000000 170.0000000000
328177.2958346276 -1426230.0847023188 0.0000000000 8.0000000000 161.0000000000 170.0000000000
328128.0554469770 -1426221.4022934355 0.0000000000 8.0000000000 162.0000000000 170.0000000000
328078.8150593264 -1426212.7198845523 0.0000000000 8.0000000000 163.0000000000 170.0000000000
328029.5746716758 -1426204.0374756691 0.0000000000 8.0000000000 164.0000000000 170.0000000000
327980.3342840252 -1426195.3550667858 0.0000000000 8.0000000000 165.0000000000 170.0000000000
327931.0938963746 -1426186.6726579026 0.0000000000 8.0000000000 166.0000000000 170.0000000000
327881.8535087240 -1426177.9902490193 0.0000000000 8.0000000000 167.0000000000 170.0000000000
327832.6131210734 -1426169.3078401361 0.0000000000 8.0000000000 168.0000000000 170.0000000000
327783.3727334228 -1426160.6254312529 0.0000000000 8.0000000000 169.0000000000 170.0000000000
327734.1323457722 -1426151.9430223696 0.0000000000 8.0000000000 170.0000000000 170.0000000000
327684.8919581216 -1426143.2606134864 0.0000000000 8.0000000000 171.0000000000 170.0000000000
327635.6515704710 -1426134.5782046032 0.0000000000 8.0000000000 172.0000000000 170.0000000000
327586.4111828204 -1426125.8957957199 0.0000000000 8.0000000000 173.0000000000 170.0000000000
327537.1707951698 -1426117.2133868367 0.0000000000 8.0000000000 174.0000000000 170.0000000000
327487.9304075192 -1426108.5309779535 0.0000000000 8.0000000000 175.0000000000 170.0000000000
327496.6128164026 -1426059.2905903028 0.0000000000 9.0000000000 176.0000000000 -10.0000000000
327545.8532040532 -1426067.9729991860 0.0000000000 9.0000000000 177.0000000000 -10.0000000000
327595.0935917038 -1426076.6554080693 0.0000000000 9.0000000000 178.0000000000 -10.0000000000
327644.3339793544 -1426085.3378169525 0.0000000000 9.0000000000 179.0000000000 -10.0000000000
327693.5743670050 -1426094.0202258357 0.0000000000 9.0000000000 180.0000000000 -10.0000000000
327742.8147546556 -1426102.7026347190 0.0000000000 9.0000000000 181.0000000000 -10.0000000000
327792.0551423062 -1426111.3850436022 0.0000000000 9.0000000000 182.0000000000 -10.0000000000
327841.2955299568 -1426120.0674524854 0.0000000000 9.0000000000 183.0000000000 -10.0000000000
327890.5359176074 -1426128.7498613687 0.0000000000 9.0000000000 184.0000000000 -10.0000000000
327939.7763052580 -1426137.4322702519 0.0000000000 9.0000000000 185.0000000000 -10.0000000000
327989.0166929086 -1426146.1146791351 0.0000000000 9.0000000000 186.0000000000 -10.0000000000
328038.2570805592 -1426154.7970880184 0.0000000000 9.0000000000 187.0000000000 -10.0000000000
328087.4974682098 -1426163.4794969016 0.0000000000 9.0000000000 188.0000000000 -10.0000000000
328136.7378558604 -1426172.1619057849 0.0000000000 9.0000000000 189.0000000000 -10.0000000000
328185.9782435110 -1426180.8443146681 0.0000000000 9.0000000000 190.0000000000 -10.0000000000
328235.2186311616 -1426189.5267235513 0.0000000000 9.0000000000 191.0000000000 -10.0000000000
328284.4590188122 -1426198.2091324346 0.0000000000 9.0000000000 192.0000000000 -10.0000000000
328333.6994064628 -1426206.8915413178 0.0000000000 9.0000000000 193.0000000000 -10.0000000000
328382.9397941134 -1426215.5739502010 0.0000000000 9.0000000000 194.0000000000 -10.0000000000
328432.1801817640 -1426224.2563590843 0.0000000000 9.0000000000 195.0000000000 -10.0000000000
328481.4205694146 -1426232.9387679675 0.0000000000 9.0000000000 196.0000000000 -10.0000000000
328530.6609570652 -1426241.6211768507 0.0000000000 9.0000000000 197.0000000000 -10.0000000000
328579.9013447158 -1426250.3035857340 0.0000000000 9.0000000000 198.0000000000 -10.0000000000
328629.1417323664 -1426258.9859946172 0.0000000000 9.0000000000 199.0000000000 -10.0000000000
328678.3821200170 -1426267.6684035005 0.0000000000 9.0000000000 200.0000000000 -10.0000000000
328727.6225076676 -1426276.3508123837 0.0000000000 9.0000000000 201.0000000000 -10.0000000000
328776.8628953182 -1426285.0332212669 0.0000000000 9.0000000000 202.0000000000 -10.0000000000
328736.3049165510 -1426227.1104247330 0.0000000000 10.0000000000 203.0000000000 170.0000000000
328687.0645289004 -1426218.4280158498 0.0000000000 10.0000000000 204.0000000000 170.0000000000
328637.8241412498 -1426209.7456069665 0.0000000000 10.0000000000 205.0000000000 170.0000000000
328588.5837535992 -1426201.0631980833 0.0000000000 10.0000000000 206.0000000000 170.0000000000
328539.3433659486 -1426192.3807892001 0.0000000000 10.0000000000 207.0000000000 170.0000000000
328490.1029782980 -1426183.6983803168 0.0000000000 10.0000000000 208.0000000000 170.0000000000
328440.8625906474 -1426175.0159714336 0.0000000000 10.0000000000 209.0000000000 170.0000000000
328391.6222029968 -1426166.3335625504 0.0000000000 10.0000000000 210.0000000000 170.0000000000
328342.3818153462 -1426157.6511536671 0.0000000000 10.0000000000 211.0000000000 170.0000000000
328293.1414276956 -1426148.9687447839 0.0000000000 10.0000000000 212.0000000000 170.0000000000
328243.9010400450 -1426140.2863359007 0.0000000000 10.0000000000 213.0000000000 170.0000000000
328194.6606523944 -1426131.6039270174 0.0000000000 10.0000000000 214.0000000000 170.0000000000
328145.4202647438 -1426122.9215181342 0.0000000000 10.0000000000 215.0000000000 170.0000000000
328096.1798770932 -1426114.2391092509 0.0000000000 10.0000000000 216.0000000000 170.0000000000
328046.9394894426 -1426105.5567003677 0.0000000000 10.0000000000 217.0000000000 170.0000000000
327997.6991017920 -1426096.8742914845 0.0000000000 10.0000000000 218.0000000000 170.0000000000
327948.4587141414 -1426088.1918826012 0.0000000000 10.0000000000 219.0000000000 170.0000000000
327899.2183264908 -1426079.5094737180 0.0000000000 10.0000000000 220.0000000000 170.0000000000
327849.9779388402 -1426070.8270648348 0.0000000000 10.0000000000 221.0000000000 170.0000000000
327800.7375511896 -1426062.1446559515 0.0000000000 10.0000000000 222.0000000000 170.0000000000
327751.4971635390 -1426053.4622470683 0.0000000000 10.0000000000 223.0000000000 170.0000000000
327702.2567758884 -1426044.7798381851 0.0000000000 10.0000000000 224.0000000000 170.0000000000
327653.0163882378 -1426036.0974293018 0.0000000000 10.0000000000 225.0000000000 170.0000000000
327603.7760005872 -1426027.4150204186 0.0000000000 10.0000000000 226.0000000000 170.0000000000
327554.5356129366 -1426018.7326115353 0.0000000000 10.0000000000 227.0000000000 170.0000000000
327505.2952252860 -1426010.0502026521 0.0000000000 10.0000000000 228.0000000000 170.0000000000
327464.7372465188 -1425952.1274061182 0.0000000000 11.0000000000 229.0000000000 -10.0000000000
327513.9776341694 -1425960.8098150014 0.0000000000 11.0000000000 230.0000000000 -10.0000000000
327563.2180218200 -1425969.4922238847 0.0000000000 11.0000000000 231.0000000000 -10.0000000000
327612.4584094706 -1425978.1746327679 0.0000000000 11.0000000000 232.0000000000 -10.0000000000
327661.6987971212 -1425986.8570416512 0.0000000000 11.0000000000 233.0000000000 -10.0000000000
327710.9391847718 -1425995.5394505344 0.0000000000 11.0000000000 234.0000000000 -10.0000000000
327760.1795724224 -1426004.2218594176 0.0000000000 11.0000000000 235.0000000000 -10.0000000000
327809.4199600730 -1426012.9042683009 0.0000000000 11.0000000000 236.0000000000 -10.0000000000
327858.6603477236 -1426021.5866771841 0.0000000000 11.0000000000 237.0000000000 -10.0000000000
327907.9007353742 -1426030.2690860673 0.0000000000 11.0000000000 238.0000000000 -10.0000000000
327957.1411230248 -1426038.9514949506 0.0000000000 11.0000000000 239.0000000000 -10.0000000000
328006.3815106754 -1426047.6339038338 0.0000000000 11.0000000000 240.0000000000 -10.0000000000
328055.6218983260 -1426056.3163127170 0.0000000000 11.0000000000 241.0000000000 -10.0000000000
328104.8622859766 -1426064.9987216003 0.0000000000 11.0000000000 242.0000000000 -10.0000000000
328154.1026736272 -1426073.6811304835 0.0000000000 11.0000000000 243.0000000000 -10.0000000000
328203.3430612778 -1426082.3635393668 0.0000000000 11.0000000000 244.0000000000 -10.0000000000
328252.5834489284 -1426091.0459482500 0.0000000000 11.0000000000 245.0000000000 -10.0000000000
328301.8238365790 -1426099.7283571332 0.0000000000 11.0000000000 246.0000000000 -10.0000000000
328351.0642242296 -1426108.4107660165 0.0000000000 11.0000000000 247.0000000000 -10.0000000000
328400.3046118802 -1426117.0931748997 0.0000000000 11.0000000000 248.0000000000 -10.0000000000
328449.5449995308 -1426125.7755837829 0.0000000000 11.0000000000 249.0000000000 -10.0000000000
328498.7853871814 -1426134.4579926662 0.0000000000 11.0000000000 250.0000000000 -10.0000000000
328548.0257748320 -1426143.1404015494 0.0000000000 11.0000000000 251.0000000000 -10.0000000000
328597.2661624826 -1426151.8228104326 0.0000000000 11.0000000000 252.0000000000 -10.0000000000
328646.5065501332 -1426160.5052193159 0.0000000000 11.0000000000 253.0000000000 -10.0000000000
328695.7469377838 -1426169.1876281991 0.0000000000 11.0000000000 254.0000000000 -10.0000000000
328744.9873254344 -1426177.8700370823 0.0000000000 11.0000000000 255.0000000000 -10.0000000000
328753.6697343178 -1426128.6296494317 0.0000000000 12.0000000000 256.0000000000 170.0000000000
328704.4293466672 -1426119.9472405484 0.0000000000 12.0000000000 257.0000000000 170.0000000000
328655.1889590166 -1426111.2648316652 0.0000000000 12.0000000000 258.0000000000 170.0000000000
328605.9485713660 -1426102.5824227820 0.0000000000 12.0000000000 259.0000000000 170.0000000000
328556.7081837154 -1426093.9000138987 0.0000000000 12.0000000000 260.0000000000 170.0000000000
328507.4677960648 -1426085.2176050155 0.0000000000 12.0000000000 261.0000000000 170.0000000000
328458.2274084142 -1426076.5351961323 0.0000000000 12.0000000000 262.0000000000 170.0000000000
328408.9870207636 -1426067.8527872490 0.0000000000 12.0000000000 263.0000000000 170.0000000000
328359.7466331130 -1426059.1703783658 0.0000000000 12.0000000000 264.0000000000 170.0000000000
328310.5062454624 -1426050.4879694826 0.0000000000 12.0000000000 265.0000000000 170.0000000000
328261.2658578118 -1426041.8055605993 0.0000000000 12.0000000000 266.0000000000 170.0000000000
328212.0254701612 -1426033.1231517161 0.0000000000 12.0000000000 267.0000000000 170.0000000000
328162.7850825106 -1426024.4407428328 0.0000000000 12.0000000000 268.0000000000 170.0000000000
328113.5446948600 -1426015.7583339496 0.0000000000 12.0000000000 269.0000000000 170.0000000000
328064.3043072094 -1426007.0759250664 0.0000000000 12.0000000000 270.0000000000 170.0000000000
328015.0639195588 -1425998.3935161831 0.0000000000 12.0000000000 271.0000000000 170.0000000000
327965.8235319082 -1425989.7111072999 0.0000000000 12.0000000000 272.0000000000 170.0000000000
327916.5831442576 -1425981.0286984167 0.0000000000 12.0000000000 273.0000000000 170.0000000000
327867.3427566070 -1425972.3462895334 0.0000000000 12.0000000000 274.0000000000 170.0000000000
327818.1023689564 -1425963.6638806502 0.0000000000 12.0000000000 275.0000000000 170.0000000000
327768.8619813058 -1425954.9814717670 0.0000000000 12.0000000000 276.0000000000 170.0000000000
327719.6215936552 -1425946.2990628837 0.0000000000 12.0000000000 277.0000000000 170.0000000000
327670.3812060046 -1425937.6166540005 0.0000000000 12.0000000000 278.0000000000 170.0000000000
327621.1408183540 -1425928.9342451172 0.0000000000 12.0000000000 279.0000000000 170.0000000000
327571.9004307034 -1425920.2518362340 0.0000000000 12.0000000000 280.0000000000 170.0000000000
327522.6600430528 -1425911.5694273508 0.0000000000 12.0000000000 281.0000000000 170.0000000000
327473.4196554022 -1425902.8870184675 0.0000000000 12.0000000000 282.0000000000 170.0000000000
327482.1020642856 -1425853.6466308169 0.0000000000 13.0000000000 283.0000000000 -10.0000000000
327531.3424519362 -1425862.3290397001 0.0000000000 13.0000000000 284.0000000000 -10.0000000000
327580.5828395868 -1425871.0114485833 0.0000000000 13.0000000000 285.0000000000 -10.0000000000
327629.8232272374 -1425879.6938574666 0.0000000000 13.0000000000 286.0000000000 -10.0000000000
327679.0636148880 -1425888.3762663498 0.0000000000 13.0000000000 287.0000000000 -10.0000000000
327728.3040025386 -1425897.0586752330 0.0000000000 13.0000000000 288.0000000000 -10.0000000000
327777.5443901892 -1425905.7410841163 0.0000000000 13.0000000000 289.0000000000 -10.0000000000
327826.7847778398 -1425914.4234929995 0.0000000000 13.0000000000 290.0000000000 -10.0000000000
327876.0251654904 -1425923.1059018828 0.0000000000 13.0000000000 291.0000000000 -10.0000000000
327925.2655531410 -1425931.7883107660 0.0000000000 13.0000000000 292.0000000000 -10.0000000000
327974.5059407916 -1425940.4707196492 0.0000000000 13.0000000000 293.0000000000 -10.0000000000
328023.7463284422 -1425949.1531285325 0.0000000000 13.0000000000 294.0000000000 -10.0000000000
328072.9867160928 -1425957.8355374157 0.0000000000 13.0000000000 295.0000000000 -10.0000000000
328122.2271037434 -1425966.5179462989 0.0000000000 13.0000000000 296.0000000000 -10.0000000000
328171.4674913940 -1425975.2003551822 0.0000000000 13.0000000000 297.0000000000 -10.0000000000
328220.7078790446 -1425983.8827640654 0.0000000000 13.0000000000 298.0000000000 -10.0000000000
328269.9482666952 -1425992.5651729486 0.0000000000 13.0000000000 299.0000000000 -10.0000000000
328319.1886543458 -1426001.2475818319 0.0000000000 13.0000000000 300.0000000000 -10.0000000000
328368.4290419964 -1426009.9299907151 0.0000000000 13.0000000000 301.0000000000 -10.0000000000
328417.6694296470 -1426018.6123995984 0.0000000000 13.0000000000 302.0000000000 -10.0000000000
328466.9098172976 -1426027.2948084816 0.0000000000 13.0000000000 303.0000000000 -10.0000000000
328516.1502049482 -1426035.9772173648 0.0000000000 13.0000000000 304.0000000000 -10.0000000000
328565.3905925988 -1426044.6596262481 0.0000000000 13.0000000000 305.0000000000 -10.0000000000
328614.6309802494 -1426053.3420351313 0.0000000000 13.0000000000 306.0000000000 -10.0000000000
328663.8713679000 -1426062.0244440145 0.0000000000 13.0000000000 307.0000000000 -10.0000000000
328713.1117555506 -1426070.7068528978 0.0000000000 13.0000000000 308.0000000000 -10.0000000000
328762.3521432012 -1426079.3892617810 0.0000000000 13.0000000000 309.0000000000 -10.0000000000
328771.0345520846 -1426030.1488741303 0.0000000000 14.0000000000 310.0000000000 170.0000000000
328721.7941644340 -1426021.4664652471 0.0000000000 14.0000000000 311.0000000000 170.0000000000
328672.5537767834 -1426012.7840563639 0.0000000000 14.0000000000 312.0000000000 170.0000000000
328623.3133891328 -1426004.1016474806 0.0000000000 14.0000000000 313.0000000000 170.0000000000
328574.0730014822 -1425995.4192385974 0.0000000000 14.0000000000 314.0000000000 170.0000000000
328524.8326138316 -1425986.7368297142 0.0000000000 14.0000000000 315.0000000000 170.0000000000
328475.5922261810 -1425978.0544208309 0.0000000000 14.0000000000 316.0000000000 170.0000000000
328426.3518385304 -1425969.3720119477 0.0000000000 14.0000000000 317.0000000000 170.0000000000
328377.1114508798 -1425960.6896030644 0.0000000000 14.0000000000 318.0000000000 170.0000000000
328327.8710632292 -1425952.0071941812 0.0000000000 14.0000000000 319.0000000000 170.0000000000
328278.6306755786 -1425943.3247852980 0.0000000000 14.0000000000 320.0000000000 170.0000000000
328229.3902879280 -1425934.6423764147 0.0000000000 14.0000000000 321.0000000000 170.0000000000
328180.1499002774 -1425925.9599675315 0.0000000000 14.0000000000 322.0000000000 170.0000000000
328130.9095126268 -1425917.2775586483 0.0000000000 14.0000000000 323.0000000000 170.0000000000
328081.6691249762 -1425908.5951497650 0.0000000000 14.0000000000 324.0000000000 170.0000000000
328032.4287373256 -1425899.9127408818 0.0000000000 14.0000000000 325.0000000000 170.0000000000
327983.1883496750 -1425891.2303319986 0.0000000000 14.0000000000 326.0000000000 170.0000000000
327933.9479620244 -1425882.5479231153 0.0000000000 14.0000000000 327.0000000000 170.0000000000
327884.7075743738 -1425873.8655142321 0.0000000000 14.0000000000 328.0000000000 170.0000000000
327835.4671867232 -1425865.1831053488 0.0000000000 14.0000000000 329.0000000000 170.0000000000
327786.2267990726 -1425856.5006964656 0.0000000000 14.0000000000 330.0000000000 170.0000000000
327736.9864114220 -1425847.8182875824 0.0000000000 14.0000000000 331.0000000000 170.0000000000
327687.7460237714 -1425839.1358786991 0.0000000000 14.0000000000 332.0000000000 170.0000000000
327638.5056361208 -1425830.4534698159 0.0000000000 14.0000000000 333.0000000000 170.0000000000
327589.2652484702 -1425821.7710609327 0.0000000000 14.0000000000 334.0000000000 170.0000000000
327540.0248608196 -1425813.0886520494 0.0000000000 14.0000000000 335.0000000000 170.0000000000
327490.7844731690 -1425804.4062431662 0.0000000000 14.0000000000 336.0000000000 170.0000000000
327499.4668820524 -1425755.1658555155 0.0000000000 15.0000000000 337.0000000000 -10.0000000000
327548.7072697030 -1425763.8482643988 0.0000000000 15.0000000000 338.0000000000 -10.0000000000
327597.9476573536 -1425772.5306732820 0.0000000000 15.0000000000 339.0000000000 -10.0000000000
327647.1880450042 -1425781.2130821652 0.0000000000 15.0000000000 340.0000000000 -10.0000000000
327696.4284326548 -1425789.8954910485 0.0000000000 15.0000000000 341.0000000000 -10.0000000000
327745.6688203054 -1425798.5778999317 0.0000000000 15.0000000000 342.0000000000 -10.0000000000
327794.9092079560 -1425807.2603088149 0.0000000000 15.0000000000 343.0000000000 -10.0000000000
327844.1495956066 -1425815.9427176982 0.0000000000 15.0000000000 344.0000000000 -10.0000000000
327893.3899832572 -1425824.6251265814 0.0000000000 15.0000000000 345.0000000000 -10.0000000000
327942.6303709078 -1425833.3075354646 0.0000000000 15.0000000000 346.0000000000 -10.0000000000
327991.8707585584 -1425841.9899443479 0.0000000000 15.0000000000 347.0000000000 -10.0000000000
328041.1111462090 -1425850.6723532311 0.0000000000 15.0000000000 348.0000000000 -10.0000000000
328090.3515338596 -1425859.3547621144 0.0000000000 15.0000000000 349.0000000000 -10.0000000000
328139.5919215102 -1425868.0371709976 0.0000000000 15.0000000000 350.0000000000 -10.0000000000
328188.8323091608 -1425876.7195798808 0.0000000000 15.0000000000 351.0000000000 -10.0000000000
328238.0726968114 -1425885.4019887641 0.0000000000 15.0000000000 352.0000000000 -10.0000000000
328287.3130844620 -1425894.0843976473 0.0000000000 15.0000000000 353.0000000000 -10.0000000000
328336.5534721126 -1425902.7668065305 0.0000000000 15.0000000000 354.0000000000 -10.0000000000
328385.7938597632 -1425911.4492154138 0.0000000000 15.0000000000 355.0000000000 -10.0000000000
328435.0342474138 -1425920.1316242970 0.0000000000 15.0000000000 356.0000000000 -10.0000000000
328484.2746350644 -1425928.8140331802 0.0000000000 15.0000000000 357.0000000000 -10.0000000000
328533.5150227150 -1425937.4964420635 0.0000000000 15.0000000000 358.0000000000 -10.0000000000
328582.7554103656 -1425946.1788509467 0.0000000000 15.0000000000 359.0000000000 -10.0000000000
328631.9957980162 -1425954.8612598300 0.0000000000 15.0000000000 360.0000000000 -10.0000000000
328681.2361856668 -1425963.5436687132 0.0000000000 15.0000000000 361.0000000000 -10.0000000000
328730.4765733174 -1425972.2260775964 0.0000000000 15.0000000000 362.0000000000 -10.0000000000
328779.7169609680 -1425980.9084864797 0.0000000000 15.0000000000 363.0000000000 -10.0000000000
328739.1589822008 -1425922.9856899458 0.0000000000 16.0000000000 364.0000000000 170.0000000000
328689.9185945502 -1425914.3032810625 0.0000000000 16.0000000000 365.0000000000 170.0000000000
328640.6782068996 -1425905.6208721793 0.0000000000 16.0000000000 366.0000000000 170.0000000000
328591.4378192490 -1425896.9384632960 0.0000000000 16.0000000000 367.0000000000 170.0000000000
328542.1974315984 -1425888.2560544128 0.0000000000 16.0000000000 368.0000000000 170.0000000000
328492.9570439478 -1425879.5736455296 0.0000000000 16.0000000000 369.0000000000 170.0000000000
328443.7166562972 -1425870.8912366463 0.0000000000 16.0000000000 370.0000000000 170.0000000000
328394.4762686466 -1425862.2088277631 0.0000000000 16.0000000000 371.0000000000 170.0000000000
328345.2358809960 -1425853.5264188799 0.0000000000 16.0000000000 372.0000000000 170.0000000000
328295.9954933454 -1425844.8440099966 0.0000000000 16.0000000000 373.0000000000 170.0000000000
328246.7551056948 -1425836.1616011134 0.0000000000 16.0000000000 374.0000000000 170.0000000000
328197.5147180442 -1425827.4791922302 0.0000000000 16.0000000000 375.0000000000 170.0000000000
328148.2743303936 -1425818.7967833469 0.0000000000 16.0000000000 376.0000000000 170.0000000000
328099.0339427430 -1425810.1143744637 0.0000000000 16.0000000000 377.0000000000 170.0000000000
328049.7935550924 -1425801.4319655804 0.0000000000 16.0000000000 378.0000000000 170.0000000000
328000.5531674418 -1425792.7495566972 0.0000000000 16.0000000000 379.0000000000 170.0000000000
327951.3127797912 -1425784.0671478140 0.0000000000 16.0000000000 380.0000000000 170.0000000000
327902.0723921406 -1425775.3847389307 0.0000000000 16.0000000000 381.0000000000 170.0000000000
327852.8320044900 -1425766.7023300475 0.0000000000 16.0000000000 382.0000000000 170.0000000000
327803.5916168394 -1425758.0199211643 0.0000000000 16.0000000000 383.0000000000 170.0000000000
327754.3512291888 -1425749.3375122810 0.0000000000 16.0000000000 384.0000000000 170.0000000000
327705.1108415382 -1425740.6551033978 0.0000000000 16.0000000000 385.0000000000 170.0000000000
327655.8704538876 -1425731.9726945146 0.0000000000 16.0000000000 386.0000000000 170.0000000000
327606.6300662370 -1425723.2902856313 0.0000000000 16.0000000000 387.0000000000 170.0000000000
327557.3896785864 -1425714.6078767481 0.0000000000 16.0000000000 388.0000000000 170.0000000000
327508.1492909358 -1425705.9254678648 0.0000000000 16.0000000000 389.0000000000 170.0000000000
327516.8316998192 -1425656.6850802142 0.0000000000 17.0000000000 390.0000000000 -10.0000000000
327566.0720874698 -1425665.3674890974 0.0000000000 17.0000000000 391.0000000000 -10.0000000000
327615.3124751204 -1425674.0498979806 0.0000000000 17.0000000000 392.0000000000 -10.0000000000
327664.5528627710 -1425682.7323068639 0.0000000000 17.0000000000 393.0000000000 -10.0000000000
327713.7932504216 -1425691.4147157471 0.0000000000 17.0000000000 394.0000000000 -10.0000000000
327763.0336380722 -1425700.0971246304 0.0000000000 17.0000000000 395.0000000000 -10.0000000000
327812.2740257228 -1425708.7795335136 0.0000000000 17.0000000000 396.0000000000 -10.0000000000
327861.5144133734 -1425717.4619423968 0.0000000000 17.0000000000 397.0000000000 -10.0000000000
327910.7548010240 -1425726.1443512801 0.0000000000 17.0000000000 398.0000000000 -10.0000000000
327959.9951886746 -1425734.8267601633 0.0000000000 17.0000000000 399.0000000000 -10.0000000000
328009.2355763252 -1425743.5091690465 0.0000000000 17.0000000000 400.0000000000 -10.0000000000
328058.4759639758 -1425752.1915779298 0.0000000000 17.0000000000 401.0000000000 -10.0000000000
328107.7163516264 -1425760.8739868130 0.0000000000 17.0000000000 402.0000000000 -10.0000000000
328156.9567392770 -1425769.5563956962 0.0000000000 17.0000000000 403.0000000000 -10.0000000000
328206.1971269276 -1425778.2388045795 0.0000000000 17.0000000000 404.0000000000 -10.0000000000
328255.4375145782 -1425786.9212134627 0.0000000000 17.0000000000 405.0000000000 -10.0000000000
328304.6779022288 -1425795.6036223460 0.0000000000 17.0000000000 406.0000000000 -10.0000000000
328353.9182898794 -1425804.2860312292 0.0000000000 17.0000000000 407.0000000000 -10.0000000000
328403.1586775300 -1425812.9684401124 0.0000000000 17.0000000000 408.0000000000 -10.0000000000
328452.3990651806 -1425821.6508489957 0.0000000000 17.0000000000 409.0000000000 -10.0000000000
328501.6394528312 -1425830.3332578789 0.0000000000 17.0000000000 410.0000000000 -10.0000000000
328550.8798404818 -1425839.0156667621 0.0000000000 17.0000000000 411.0000000000 -10.0000000000
328600.1202281324 -1425847.6980756454 0.0000000000 17.0000000000 412.0000000000 -10.0000000000
328649.3606157830 -1425856.3804845286 0.0000000000 17.0000000000 413.0000000000 -10.0000000000
328698.6010034336 -1425865.0628934118 0.0000000000 17.0000000000 414.0000000000 -10.0000000000
328747.8413910842 -1425873.7453022951 0.0000000000 17.0000000000 415.0000000000 -10.0000000000
328756.5237999676 -1425824.5049146444 0.0000000000 18.0000000000 416.0000000000 170.0000000000
328707.2834123170 -1425815.8225057612 0.0000000000 18.0000000000 417.0000000000 170.0000000000
328658.0430246664 -1425807.1400968779 0.0000000000 18.0000000000 418.0000000000 170.0000000000
328608.8026370158 -1425798.4576879947 0.0000000000 18.0000000000 419.0000000000 170.0000000000
328559.5622493652 -1425789.7752791115 0.0000000000 18.0000000000 420.0000000000 170.0000000000
328510.3218617146 -1425781.0928702282 0.0000000000 18.0000000000 421.0000000000 170.0000000000
328461.0814740640 -1425772.4104613450 0.0000000000 18.0000000000 422.0000000000 170.0000000000
328411.8410864134 -1425763.7280524618 0.0000000000 18.0000000000 423.0000000000 170.0000000000
328362.6006987628 -1425755.0456435785 0.0000000000 18.0000000000 424.0000000000 170.0000000000
328313.3603111122 -1425746.3632346953 0.0000000000 18.0000000000 425.0000000000 170.0000000000
328264.1199234616 -1425737.6808258120 0.0000000000 18.0000000000 426.0000000000 170.0000000000
328214.8795358110 -1425728.9984169288 0.0000000000 18.0000000000 427.0000000000 170.0000000000
328165.6391481604 -1425720.3160080456 0.0000000000 18.0000000000 428.0000000000 170.0000000000
328116.3987605098 -1425711.6335991623 0.0000000000 18.0000000000 429.0000000000 170.0000000000
328067.1583728592 -1425702.9511902791 0.0000000000 18.0000000000 430.0000000000 170.0000000000
328017.9179852086 -1425694.2687813959 0.0000000000 18.0000000000 431.0000000000 170.0000000000
327968.6775975580 -1425685.5863725126 0.0000000000 18.0000000000 432.0000000000 170.0000000000
327919.4372099074 -1425676.9039636294 0.0000000000 18.0000000000 433.0000000000 170.0000000000
327870.1968222568 -1425668.2215547462 0.0000000000 18.0000000000 434.0000000000 170.0000000000
327820.9564346062 -1425659.5391458629 0.0000000000 18.0000000000 435.0000000000 170.0000000000
327771.7160469556 -1425650.8567369797 0.0000000000 18.0000000000 436.0000000000 170.0000000000
327722.4756593050 -1425642.1743280964 0.0000000000 18.0000000000 437.0000000000 170.0000000000
327673.2352716544 -1425633.4919192132 0.0000000000 18.0000000000 438.0000000000 170.0000000000
327623.9948840038 -1425624.8095103300 0.0000000000 18.0000000000 439.0000000000 170.0000000000
327574.7544963532 -1425616.1271014467 0.0000000000 18.0000000000 440.0000000000 170.0000000000
327525.5141087026 -1425607.4446925635 0.0000000000 18.0000000000 441.0000000000 170.0000000000
327476.2737210520 -1425598.7622836803 0.0000000000 18.0000000000 442.0000000000 170.0000000000
327484.9561299354 -1425549.5218960296 0.0000000000 19.0000000000 443.0000000000 -10.0000000000
327534.1965175860 -1425558.2043049128 0.0000000000 19.0000000000 444.0000000000 -10.0000000000
327583.4369052366 -1425566.8867137961 0.0000000000 19.0000000000 445.0000000000 -10.0000000000
327632.6772928872 -1425575.5691226793 0.0000000000 19.0000000000 446.0000000000 -10.0000000000
327681.9176805378 -1425584.2515315625 0.0000000000 19.0000000000 447.0000000000 -10.0000000000
327731.1580681884 -1425592.9339404458 0.0000000000 19.0000000000 448.0000000000 -10.0000000000
327780.3984558390 -1425601.6163493290 0.0000000000 19.0000000000 449.0000000000 -10.0000000000
327829.6388434896 -1425610.2987582122 0.0000000000 19.0000000000 450.0000000000 -10.0000000000
327878.8792311402 -1425618.9811670955 0.0000000000 19.0000000000 451.0000000000 -10.0000000000
327928.1196187908 -1425627.6635759787 0.0000000000 19.0000000000 452.0000000000 -10.0000000000
327977.3600064414 -1425636.3459848620 0.0000000000 19.0000000000 453.0000000000 -10.0000000000
328026.6003940920 -1425645.0283937452 0.0000000000 19.0000000000 454.0000000000 -10.0000000000
328075.8407817426 -1425653.7108026284 0.0000000000 19.0000000000 455.0000000000 -10.0000000000
328125.0811693932 -1425662.3932115117 0.0000000000 19.0000000000 456.0000000000 -10.0000000000
328174.3215570438 -1425671.0756203949 0.0000000000 19.0000000000 457.0000000000 -10.0000000000
328223.5619446944 -1425679.7580292781 0.0000000000 19.0000000000 458.0000000000 -10.0000000000
328272.8023323450 -1425688.4404381614 0.0000000000 19.0000000000 459.0000000000 -10.0000000000
328322.0427199956 -1425697.1228470446 0.0000000000 19.0000000000 460.0000000000 -10.0000000000
328371.2831076462 -1425705.8052559278 0.0000000000 19.0000000000 461.0000000000 -10.0000000000
328420.5234952968 -1425714.4876648111 0.0000000000 19.0000000000 462.0000000000 -10.0000000000
328469.7638829474 -1425723.1700736943 0.0000000000 19.0000000000 463.0000000000 -10.0000000000
328519.0042705980 -1425731.8524825776 0.0000000000 19.0000000000 464.0000000000 -10.0000000000
328568.2446582486 -1425740.5348914608 0.0000000000 19.0000000000 465.0000000000 -10.0000000000
328617.4850458992 -1425749.2173003440 0.0000000000 19.0000000000 466.0000000000 -10.0000000000
328666.7254335498 -1425757.8997092273 0.0000000000 19.0000000000 467.0000000000 -10.0000000000
328715.9658212004 -1425766.5821181105 0.0000000000 19.0000000000 468.0000000000 -10.0000000000
328765.2062088510 -1425775.2645269937 0.0000000000 19.0000000000 469.0000000000 -10.0000000000
328773.8886177344 -1425726.0241393431 0.0000000000 20.0000000000 470.0000000000 170.0000000000
328724.6482300838 -1425717.3417304598 0.0000000000 20.0000000000 471.0000000000 170.0000000000
328675.4078424332 -1425708.6593215766 0.0000000000 20.0000000000 472.0000000000 170.0000000000
328626.1674547826 -1425699.9769126934 0.0000000000 20.0000000000 473.0000000000 170.0000000000
328576.9270671320 -1425691.2945038101 0.0000000000 20.0000000000 474.0000000000 170.0000000000
328527.6866794814 -1425682.6120949269 0.0000000000 20.0000000000 475.0000000000 170.0000000000
328478.4462918308 -1425673.9296860436 0.0000000000 20.0000000000 476.0000000000 170.0000000000
328429.2059041802 -1425665.2472771604 0.0000000000 20.0000000000 477.0000000000 170.0000000000
328379.9655165296 -1425656.5648682772 0.0000000000 20.0000000000 478.0000000000 170.0000000000
328330.7251288790 -1425647.8824593939 0.0000000000 20.0000000000 479.0000000000 170.0000000000
328281.4847412284 -1425639.2000505107 0.0000000000 20.0000000000 480.0000000000 170.0000000000
328232.2443535778 -1425630.5176416275 0.0000000000 20.0000000000 481.0000000000 170.0000000000
328183.0039659272 -1425621.8352327442 0.0000000000 20.0000000000 482.0000000000 170.0000000000
328133.7635782766 -1425613.1528238610 0.0000000000 20.0000000000 483.0000000000 170.0000000000
328084.5231906260 -1425604.4704149778 0.0000000000 20.0000000000 484.0000000000 170.0000000000
328035.2828029754 -1425595.7880060945 0.0000000000 20.0000000000 485.0000000000 170.0000000000
327986.0424153248 -1425587.1055972113 0.0000000000 20.0000000000 486.0000000000 170.0000000000
327936.8020276742 -1425578.4231883280 0.0000000000 20.0000000000 487.0000000000 170.0000000000
327887.5616400236 -1425569.7407794448 0.0000000000 20.0000000000 488.0000000000 170.0000000000
327838.3212523730 -1425561.0583705616 0.0000000000 20.0000000000 489.0000000000 170.0000000000
327789.0808647224 -1425552.3759616783 0.0000000000 20.0000000000 490.0000000000 170.0000000000
327739.8404770718 -1425543.6935527951 0.0000000000 20.0000000000 491.0000000000 170.0000000000
327690.6000894212 -1425535.0111439119 0.0000000000 20.0000000000 492.0000000000 170.0000000000
327641.3597017706 -1425526.3287350286 0.0000000000 20.0000000000 493.0000000000 170.0000000000
327592.1193141200 -1425517.6463261454 0.0000000000 20.0000000000 494.0000000000 170.0000000000
327542.8789264694 -1425508.9639172622 0.0000000000 20.0000000000 495.0000000000 170.0000000000
327493.6385388188 -1425500.2815083789 0.0000000000 20.0000000000 496.0000000000 170.0000000000
327502.3209477022 -1425451.0411207282 0.0000000000 21.0000000000 497.0000000000 -10.0000000000
327551.5613353528 -1425459.7235296115 0.0000000000 21.0000000000 498.0000000000 -10.0000000000
327600.8017230034 -1425468.4059384947 0.0000000000 21.0000000000 499.0000000000 -10.0000000000
327650.0421106540 -1425477.0883473780 0.0000000000 21.0000000000 500.0000000000 -10.0000000000
327699.2824983046 -1425485.7707562612 0.0000000000 21.0000000000 501.0000000000 -10.0000000000
327748.5228859552 -1425494.4531651444 0.0000000000 21.0000000000 502.0000000000 -10.0000000000
327797.7632736058 -1425503.1355740277 0.0000000000 21.0000000000 503.0000000000 -10.0000000000
327847.0036612564 -1425511.8179829109 0.0000000000 21.0000000000 504.0000000000 -10.0000000000
327896.2440489070 -1425520.5003917941 0.0000000000 21.0000000000 505.0000000000 -10.0000000000
327945.4844365576 -1425529.1828006774 0.0000000000 21.0000000000 506.0000000000 -10.0000000000
327994.7248242082 -1425537.8652095606 0.0000000000 21.0000000000 507.0000000000 -10.0000000000
328043.9652118588 -1425546.5476184438 0.0000000000 21.0000000000 508.0000000000 -10.0000000000
328093.2055995094 -1425555.2300273271 0.0000000000 21.0000000000 509.0000000000 -10.0000000000
328142.4459871600 -1425563.9124362103 0.0000000000 21.0000000000 510.0000000000 -10.0000000000
328191.6863748106 -1425572.5948450936 0.0000000000 21.0000000000 511.0000000000 -10.0000000000
328240.9267624612 -1425581.2772539768 0.0000000000 21.0000000000 512.0000000000 -10.0000000000
328290.1671501118 -1425589.9596628600 0.0000000000 21.0000000000 513.0000000000 -10.0000000000
328339.4075377624 -1425598.6420717433 0.0000000000 21.0000000000 514.0000000000 -10.0000000000
328388.6479254130 -1425607.3244806265 0.0000000000 21.0000000000 515.0000000000 -10.0000000000
328437.8883130636 -1425616.0068895097 0.0000000000 21.0000000000 516.0000000000 -10.0000000000
328487.1287007142 -1425624.6892983930 0.0000000000 21.0000000000 517.0000000000 -10.0000000000
328536.3690883648 -1425633.3717072762 0.0000000000 21.0000000000 518.0000000000 -10.0000000000
328585.6094760154 -1425642.0541161594 0.0000000000 21.0000000000 519.0000000000 -10.0000000000
328634.8498636660 -1425650.7365250427 0.0000000000 21.0000000000 520.0000000000 -10.0000000000
328684.0902513166 -1425659.4189339259 0.0000000000 21.0000000000 521.0000000000 -10.0000000000
328733.3306389672 -1425668.1013428092 0.0000000000 21.0000000000 522.0000000000 -10.0000000000
328782.5710266178 -1425676.7837516924 0.0000000000 21.0000000000 523.0000000000 -10.0000000000
328742.0130478506 -1425618.8609551585 0.0000000000 22.0000000000 524.0000000000 170.0000000000
328692.7726602000 -1425610.1785462752 0.0000000000 22.0000000000 525.0000000000 170.0000000000
328643.5322725494 -1425601.4961373920 0.0000000000 22.0000000000 526.0000000000 170.0000000000
328594.2918848988 -1425592.8137285088 0.0000000000 22.0000000000 527.0000000000 170.0000000000
328545.0514972482 -1425584.1313196255 0.0000000000 22.0000000000 528.0000000000 170.0000000000
328495.8111095976 -1425575.4489107423 0.0000000000 22.0000000000 529.0000000000 170.0000000000
328446.5707219470 -1425566.7665018591 0.0000000000 22.0000000000 530.0000000000 170.0000000000
328397.3303342964 -1425558.0840929758 0.0000000000 22.0000000000 531.0000000000 170.0000000000
328348.0899466458 -1425549.4016840926 0.0000000000 22.0000000000 532.0000000000 170.0000000000
328298.8495589952 -1425540.7192752094 0.0000000000 22.0000000000 533.0000000000 170.0000000000
328249.6091713446 -1425532.0368663261 0.0000000000 22.0000000000 534.0000000000 170.0000000000
328200.3687836940 -1425523.3544574429 0.0000000000 22.0000000000 535.0000000000 170.0000000000
328151.1283960434 -1425514.6720485596 0.0000000000 22.0000000000 536.0000000000 170.0000000000
328101.8880083928 -1425505.9896396764 0.0000000000 22.0000000000 537.0000000000 170.0000000000
328052.6476207422 -1425497.3072307932 0.0000000000 22.0000000000 538.0000000000 170.0000000000
328003.4072330916 -1425488.6248219099 0.0000000000 22.0000000000 539.0000000000 170.0000000000
327954.1668454410 -1425479.9424130267 0.0000000000 22.0000000000 540.0000000000 170.0000000000
327904.9264577904 -1425471.2600041435 0.0000000000 22.0000000000 541.0000000000 170.0000000000
327855.6860701398 -1425462.5775952602 0.0000000000 22.0000000000 542.0000000000 170.0000000000
327806.4456824892 -1425453.8951863770 0.0000000000 22.0000000000 543.0000000000 170.0000000000
327757.2052948386 -1425445.2127774938 0.0000000000 22.0000000000 544.0000000000 170.0000000000
327707.9649071880 -1425436.5303686105 0.0000000000 22.0000000000 545.0000000000 170.0000000000
327658.7245195374 -1425427.8479597273 0.0000000000 22.0000000000 546.0000000000 170.0000000000
327609.4841318868 -1425419.1655508440 0.0000000000 22.0000000000 547.0000000000 170.0000000000
327560.2437442362 -1425410.4831419608 0.0000000000 22.0000000000 548.0000000000 170.0000000000
327511.0033565856 -1425401.8007330776 0.0000000000 22.0000000000 549.0000000000 170.0000000000
327519.6857654690 -1425352.5603454269 0.0000000000 23.0000000000 550.0000000000 -10.0000000000
327568.9261531196 -1425361.2427543101 0.0000000000 23.0000000000 551.0000000000 -10.0000000000
327618.1665407702 -1425369.9251631934 0.0000000000 23.0000000000 552.0000000000 -10.0000000000
327667.4069284208 -1425378.6075720766 0.0000000000 23.0000000000 553.0000000000 -10.0000000000
327716.6473160714 -1425387.2899809598 0.0000000000 23.0000000000 554.0000000000 -10.0000000000
327765.8877037220 -1425395.9723898431 0.0000000000 23.0000000000 555.0000000000 -10.0000000000
327815.1280913726 -1425404.6547987263 0.0000000000 23.0000000000 556.0000000000 -10.0000000000
327864.3684790232 -1425413.3372076096 0.0000000000 23.0000000000 557.0000000000 -10.0000000000
327913.6088666738 -1425422.0196164928 0.0000000000 23.0000000000 558.0000000000 -10.0000000000
327962.8492543244 -1425430.7020253760 0.0000000000 23.0000000000 559.0000000000 -10.0000000000
328012.0896419750 -1425439.3844342593 0.0000000000 23.0000000000 560.0000000000 -10.0000000000
328061.3300296256 -1425448.0668431425 0.0000000000 23.0000000000 561.0000000000 -10.0000000000
328110.5704172762 -1425456.7492520257 0.0000000000 23.0000000000 562.0000000000 -10.0000000000
328159.8108049268 -1425465.4316609090 0.0000000000 23.0000000000 563.0000000000 -10.0000000000
328209.0511925774 -1425474.1140697922 0.0000000000 23.0000000000 564.0000000000 -10.0000000000
328258.2915802280 -1425482.7964786754 0.0000000000 23.0000000000 565.0000000000 -10.0000000000
328307.5319678786 -1425491.4788875587 0.0000000000 23.0000000000 566.0000000000 -10.0000000000
328356.7723555292 -1425500.1612964419 0.0000000000 23.0000000000 567.0000000000 -10.0000000000
328406.0127431798 -1425508.8437053252 0.0000000000 23.0000000000 568.0000000000 -10.0000000000
328455.2531308304 -1425517.5261142084 0.0000000000 23.0000000000 569.0000000000 -10.0000000000
328504.4935184810 -1425526.2085230916 0.0000000000 23.0000000000 570.0000000000 -10.0000000000
328553.7339061316 -1425534.8909319749 0.0000000000 23.0000000000 571.0000000000 -10.0000000000
328602.9742937822 -1425543.5733408581 0.0000000000 23.0000000000 572.0000000000 -10.0000000000
328652.2146814328 -1425552.2557497413 0.0000000000 23.0000000000 573.0000000000 -10.0000000000
328701.4550690834 -1425560.9381586246 0.0000000000 23.0000000000 574.0000000000 -10.0000000000
328750.6954567340 -1425569.6205675078 0.0000000000 23.0000000000 575.0000000000 -10.0000000000
328759.3778656174 -1425520.3801798571 0.0000000000 24.0000000000 576.0000000000 170.0000000000
328710.1374779668 -1425511.6977709739 0.0000000000 24.0000000000 577.0000000000 170.0000000000
328660.8970903162 -1425503.0153620907 0.0000000000 24.0000000000 578.0000000000 170.0000000000
328611.6567026656 -1425494.3329532074 0.0000000000 24.0000000000 579.0000000000 170.0000000000
328562.4163150150 -1425485.6505443242 0.0000000000 24.0000000000 580.0000000000 170.0000000000
328513.1759273644 -1425476.9681354410 0.0000000000 24.0000000000 581.0000000000 170.0000000000
328463.9355397138 -1425468.2857265577 0.0000000000 24.0000000000 582.0000000000 170.0000000000
328414.6951520632 -1425459.6033176745 0.0000000000 24.0000000000 583.0000000000 170.0000000000
328365.4547644126 -1425450.9209087912 0.0000000000 24.0000000000 584.0000000000 170.0000000000
328316.2143767620 -1425442.2384999080 0.0000000000 24.0000000000 585.0000000000 170.0000000000
328266.9739891114 -1425433.5560910248 0.0000000000 24.0000000000 586.0000000000 170.0000000000
328217.7336014608 -1425424.8736821415 0.0000000000 24.0000000000 587.0000000000 170.0000000000
328168.4932138102 -1425416.1912732583 0.0000000000 24.0000000000 588.0000000000 170.0000000000
328119.2528261596 -1425407.5088643751 0.0000000000 24.0000000000 589.0000000000 170.0000000000
328070.0124385090 -1425398.8264554918 0.0000000000 24.0000000000 590.0000000000 170.0000000000
328020.7720508584 -1425390.1440466086 0.0000000000 24.0000000000 591.0000000000 170.0000000000
327971.5316632078 -1425381.4616377254 0.0000000000 24.0000000000 592.0000000000 170.0000000000
327922.2912755572 -1425372.7792288421 0.0000000000 24.0000000000 593.0000000000 170.0000000000
327873.0508879066 -1425364.0968199589 0.0000000000 24.0000000000 594.0000000000 170.0000000000
327823.8105002560 -1425355.4144110756 0.0000000000 24.0000000000 595.0000000000 170.0000000000
327774.5701126054 -1425346.7320021924 0.0000000000 24.0000000000 596.0000000000 170.0000000000
327725.3297249548 -1425338.0495933092 0.0000000000 24.0000000000 597.0000000000 170.0000000000
327676.0893373042 -1425329.3671844259 0.0000000000 24.0000000000 598.0000000000 170.0000000000
327626.8489496536 -1425320.6847755427 0.0000000000 24.0000000000 599.0000000000 170.0000000000
327577.6085620030 -1425312.0023666595 0.0000000000 24.0000000000 600.0000000000 170.0000000000
327528.3681743524 -1425303.3199577762 0.0000000000 24.0000000000 601.0000000000 170.0000000000
327479.1277867018 -1425294.6375488930 0.0000000000 24.0000000000 602.0000000000 170.0000000000
327487.8101955852 -1425245.3971612423 0.0000000000 25.0000000000 603.0000000000 -10.0000000000
327537.0505832358 -1425254.0795701256 0.0000000000 25.0000000000 604.0000000000 -10.0000000000
327586.2909708864 -1425262.7619790088 0.0000000000 25.0000000000 605.0000000000 -10.0000000000
327635.5313585370 -1425271.4443878920 0.0000000000 25.0000000000 606.0000000000 -10.0000000000
327684.7717461876 -1425280.1267967753 0.0000000000 25.0000000000 607.0000000000 -10.0000000000
327734.0121338382 -1425288.8092056585 0.0000000000 25.0000000000 608.0000000000 -10.0000000000
327783.2525214888 -1425297.4916145417 0.0000000000 25.0000000000 609.0000000000 -10.0000000000
327832.4929091394 -1425306.1740234250 0.0000000000 25.0000000000 610.0000000000 -10.0000000000
327881.7332967900 -1425314.8564323082 0.0000000000 25.0000000000 611.0000000000 -10.0000000000
327930.9736844406 -1425323.5388411914 0.0000000000 25.0000000000 612.0000000000 -10.0000000000
327980.2140720912 -1425332.2212500747 0.0000000000 25.0000000000 613.0000000000 -10.0000000000
328029.4544597418 -1425340.9036589579 0.0000000000 25.0000000000 614.0000000000 -10.0000000000
328078.6948473924 -1425349.5860678412 0.0000000000 25.0000000000 615.0000000000 -10.0000000000
328127.9352350430 -1425358.2684767244 0.0000000000 25.0000000000 616.0000000000 -10.0000000000
328177.1756226936 -1425366.9508856076 0.0000000000 25.0000000000 617.0000000000 -10.0000000000
328226.4160103442 -1425375.6332944909 0.0000000000 25.0000000000 618.0000000000 -10.0000000000
328275.6563979948 -1425384.3157033741 0.0000000000 25.0000000000 619.0000000000 -10.0000000000
328324.8967856454 -1425392.9981122573 0.0000000000 25.0000000000 620.0000000000 -10.0000000000
328374.1371732960 -1425401.6805211406 0.0000000000 25.0000000000 621.0000000000 -10.0000000000
328423.3775609466 -1425410.3629300238 0.0000000000 25.0000000000 622.0000000000 -10.0000000000
328472.6179485972 -1425419.0453389070 0.0000000000 25.0000000000 623.0000000000 -10.0000000000
328521.8583362478 -1425427.7277477903 0.0000000000 25.0000000000 624.0000000000 -10.0000000000
328571.0987238984 -1425436.4101566735 0.0000000000 25.0000000000 625.0000000000 -10.0000000000
328620.3391115490 -1425445.0925655568 0.0000000000 25.0000000000 626.0000000000 -10.0000000000
328669.5794991996 -1425453.7749744400 0.0000000000 25.0000000000 627.0000000000 -10.0000000000
328718.8198868502 -1425462.4573833232 0.0000000000 25.0000000000 628.0000000000 -10.0000000000
328768.0602745008 -1425471.1397922065 0.0000000000 25.0000000000 629.0000000000 -10.0000000000
328776.7426833842 -1425421.8994045558 0.0000000000 26.0000000000 630.0000000000 170.0000000000
328727.5022957336 -1425413.2169956726 0.0000000000 26.0000000000 631.0000000000 170.0000000000
328678.2619080830 -1425404.5345867893 0.0000000000 26.0000000000 632.0000000000 170.0000000000
328629.0215204324 -1425395.8521779061 0.0000000000 26.0000000000 633.0000000000 170.0000000000
328579.7811327818 -1425387.1697690228 0.0000000000 26.0000000000 634.0000000000 170.0000000000
328530.5407451312 -1425378.4873601396 0.0000000000 26.0000000000 635.0000000000 170.0000000000
328481.3003574806 -1425369.8049512564 0.0000000000 26.0000000000 636.0000000000 170.0000000000
328432.0599698300 -1425361.1225423731 0.0000000000 26.0000000000 637.0000000000 170.0000000000
328382.8195821794 -1425352.4401334899 0.0000000000 26.0000000000 638.0000000000 170.0000000000
328333.5791945288 -1425343.7577246067 0.0000000000 26.0000000000 639.0000000000 170.0000000000
328284.3388068782 -1425335.0753157234 0.0000000000 26.0000000000 640.0000000000 170.0000000000
328235.0984192276 -1425326.3929068402 0.0000000000 26.0000000000 641.0000000000 170.0000000000
328185.8580315770 -1425317.7104979570 0.0000000000 26.0000000000 642.0000000000 170.0000000000
328136.6176439264 -1425309.0280890737 0.0000000000 26.0000000000 643.0000000000 170.0000000000
328087.3772562758 -1425300.3456801905 0.0000000000 26.0000000000 644.0000000000 170.0000000000
328038.1368686252 -1425291.6632713072 0.0000000000 26.0000000000 645.0000000000 170.0000000000
327988.8964809746 -1425282.9808624240 0.0000000000 26.0000000000 646.0000000000 170.0000000000
327939.6560933240 -1425274.2984535408 0.0000000000 26.0000000000 647.0000000000 170.0000000000
327890.4157056734 -1425265.6160446575 0.0000000000 26.0000000000 648.0000000000 170.0000000000
327841.1753180228 -1425256.9336357743 0.0000000000 26.0000000000 649.0000000000 170.0000000000
327791.9349303722 -1425248.2512268911 0.0000000000 26.0000000000 650.0000000000 170.0000000000
327742.6945427216 -1425239.5688180078 0.0000000000 26.0000000000 651.0000000000 170.0000000000
327693.4541550710 -1425230.8864091246 0.0000000000 26.0000000000 652.0000000000 170.0000000000
327644.2137674204 -1425222.2040002414 0.0000000000 26.0000000000 653.0000000000 170.0000000000
327594.9733797698 -1425213.5215913581 0.0000000000 26.0000000000 654.0000000000 170.0000000000
327545.7329921192 -1425204.8391824749 0.0000000000 26.0000000000 655.0000000000 170.0000000000
327496.4926044686 -1425196.1567735916 0.0000000000 26.0000000000 656.0000000000 170.0000000000
327505.1750133520 -1425146.9163859410 0.0000000000 27.0000000000 657.0000000000 -10.0000000000
327554.4154010026 -1425155.5987948242 0.0000000000 27.0000000000 658.0000000000 -10.0000000000
327603.6557886532 -1425164.2812037074 0.0000000000 27.0000000000 659.0000000000 -10.0000000000
327652.8961763038 -1425172.9636125907 0.0000000000 27.0000000000 660.0000000000 -10.0000000000
327702.1365639544 -1425181.6460214739 0.0000000000 27.0000000000 661.0000000000 -10.0000000000
327751.3769516050 -1425190.3284303572 0.0000000000 27.0000000000 662.0000000000 -10.0000000000
327800.6173392556 -1425199.0108392404 0.0000000000 27.0000000000 663.0000000000 -10.0000000000
327849.8577269062 -1425207.6932481236 0.0000000000 27.0000000000 664.0000000000 -10.0000000000
327899.0981145568 -1425216.3756570069 0.0000000000 27.0000000000 665.0000000000 -10.0000000000
327948.3385022074 -1425225.0580658901 0.0000000000 27.0000000000 666.0000000000 -10.0000000000
327997.5788898580 -1425233.7404747733 0.0000000000 27.0000000000 667.0000000000 -10.0000000000
328046.8192775086 -1425242.4228836566 0.0000000000 27.0000000000 668.0000000000 -10.0000000000
328096.0596651592 -1425251.1052925398 0.0000000000 27.0000000000 669.0000000000 -10.0000000000
328145.3000528098 -1425259.7877014230 0.0000000000 27.0000000000 670.0000000000 -10.0000000000
328194.5404404604 -1425268.4701103063 0.0000000000 27.0000000000 671.0000000000 -10.0000000000
328243.7808281110 -1425277.1525191895 0.0000000000 27.0000000000 672.0000000000 -10.0000000000
328293.0212157616 -1425285.8349280728 0.0000000000 27.0000000000 673.0000000000 -10.0000000000
328342.2616034122 -1425294.5173369560 0.0000000000 27.0000000000 674.0000000000 -10.0000000000
328391.5019910628 -1425303.1997458392 0.0000000000 27.0000000000 675.0000000000 -10.0000000000
328440.7423787134 -1425311.8821547225 0.0000000000 27.0000000000 676.0000000000 -10.0000000000
328489.9827663640 -1425320.5645636057 0.0000000000 27.0000000000 677.0000000000 -10.0000000000
328539.2231540146 -1425329.2469724889 0.0000000000 27.0000000000 678.0000000000 -10.0000000000
328588.4635416652 -1425337.9293813722 0.0000000000 27.0000000000 679.0000000000 -10.0000000000
328637.7039293158 -1425346.6117902554 0.0000000000 27.0000000000 680.0000000000 -10.0000000000
328686.9443169664 -1425355.2941991386 0.0000000000 27.0000000000 681.0000000000 -10.0000000000
328736.1847046170 -1425363.9766080219 0.0000000000 27.0000000000 682.0000000000 -10.0000000000
328785.4250922676 -1425372.6590169051 0.0000000000 27.0000000000 683.0000000000 -10.0000000000
328744.8671135004 -1425314.7362203712 0.0000000000 28.0000000000 684.0000000000 170.0000000000
328695.6267258498 -1425306.0538114880 0.0000000000 28.0000000000 685.0000000000 170.0000000000
328646.3863381992 -1425297.3714026047 0.0000000000 28.0000000000 686.0000000000 170.0000000000
328597.1459505486 -1425288.6889937215 0.0000000000 28.0000000000 687.0000000000 170.0000000000
328547.9055628980 -1425280.0065848383 0.0000000000 28.0000000000 688.0000000000 170.0000000000
328498.6651752474 -1425271.3241759550 0.0000000000 28.0000000000 689.0000000000 170.0000000000
328449.4247875968 -1425262.6417670718 0.0000000000 28.0000000000 690.0000000000 170.0000000000
328400.1843999462 -1425253.9593581886 0.0000000000 28.0000000000 691.0000000000 170.0000000000
328350.9440122956 -1425245.2769493053 0.0000000000 28.0000000000 692.0000000000 170.0000000000
328301.7036246450 -1425236.5945404221 0.0000000000 28.0000000000 693.0000000000 170.0000000000
328252.4632369944 -1425227.9121315388 0.0000000000 28.0000000000 694.0000000000 170.0000000000
328203.2228493438 -1425219.2297226556 0.0000000000 28.0000000000 695.0000000000 170.0000000000
328153.9824616932 -1425210.5473137724 0.0000000000 28.0000000000 696.0000000000 170.0000000000
328104.7420740426 -1425201.8649048891 0.0000000000 28.0000000000 697.0000000000 170.0000000000
328055.5016863920 -1425193.1824960059 0.0000000000 28.0000000000 698.0000000000 170.0000000000
328006.2612987414 -1425184.5000871227 0.0000000000 28.0000000000 699.0000000000 170.0000000000
327957.0209110908 -1425175.8176782394 0.0000000000 28.0000000000 700.0000000000 170.0000000000
327907.7805234402 -1425167.1352693562 0.0000000000 28.0000000000 701.0000000000 170.0000000000
327858.5401357896 -1425158.4528604730 0.0000000000 28.0000000000 702.0000000000 170.0000000000
327809.2997481390 -1425149.7704515897 0.0000000000 28.0000000000 703.0000000000 170.0000000000
327760.0593604884 -1425141.0880427065 0.0000000000 28.0000000000 704.0000000000 170.0000000000
327710.8189728378 -1425132.4056338232 0.0000000000 28.0000000000 705.0000000000 170.0000000000
327661.5785851872 -1425123.7232249400 0.0000000000 28.0000000000 706.0000000000 170.0000000000
327612.3381975366 -1425115.0408160568 0.0000000000 28.0000000000 707.0000000000 170.0000000000
327563.0978098860 -1425106.3584071735 0.0000000000 28.0000000000 708.0000000000 170.0000000000
327513.8574222354 -1425097.6759982903 0.0000000000 28.0000000000 709.0000000000 170.0000000000
327522.5398311188 -1425048.4356106396 0.0000000000 29.0000000000 710.0000000000 -10.0000000000
327571.7802187694 -1425057.1180195229 0.0000000000 29.0000000000 711.0000000000 -10.0000000000
327621.0206064200 -1425065.8004284061 0.0000000000 29.0000000000 712.0000000000 -10.0000000000
327670.2609940706 -1425074.4828372893 0.0000000000 29.0000000000 713.0000000000 -10.0000000000
327719.5013817212 -1425083.1652461726 0.0000000000 29.0000000000 714.0000000000 -10.0000000000
327768.7417693718 -1425091.8476550558 0.0000000000 29.0000000000 715.0000000000 -10.0000000000
327817.9821570224 -1425100.5300639390 0.0000000000 29.0000000000 716.0000000000 -10.0000000000
327867.2225446730 -1425109.2124728223 0.0000000000 29.0000000000 717.0000000000 -10.0000000000
327916.4629323236 -1425117.8948817055 0.0000000000 29.0000000000 718.0000000000 -10.0000000000
327965.7033199742 -1425126.5772905888 0.0000000000 29.0000000000 719.0000000000 -10.0000000000
328014.9437076248 -1425135.2596994720 0.0000000000 29.0000000000 720.0000000000 -10.0000000000
328064.1840952754 -1425143.9421083552 0.0000000000 29.0000000000 721.0000000000 -10.0000000000
328113.4244829260 -1425152.6245172385 0.0000000000 29.0000000000 722.0000000000 -10.0000000000
328162.6648705766 -1425161.3069261217 0.0000000000 29.0000000000 723.0000000000 -10.0000000000
328211.9052582272 -1425169.9893350049 0.0000000000 29.0000000000 724.0000000000 -10.0000000000
328261.1456458778 -1425178.6717438882 0.0000000000 29.0000000000 725.0000000000 -10.0000000000
328310.3860335284 -1425187.3541527714 0.0000000000 29.0000000000 726.0000000000 -10.0000000000
328359.6264211790 -1425196.0365616546 0.0000000000 29.0000000000 727.0000000000 -10.0000000000
328408.8668088296 -1425204.7189705379 0.0000000000 29.0000000000 728.0000000000 -10.0000000000
328458.1071964802 -1425213.4013794211 0.0000000000 29.0000000000 729.0000000000 -10.0000000000
328507.3475841308 -1425222.0837883044 0.0000000000 29.0000000000 730.0000000000 -10.0000000000
328556.5879717814 -1425230.7661971876 0.0000000000 29.0000000000 731.0000000000 -10.0000000000
328605.8283594320 -1425239.4486060708 0.0000000000 29.0000000000 732.0000000000 -10.0000000000
328655.0687470826 -1425248.1310149541 0.0000000000 29.0000000000 733.0000000000 -10.0000000000
328704.3091347332 -1425256.8134238373 0.0000000000 29.0000000000 734.0000000000 -10.0000000000
328753.5495223838 -1425265.4958327205 0.0000000000 29.0000000000 735.0000000000 -10.0000000000
328762.2319312672 -1425216.2554450699 0.0000000000 30.0000000000 736.0000000000 170.0000000000
328712.9915436166 -1425207.5730361866 0.0000000000 30.0000000000 737.0000000000 170.0000000000
328663.7511559660 -1425198.8906273034 0.0000000000 30.0000000000 738.0000000000 170.0000000000
328614.5107683154 -1425190.2082184202 0.0000000000 30.0000000000 739.0000000000 170.0000000000
328565.2703806648 -1425181.5258095369 0.0000000000 30.0000000000 740.0000000000 170.0000000000
328516.0299930142 -1425172.8434006537 0.0000000000 30.0000000000 741.0000000000 170.0000000000
328466.7896053636 -1425164.1609917704 0.0000000000 30.0000000000 742.0000000000 170.0000000000
328417.5492177130 -1425155.4785828872 0.0000000000 30.0000000000 743.0000000000 170.0000000000
328368.3088300624 -1425146.7961740040 0.0000000000 30.0000000000 744.0000000000 170.0000000000
328319.0684424118 -1425138.1137651207 0.0000000000 30.0000000000 745.0000000000 170.0000000000
328269.8280547612 -1425129.4313562375 0.0000000000 30.0000000000 746.0000000000 170.0000000000
328220.5876671106 -1425120.7489473543 0.0000000000 30.0000000000 747.0000000000 170.0000000000
328171.3472794600 -1425112.0665384710 0.0000000000 30.0000000000 748.0000000000 170.0000000000
328122.1068918094 -1425103.3841295878 0.0000000000 30.0000000000 749.0000000000 170.0000000000
328072.8665041588 -1425094.7017207046 0.0000000000 30.0000000000 750.0000000000 170.0000000000
328023.6261165082 -1425086.0193118213 0.0000000000 30.0000000000 751.0000000000 170.0000000000
327974.3857288576 -1425077.3369029381 0.0000000000 30.0000000000 752.0000000000 170.0000000000
327925.1453412070 -1425068.6544940548 0.0000000000 30.0000000000 753.0000000000 170.0000000000
327875.9049535564 -1425059.9720851716 0.0000000000 30.0000000000 754.0000000000 170.0000000000
327826.6645659058 -1425051.2896762884 0.0000000000 30.0000000000 755.0000000000 170.0000000000
327777.4241782552 -1425042.6072674051 0.0000000000 30.0000000000 756.0000000000 170.0000000000
327728.1837906046 -1425033.9248585219 0.0000000000 30.0000000000 757.0000000000 170.0000000000
327678.9434029540 -1425025.2424496387 0.0000000000 30.0000000000 758.0000000000 170.0000000000
327629.7030153034 -1425016.5600407554 0.0000000000 30.0000000000 759.0000000000 170.0000000000
327580.4626276528 -1425007.8776318722 0.0000000000 30.0000000000 760.0000000000 170.0000000000
327531.2222400022 -1424999.1952229890 0.0000000000 30.0000000000 761.0000000000 170.0000000000
327481.9818523516 -1424990.5128141057 0.0000000000 30.0000000000 762.0000000000 170.0000000000
327490.6642612350 -1424941.2724264550 0.0000000000 31.0000000000 763.0000000000 -10.0000000000
327539.9046488856 -1424949.9548353383 0.0000000000 31.0000000000 764.0000000000 -10.0000000000
327589.1450365362 -1424958.6372442215 0.0000000000 31.0000000000 765.0000000000 -10.0000000000
327638.3854241868 -1424967.3196531048 0.0000000000 31.0000000000 766.0000000000 -10.0000000000
327687.6258118374 -1424976.0020619880 0.0000000000 31.0000000000 767.0000000000 -10.0000000000
327736.8661994880 -1424984.6844708712 0.0000000000 31.0000000000 768.0000000000 -10.0000000000
327786.1065871386 -1424993.3668797545 0.0000000000 31.0000000000 769.0000000000 -10.0000000000
327835.3469747892 -1425002.0492886377 0.0000000000 31.0000000000 770.0000000000 -10.0000000000
327884.5873624398 -1425010.7316975209 0.0000000000 31.0000000000 771.0000000000 -10.0000000000
327933.8277500904 -1425019.4141064042 0.0000000000 31.0000000000 772.0000000000 -10.0000000000
327983.0681377410 -1425028.0965152874 0.0000000000 31.0000000000 773.0000000000 -10.0000000000
328032.3085253916 -1425036.7789241706 0.0000000000 31.0000000000 774.0000000000 -10.0000000000
328081.5489130422 -1425045.4613330539 0.0000000000 31.0000000000 775.0000000000 -10.0000000000
328130.7893006928 -1425054.1437419371 0.0000000000 31.0000000000 776.0000000000 -10.0000000000
328180.0296883434 -1425062.8261508204 0.0000000000 31.0000000000 777.0000000000 -10.0000000000
328229.2700759940 -1425071.5085597036 0.0000000000 31.0000000000 778.0000000000 -10.0000000000
328278.5104636446 -1425080.1909685868 0.0000000000 31.0000000000 779.0000000000 -10.0000000000
328327.7508512952 -1425088.8733774701 0.0000000000 31.0000000000 780.0000000000 -10.0000000000
328376.9912389458 -1425097.5557863533 0.0000000000 31.0000000000 781.0000000000 -10.0000000000
328426.2316265964 -1425106.2381952365 0.0000000000 31.0000000000 782.0000000000 -10.0000000000
328475.4720142470 -1425114.9206041198 0.0000000000 31.0000000000 783.0000000000 -10.0000000000
328524.7124018976 -1425123.6030130030 0.0000000000 31.0000000000 784.0000000000 -10.0000000000
328573.9527895482 -1425132.2854218862 0.0000000000 31.0000000000 785.0000000000 -10.0000000000
328623.1931771988 -1425140.9678307695 0.0000000000 31.0000000000 786.0000000000 -10.0000000000
328672.4335648494 -1425149.6502396527 0.0000000000 31.0000000000 787.0000000000 -10.0000000000
328721.6739525000 -1425158.3326485360 0.0000000000 31.0000000000 788.0000000000 -10.0000000000
328770.9143401506 -1425167.0150574192 0.0000000000 31.0000000000 789.0000000000 -10.0000000000
328779.5967490340 -1425117.7746697685 0.0000000000 32.0000000000 790.0000000000 170.0000000000
328730.3563613834 -1425109.0922608853 0.0000000000 32.0000000000 791.0000000000 170.0000000000
328681.1159737328 -1425100.4098520020 0.0000000000 32.0000000000 792.0000000000 170.0000000000
328631.8755860822 -1425091.7274431188 0.0000000000 32.0000000000 793.0000000000 170.0000000000
328582.6351984316 -1425083.0450342356 0.0000000000 32.0000000000 794.0000000000 170.0000000000
328533.3948107810 -1425074.3626253523 0.0000000000 32.0000000000 795.0000000000 170.0000000000
328484.1544231304 -1425065.6802164691 0.0000000000 32.0000000000 796.0000000000 170.0000000000
328434.9140354798 -1425056.9978075859 0.0000000000 32.0000000000 797.0000000000 170.0000000000
328385.6736478292 -1425048.3153987026 0.0000000000 32.0000000000 798.0000000000 170.0000000000
328336.4332601786 -1425039.6329898194 0.0000000000 32.0000000000 799.0000000000 170.0000000000
328287.1928725280 -1425030.9505809362 0.0000000000 32.0000000000 800.0000000000 170.0000000000
328237.9524848774 -1425022.2681720529 0.0000000000 32.0000000000 801.0000000000 170.0000000000
328188.7120972268 -1425013.5857631697 0.0000000000 32.0000000000 802.0000000000 170.0000000000
328139.4717095762 -1425004.9033542864 0.0000000000 32.0000000000 803.0000000000 170.0000000000
328090.2313219256 -1424996.2209454032 0.0000000000 32.0000000000 804.0000000000 170.0000000000
328040.9909342750 -1424987.5385365200 0.0000000000 32.0000000000 805.0000000000 170.0000000000
327991.7505466244 -1424978.8561276367 0.0000000000 32.0000000000 806.0000000000 170.0000000000
327942.5101589738 -1424970.1737187535 0.0000000000 32.0000000000 807.0000000000 170.0000000000
327893.2697713232 -1424961.4913098703 0.0000000000 32.0000000000 808.0000000000 170.0000000000
327844.0293836726 -1424952.8089009870 0.0000000000 32.0000000000 809.0000000000 170.0000000000
327794.7889960220 -1424944.1264921038 0.0000000000 32.0000000000 810.0000000000 170.0000000000
327745.5486083714 -1424935.4440832206 0.0000000000 32.0000000000 811.0000000000 170.0000000000
327696.3082207208 -1424926.7616743373 0.0000000000 32.0000000000 812.0000000000 170.0000000000
328049.6733431584 -1424938.2981488693 0.0000000000 33.0000000000 813.0000000000 -10.0000000000
328098.9137308090 -1424946.9805577525 0.0000000000 33.0000000000 814.0000000000 -10.0000000000
328148.1541184596 -1424955.6629666358 0.0000000000 33.0000000000 815.0000000000 -10.0000000000
328197.3945061102 -1424964.3453755190 0.0000000000 33.0000000000 816.0000000000 -10.0000000000
328246.6348937608 -1424973.0277844022 0.0000000000 33.0000000000 817.0000000000 -10.0000000000
328295.8752814114 -1424981.7101932855 0.0000000000 33.0000000000 818.0000000000 -10.0000000000
328345.1156690620 -1424990.3926021687 0.0000000000 33.0000000000 819.0000000000 -10.0000000000
328394.3560567126 -1424999.0750110520 0.0000000000 33.0000000000 820.0000000000 -10.0000000000
328443.5964443632 -1425007.7574199352 0.0000000000 33.0000000000 821.0000000000 -10.0000000000
328492.8368320138 -1425016.4398288184 0.0000000000 33.0000000000 822.0000000000 -10.0000000000
328542.0772196644 -1425025.1222377017 0.0000000000 33.0000000000 823.0000000000 -10.0000000000
328591.3176073150 -1425033.8046465849 0.0000000000 33.0000000000 824.0000000000 -10.0000000000
328640.5579949656 -1425042.4870554681 0.0000000000 33.0000000000 825.0000000000 -10.0000000000
328689.7983826162 -1425051.1694643514 0.0000000000 33.0000000000 826.0000000000 -10.0000000000
328739.0387702668 -1425059.8518732346 0.0000000000 33.0000000000 827.0000000000 -10.0000000000
328788.2791579174 -1425068.5342821178 0.0000000000 33.0000000000 828.0000000000 -10.0000000000
328747.7211791502 -1425010.6114855839 0.0000000000 34.0000000000 829.0000000000 170.0000000000
328698.4807914996 -1425001.9290767007 0.0000000000 34.0000000000 830.0000000000 170.0000000000
328649.2404038490 -1424993.2466678175 0.0000000000 34.0000000000 831.0000000000 170.0000000000
328600.0000161984 -1424984.5642589342 0.0000000000 34.0000000000 832.0000000000 170.0000000000
328550.7596285478 -1424975.8818500510 0.0000000000 34.0000000000 833.0000000000 170.0000000000
328501.5192408972 -1424967.1994411678 0.0000000000 34.0000000000 834.0000000000 170.0000000000
328452.2788532466 -1424958.5170322845 0.0000000000 34.0000000000 835.0000000000 170.0000000000
328403.0384655960 -1424949.8346234013 0.0000000000 34.0000000000 836.0000000000 170.0000000000
328353.7980779454 -1424941.1522145180 0.0000000000 34.0000000000 837.0000000000 170.0000000000
328707.1632003830 -1424952.6886890500 0.0000000000 35.0000000000 838.0000000000 -10.0000000000
328756.4035880336 -1424961.3710979333 0.0000000000 35.0000000000 839.0000000000 -10.0000000000
