341604.7229724712 4577769.0735593550 0.0000000000 1.0000000000 0.0000000000 250.0000000000 2.0000000000
341575.8301907461 4577689.6912939800 0.0000000000 1.0000000000 1.0000000000 250.0000000000 2.0000000000
341653.0152426786 4577609.3750412669 0.0000000000 2.0000000000 2.0000000000 -250.0000000000 2.0000000000
341675.8537386142 4577672.1232931446 0.0000000000 2.0000000000 3.0000000000 -250.0000000000 2.0000000000
341698.6922345498 4577734.8715450224 0.0000000000 2.0000000000 4.0000000000 430.0000000000 2.0000000000
341732.8942488824 4577828.8408071008 0.0000000000 2.0000000000 5.0000000000 430.0000000000 2.0000000000
341753.8762295770 4577886.4883252745 0.0000000000 2.0000000000 6.0000000000 70.0000000000 2.0000000000
341774.8582102716 4577944.1358434483 0.0000000000 2.0000000000 7.0000000000 70.0000000000 2.0000000000
341907.4326369967 4578016.0006472571 0.0000000000 3.0000000000 8.0000000000 -70.0000000000 2.0000000000
341884.2490811452 4577952.3043510523 0.0000000000 3.0000000000 9.0000000000 -70.0000000000 2.0000000000
341861.0655252936 4577888.6080548475 0.0000000000 3.0000000000 10.0000000000 250.0000000000 2.0000000000
341826.8635109610 4577794.6387927681 0.0000000000 3.0000000000 11.0000000000 250.0000000000 2.0000000000
341792.6614966284 4577700.6695306897 0.0000000000 3.0000000000 12.0000000000 250.0000000000 2.0000000000
341758.4594822958 4577606.7002686113 0.0000000000 3.0000000000 13.0000000000 250.0000000000 2.0000000000
341730.2002946111 4577529.0587885557 0.0000000000 3.0000000000 14.0000000000 250.0000000000 2.0000000000
341807.3853465432 4577448.7425358417 0.0000000000 4.0000000000 15.0000000000 -250.0000000000 2.0000000000
341829.9070454588 4577510.6203950606 0.0000000000 4.0000000000 16.0000000000 -250.0000000000 2.0000000000
341852.4287443744 4577572.4982542796 0.0000000000 4.0000000000 17.0000000000 430.0000000000 2.0000000000
341886.6307587070 4577666.4675163571 0.0000000000 4.0000000000 18.0000000000 430.0000000000 2.0000000000
341920.8327730396 4577760.4367784364 0.0000000000 4.0000000000 19.0000000000 430.0000000000 2.0000000000
341955.0347873722 4577854.4060405139 0.0000000000 4.0000000000 20.0000000000 430.0000000000 2.0000000000
341989.2368017048 4577948.3753025923 0.0000000000 4.0000000000 21.0000000000 430.0000000000 2.0000000000
342014.6219327138 4578018.1203768300 0.0000000000 4.0000000000 22.0000000000 70.0000000000 2.0000000000
342040.0070637229 4578087.8654510677 0.0000000000 4.0000000000 23.0000000000 70.0000000000 2.0000000000
342172.5814904482 4578159.7302548746 0.0000000000 5.0000000000 24.0000000000 -70.0000000000 2.0000000000
342151.6100924486 4578102.1118124165 0.0000000000 5.0000000000 25.0000000000 250.0000000000 2.0000000000
342117.4080781160 4578008.1425503371 0.0000000000 5.0000000000 26.0000000000 250.0000000000 2.0000000000
342083.2060637834 4577914.1732882597 0.0000000000 5.0000000000 27.0000000000 250.0000000000 2.0000000000
342049.0040494508 4577820.2040261803 0.0000000000 5.0000000000 28.0000000000 250.0000000000 2.0000000000
342014.8020351182 4577726.2347641028 0.0000000000 5.0000000000 29.0000000000 250.0000000000 2.0000000000
341980.6000207856 4577632.2655020235 0.0000000000 5.0000000000 30.0000000000 250.0000000000 2.0000000000
341946.3980064530 4577538.2962399460 0.0000000000 5.0000000000 31.0000000000 250.0000000000 2.0000000000
341912.1959921204 4577444.3269778686 0.0000000000 5.0000000000 32.0000000000 250.0000000000 2.0000000000
341884.5703984759 4577368.4262831314 0.0000000000 5.0000000000 33.0000000000 250.0000000000 2.0000000000
341961.7554504085 4577288.1100304183 0.0000000000 6.0000000000 34.0000000000 -250.0000000000 2.0000000000
341983.9603523038 4577349.1174969766 0.0000000000 6.0000000000 35.0000000000 -250.0000000000 2.0000000000
342006.1652541990 4577410.1249635350 0.0000000000 6.0000000000 36.0000000000 430.0000000000 2.0000000000
342040.3672685316 4577504.0942256125 0.0000000000 6.0000000000 37.0000000000 430.0000000000 2.0000000000
342074.5692828642 4577598.0634876918 0.0000000000 6.0000000000 38.0000000000 430.0000000000 2.0000000000
342108.7712971968 4577692.0327497693 0.0000000000 6.0000000000 39.0000000000 430.0000000000 2.0000000000
342142.9733115294 4577786.0020118486 0.0000000000 6.0000000000 40.0000000000 430.0000000000 2.0000000000
342177.1753258620 4577879.9712739279 0.0000000000 6.0000000000 41.0000000000 430.0000000000 2.0000000000
342211.3773401946 4577973.9405360054 0.0000000000 6.0000000000 42.0000000000 430.0000000000 2.0000000000
342245.5793545272 4578067.9097980838 0.0000000000 6.0000000000 43.0000000000 430.0000000000 2.0000000000
342279.7813688598 4578161.8790601622 0.0000000000 6.0000000000 44.0000000000 430.0000000000 2.0000000000
342305.1559171740 4578231.5950586842 0.0000000000 6.0000000000 45.0000000000 70.0000000000 2.0000000000
342437.7303438992 4578303.4598624920 0.0000000000 7.0000000000 46.0000000000 -70.0000000000 2.0000000000
342407.9526452710 4578221.6463079080 0.0000000000 7.0000000000 47.0000000000 250.0000000000 2.0000000000
342373.7506309384 4578127.6770458296 0.0000000000 7.0000000000 48.0000000000 250.0000000000 2.0000000000
342339.5486166058 4578033.7077837512 0.0000000000 7.0000000000 49.0000000000 250.0000000000 2.0000000000
342305.3466022732 4577939.7385216728 0.0000000000 7.0000000000 50.0000000000 250.0000000000 2.0000000000
342271.1445879406 4577845.7692595934 0.0000000000 7.0000000000 51.0000000000 250.0000000000 2.0000000000
342236.9425736080 4577751.7999975160 0.0000000000 7.0000000000 52.0000000000 250.0000000000 2.0000000000
342202.7405592754 4577657.8307354376 0.0000000000 7.0000000000 53.0000000000 250.0000000000 2.0000000000
342168.5385449428 4577563.8614733592 0.0000000000 7.0000000000 54.0000000000 250.0000000000 2.0000000000
342134.3365306102 4577469.8922112808 0.0000000000 7.0000000000 55.0000000000 250.0000000000 2.0000000000
342100.1345162776 4577375.9229492014 0.0000000000 7.0000000000 56.0000000000 250.0000000000 2.0000000000
342065.9325019450 4577281.9536871240 0.0000000000 7.0000000000 57.0000000000 250.0000000000 2.0000000000
342038.9405023410 4577207.7937777061 0.0000000000 7.0000000000 58.0000000000 250.0000000000 2.0000000000
342116.1255542736 4577127.4775249939 0.0000000000 8.0000000000 59.0000000000 -250.0000000000 2.0000000000
342138.0136591486 4577187.6145988926 0.0000000000 8.0000000000 60.0000000000 -250.0000000000 2.0000000000
342159.9017640236 4577247.7516727913 0.0000000000 8.0000000000 61.0000000000 430.0000000000 2.0000000000
342194.1037783562 4577341.7209348697 0.0000000000 8.0000000000 62.0000000000 430.0000000000 2.0000000000
342228.3057926888 4577435.6901969481 0.0000000000 8.0000000000 63.0000000000 430.0000000000 2.0000000000
342262.5078070214 4577529.6594590265 0.0000000000 8.0000000000 64.0000000000 430.0000000000 2.0000000000
342296.7098213540 4577623.6287211049 0.0000000000 8.0000000000 65.0000000000 430.0000000000 2.0000000000
342330.9118356866 4577717.5979831833 0.0000000000 8.0000000000 66.0000000000 430.0000000000 2.0000000000
342365.1138500192 4577811.5672452617 0.0000000000 8.0000000000 67.0000000000 430.0000000000 2.0000000000
342399.3158643518 4577905.5365073401 0.0000000000 8.0000000000 68.0000000000 430.0000000000 2.0000000000
342433.5178786844 4577999.5057694186 0.0000000000 8.0000000000 69.0000000000 430.0000000000 2.0000000000
342467.7198930170 4578093.4750314970 0.0000000000 8.0000000000 70.0000000000 430.0000000000 2.0000000000
342501.9219073496 4578187.4442935763 0.0000000000 8.0000000000 71.0000000000 430.0000000000 2.0000000000
342536.1239216822 4578281.4135556538 0.0000000000 8.0000000000 72.0000000000 430.0000000000 2.0000000000
342570.3047706250 4578375.3246663017 0.0000000000 8.0000000000 73.0000000000 70.0000000000 2.0000000000
342702.8791973498 4578447.1894701095 0.0000000000 9.0000000000 74.0000000000 -70.0000000000 2.0000000000
342683.5871977216 4578394.1851367550 0.0000000000 9.0000000000 75.0000000000 -70.0000000000 2.0000000000
342664.2951980934 4578341.1808034005 0.0000000000 9.0000000000 76.0000000000 250.0000000000 2.0000000000
342630.0931837608 4578247.2115413202 0.0000000000 9.0000000000 77.0000000000 250.0000000000 2.0000000000
342595.8911694282 4578153.2422792427 0.0000000000 9.0000000000 78.0000000000 250.0000000000 2.0000000000
342561.6891550956 4578059.2730171634 0.0000000000 9.0000000000 79.0000000000 250.0000000000 2.0000000000
342527.4871407630 4577965.3037550859 0.0000000000 9.0000000000 80.0000000000 250.0000000000 2.0000000000
342493.2851264304 4577871.3344930084 0.0000000000 9.0000000000 81.0000000000 250.0000000000 2.0000000000
342459.0831120978 4577777.3652309291 0.0000000000 9.0000000000 82.0000000000 250.0000000000 2.0000000000
342424.8810977652 4577683.3959688507 0.0000000000 9.0000000000 83.0000000000 250.0000000000 2.0000000000
342390.6790834326 4577589.4267067723 0.0000000000 9.0000000000 84.0000000000 250.0000000000 2.0000000000
342356.4770691000 4577495.4574446939 0.0000000000 9.0000000000 85.0000000000 250.0000000000 2.0000000000
342322.2750547674 4577401.4881826164 0.0000000000 9.0000000000 86.0000000000 250.0000000000 2.0000000000
342288.0730404348 4577307.5189205371 0.0000000000 9.0000000000 87.0000000000 250.0000000000 2.0000000000
342253.8710261022 4577213.5496584577 0.0000000000 9.0000000000 88.0000000000 250.0000000000 2.0000000000
342234.8346610246 4577161.2476752587 0.0000000000 9.0000000000 89.0000000000 250.0000000000 2.0000000000
342215.7982959470 4577108.9456920596 0.0000000000 9.0000000000 90.0000000000 250.0000000000 2.0000000000
342332.4241520484 4577136.9921582071 0.0000000000 10.0000000000 91.0000000000 -250.0000000000 2.0000000000
342357.2332272809 4577205.1545322062 0.0000000000 10.0000000000 92.0000000000 -250.0000000000 2.0000000000
342382.0423025134 4577273.3169062054 0.0000000000 10.0000000000 93.0000000000 430.0000000000 2.0000000000
342416.2443168460 4577367.2861682829 0.0000000000 10.0000000000 94.0000000000 430.0000000000 2.0000000000
342450.4463311786 4577461.2554303603 0.0000000000 10.0000000000 95.0000000000 430.0000000000 2.0000000000
342484.6483455112 4577555.2246924397 0.0000000000 10.0000000000 96.0000000000 430.0000000000 2.0000000000
342518.8503598438 4577649.1939545181 0.0000000000 10.0000000000 97.0000000000 430.0000000000 2.0000000000
342553.0523741764 4577743.1632165965 0.0000000000 10.0000000000 98.0000000000 430.0000000000 2.0000000000
342587.2543885090 4577837.1324786739 0.0000000000 10.0000000000 99.0000000000 430.0000000000 2.0000000000
342621.4564028416 4577931.1017407523 0.0000000000 10.0000000000 100.0000000000 430.0000000000 2.0000000000
342655.6584171742 4578025.0710028317 0.0000000000 10.0000000000 101.0000000000 430.0000000000 2.0000000000
342689.8604315068 4578119.0402649110 0.0000000000 10.0000000000 102.0000000000 430.0000000000 2.0000000000
342724.0624458394 4578213.0095269885 0.0000000000 10.0000000000 103.0000000000 430.0000000000 2.0000000000
342758.2644601720 4578306.9787890660 0.0000000000 10.0000000000 104.0000000000 430.0000000000 2.0000000000
342792.4664745046 4578400.9480511453 0.0000000000 10.0000000000 105.0000000000 430.0000000000 2.0000000000
342813.9600492902 4578460.0011625318 0.0000000000 10.0000000000 106.0000000000 70.0000000000 2.0000000000
342835.4536240757 4578519.0542739183 0.0000000000 10.0000000000 107.0000000000 70.0000000000 2.0000000000
342968.0280508014 4578590.9190777279 0.0000000000 11.0000000000 108.0000000000 -70.0000000000 2.0000000000
342944.3329008586 4578525.8171883095 0.0000000000 11.0000000000 109.0000000000 -70.0000000000 2.0000000000
342920.6377509158 4578460.7152988911 0.0000000000 11.0000000000 110.0000000000 250.0000000000 2.0000000000
342886.4357365832 4578366.7460368127 0.0000000000 11.0000000000 111.0000000000 250.0000000000 2.0000000000
342852.2337222506 4578272.7767747343 0.0000000000 11.0000000000 112.0000000000 250.0000000000 2.0000000000
342818.0317079180 4578178.8075126559 0.0000000000 11.0000000000 113.0000000000 250.0000000000 2.0000000000
342783.8296935854 4578084.8382505774 0.0000000000 11.0000000000 114.0000000000 250.0000000000 2.0000000000
342749.6276792528 4577990.8689884990 0.0000000000 11.0000000000 115.0000000000 250.0000000000 2.0000000000
342715.4256649202 4577896.8997264206 0.0000000000 11.0000000000 116.0000000000 250.0000000000 2.0000000000
342681.2236505876 4577802.9304643422 0.0000000000 11.0000000000 117.0000000000 250.0000000000 2.0000000000
342647.0216362550 4577708.9612022638 0.0000000000 11.0000000000 118.0000000000 250.0000000000 2.0000000000
342612.8196219224 4577614.9919401854 0.0000000000 11.0000000000 119.0000000000 250.0000000000 2.0000000000
342578.6176075898 4577521.0226781080 0.0000000000 11.0000000000 120.0000000000 250.0000000000 2.0000000000
342544.4155932572 4577427.0534160286 0.0000000000 11.0000000000 121.0000000000 250.0000000000 2.0000000000
342510.2135789246 4577333.0841539502 0.0000000000 11.0000000000 122.0000000000 250.0000000000 2.0000000000
342476.0115645920 4577239.1148918718 0.0000000000 11.0000000000 123.0000000000 250.0000000000 2.0000000000
342449.0500081509 4577165.0386243565 0.0000000000 11.0000000000 124.0000000000 250.0000000000 2.0000000000
342565.6758642534 4577193.0850905050 0.0000000000 12.0000000000 125.0000000000 -250.0000000000 2.0000000000
342584.9293526283 4577245.9836150613 0.0000000000 12.0000000000 126.0000000000 -250.0000000000 2.0000000000
342604.1828410032 4577298.8821396176 0.0000000000 12.0000000000 127.0000000000 430.0000000000 2.0000000000
342638.3848553358 4577392.8514016960 0.0000000000 12.0000000000 128.0000000000 430.0000000000 2.0000000000
342672.5868696684 4577486.8206637744 0.0000000000 12.0000000000 129.0000000000 430.0000000000 2.0000000000
342706.7888840010 4577580.7899258528 0.0000000000 12.0000000000 130.0000000000 430.0000000000 2.0000000000
342740.9908983336 4577674.7591879312 0.0000000000 12.0000000000 131.0000000000 430.0000000000 2.0000000000
342775.1929126662 4577768.7284500096 0.0000000000 12.0000000000 132.0000000000 430.0000000000 2.0000000000
342809.3949269988 4577862.6977120880 0.0000000000 12.0000000000 133.0000000000 430.0000000000 2.0000000000
342843.5969413314 4577956.6669741664 0.0000000000 12.0000000000 134.0000000000 430.0000000000 2.0000000000
342877.7989556640 4578050.6362362448 0.0000000000 12.0000000000 135.0000000000 430.0000000000 2.0000000000
342912.0009699966 4578144.6054983232 0.0000000000 12.0000000000 136.0000000000 430.0000000000 2.0000000000
342946.2029843292 4578238.5747604016 0.0000000000 12.0000000000 137.0000000000 430.0000000000 2.0000000000
342980.4049986618 4578332.5440224800 0.0000000000 12.0000000000 138.0000000000 430.0000000000 2.0000000000
343014.6070129944 4578426.5132845584 0.0000000000 12.0000000000 139.0000000000 430.0000000000 2.0000000000
343048.8090273270 4578520.4825466368 0.0000000000 12.0000000000 140.0000000000 430.0000000000 2.0000000000
343083.0110416596 4578614.4518087152 0.0000000000 12.0000000000 141.0000000000 430.0000000000 2.0000000000
343100.6024775270 4578662.7838815367 0.0000000000 12.0000000000 142.0000000000 70.0000000000 2.0000000000
343233.1769042525 4578734.6486853454 0.0000000000 13.0000000000 143.0000000000 -70.0000000000 2.0000000000
343211.1823180708 4578674.2190564610 0.0000000000 13.0000000000 144.0000000000 250.0000000000 2.0000000000
343176.9803037382 4578580.2497943835 0.0000000000 13.0000000000 145.0000000000 250.0000000000 2.0000000000
343142.7782894056 4578486.2805323042 0.0000000000 13.0000000000 146.0000000000 250.0000000000 2.0000000000
343108.5762750730 4578392.3112702258 0.0000000000 13.0000000000 147.0000000000 250.0000000000 2.0000000000
343074.3742607404 4578298.3420081474 0.0000000000 13.0000000000 148.0000000000 250.0000000000 2.0000000000
343040.1722464078 4578204.3727460690 0.0000000000 13.0000000000 149.0000000000 250.0000000000 2.0000000000
343005.9702320752 4578110.4034839915 0.0000000000 13.0000000000 150.0000000000 250.0000000000 2.0000000000
342971.7682177426 4578016.4342219122 0.0000000000 13.0000000000 151.0000000000 250.0000000000 2.0000000000
342937.5662034100 4577922.4649598338 0.0000000000 13.0000000000 152.0000000000 250.0000000000 2.0000000000
342903.3641890774 4577828.4956977554 0.0000000000 13.0000000000 153.0000000000 250.0000000000 2.0000000000
342869.1621747448 4577734.5264356770 0.0000000000 13.0000000000 154.0000000000 250.0000000000 2.0000000000
342834.9601604122 4577640.5571735995 0.0000000000 13.0000000000 155.0000000000 250.0000000000 2.0000000000
342800.7581460796 4577546.5879115202 0.0000000000 13.0000000000 156.0000000000 250.0000000000 2.0000000000
342766.5561317470 4577452.6186494417 0.0000000000 13.0000000000 157.0000000000 250.0000000000 2.0000000000
342732.3541174144 4577358.6493873633 0.0000000000 13.0000000000 158.0000000000 250.0000000000 2.0000000000
342707.3279188849 4577289.8904720088 0.0000000000 13.0000000000 159.0000000000 250.0000000000 2.0000000000
342682.3017203555 4577221.1315566543 0.0000000000 13.0000000000 160.0000000000 250.0000000000 2.0000000000
342798.9275764568 4577249.1780228019 0.0000000000 14.0000000000 161.0000000000 -250.0000000000 2.0000000000
342826.3233794930 4577324.4473730316 0.0000000000 14.0000000000 162.0000000000 430.0000000000 2.0000000000
342860.5253938256 4577418.4166351091 0.0000000000 14.0000000000 163.0000000000 430.0000000000 2.0000000000
342894.7274081582 4577512.3858971884 0.0000000000 14.0000000000 164.0000000000 430.0000000000 2.0000000000
342928.9294224908 4577606.3551592659 0.0000000000 14.0000000000 165.0000000000 430.0000000000 2.0000000000
342963.1314368234 4577700.3244213434 0.0000000000 14.0000000000 166.0000000000 430.0000000000 2.0000000000
342997.3334511560 4577794.2936834227 0.0000000000 14.0000000000 167.0000000000 430.0000000000 2.0000000000
343031.5354654886 4577888.2629455002 0.0000000000 14.0000000000 168.0000000000 430.0000000000 2.0000000000
343065.7374798212 4577982.2322075795 0.0000000000 14.0000000000 169.0000000000 430.0000000000 2.0000000000
343099.9394941538 4578076.2014696579 0.0000000000 14.0000000000 170.0000000000 430.0000000000 2.0000000000
343134.1415084864 4578170.1707317363 0.0000000000 14.0000000000 171.0000000000 430.0000000000 2.0000000000
343168.3435228190 4578264.1399938148 0.0000000000 14.0000000000 172.0000000000 430.0000000000 2.0000000000
343202.5455371516 4578358.1092558922 0.0000000000 14.0000000000 173.0000000000 430.0000000000 2.0000000000
343236.7475514842 4578452.0785179716 0.0000000000 14.0000000000 174.0000000000 430.0000000000 2.0000000000
343270.9495658168 4578546.0477800490 0.0000000000 14.0000000000 175.0000000000 430.0000000000 2.0000000000
343305.1515801494 4578640.0170421284 0.0000000000 14.0000000000 176.0000000000 430.0000000000 2.0000000000
343339.3535944820 4578733.9863042077 0.0000000000 14.0000000000 177.0000000000 430.0000000000 2.0000000000
343365.7513309774 4578806.5134891532 0.0000000000 14.0000000000 178.0000000000 70.0000000000 2.0000000000
343498.3257577035 4578878.3782929629 0.0000000000 15.0000000000 179.0000000000 -70.0000000000 2.0000000000
343467.5248708932 4578793.7535519525 0.0000000000 15.0000000000 180.0000000000 250.0000000000 2.0000000000
343433.3228565606 4578699.7842898741 0.0000000000 15.0000000000 181.0000000000 250.0000000000 2.0000000000
343399.1208422280 4578605.8150277967 0.0000000000 15.0000000000 182.0000000000 250.0000000000 2.0000000000
343364.9188278954 4578511.8457657173 0.0000000000 15.0000000000 183.0000000000 250.0000000000 2.0000000000
343330.7168135628 4578417.8765036389 0.0000000000 15.0000000000 184.0000000000 250.0000000000 2.0000000000
343296.5147992302 4578323.9072415605 0.0000000000 15.0000000000 185.0000000000 250.0000000000 2.0000000000
343262.3127848976 4578229.9379794821 0.0000000000 15.0000000000 186.0000000000 250.0000000000 2.0000000000
343228.1107705650 4578135.9687174037 0.0000000000 15.0000000000 187.0000000000 250.0000000000 2.0000000000
343193.9087562324 4578041.9994553253 0.0000000000 15.0000000000 188.0000000000 250.0000000000 2.0000000000
343159.7067418998 4577948.0301932478 0.0000000000 15.0000000000 189.0000000000 250.0000000000 2.0000000000
343125.5047275672 4577854.0609311685 0.0000000000 15.0000000000 190.0000000000 250.0000000000 2.0000000000
343091.3027132346 4577760.0916690892 0.0000000000 15.0000000000 191.0000000000 250.0000000000 2.0000000000
343057.1006989020 4577666.1224070117 0.0000000000 15.0000000000 192.0000000000 250.0000000000 2.0000000000
343022.8986845694 4577572.1531449324 0.0000000000 15.0000000000 193.0000000000 250.0000000000 2.0000000000
342988.6966702368 4577478.1838828549 0.0000000000 15.0000000000 194.0000000000 250.0000000000 2.0000000000
342954.4946559042 4577384.2146207765 0.0000000000 15.0000000000 195.0000000000 250.0000000000 2.0000000000
342935.0240442319 4577330.7195548639 0.0000000000 15.0000000000 196.0000000000 250.0000000000 2.0000000000
342915.5534325596 4577277.2244889513 0.0000000000 15.0000000000 197.0000000000 250.0000000000 2.0000000000
343032.1792886617 4577305.2709550988 0.0000000000 16.0000000000 198.0000000000 -250.0000000000 2.0000000000
343057.4226104885 4577374.6264118105 0.0000000000 16.0000000000 199.0000000000 -250.0000000000 2.0000000000
343082.6659323154 4577443.9818685222 0.0000000000 16.0000000000 200.0000000000 430.0000000000 2.0000000000
343116.8679466480 4577537.9511306006 0.0000000000 16.0000000000 201.0000000000 430.0000000000 2.0000000000
343151.0699609806 4577631.9203926791 0.0000000000 16.0000000000 202.0000000000 430.0000000000 2.0000000000
343185.2719753132 4577725.8896547575 0.0000000000 16.0000000000 203.0000000000 430.0000000000 2.0000000000
343219.4739896458 4577819.8589168359 0.0000000000 16.0000000000 204.0000000000 430.0000000000 2.0000000000
343253.6760039784 4577913.8281789133 0.0000000000 16.0000000000 205.0000000000 430.0000000000 2.0000000000
343287.8780183110 4578007.7974409927 0.0000000000 16.0000000000 206.0000000000 430.0000000000 2.0000000000
343322.0800326436 4578101.7667030711 0.0000000000 16.0000000000 207.0000000000 430.0000000000 2.0000000000
343356.2820469762 4578195.7359651495 0.0000000000 16.0000000000 208.0000000000 430.0000000000 2.0000000000
343390.4840613088 4578289.7052272279 0.0000000000 16.0000000000 209.0000000000 430.0000000000 2.0000000000
343424.6860756414 4578383.6744893054 0.0000000000 16.0000000000 210.0000000000 430.0000000000 2.0000000000
343445.0491262726 4578439.6215111054 0.0000000000 16.0000000000 211.0000000000 70.0000000000 2.0000000000
343376.6398591503 4577959.2881543916 0.0000000000 17.0000000000 212.0000000000 -70.0000000000 2.0000000000
343347.6452660570 4577879.6261645816 0.0000000000 17.0000000000 213.0000000000 250.0000000000 2.0000000000
343313.4432517244 4577785.6569025032 0.0000000000 17.0000000000 214.0000000000 250.0000000000 2.0000000000
343279.2412373918 4577691.6876404248 0.0000000000 17.0000000000 215.0000000000 250.0000000000 2.0000000000
343245.0392230592 4577597.7183783455 0.0000000000 17.0000000000 216.0000000000 250.0000000000 2.0000000000
343210.8372087266 4577503.7491162680 0.0000000000 17.0000000000 217.0000000000 250.0000000000 2.0000000000
343176.6351943940 4577409.7798541896 0.0000000000 17.0000000000 218.0000000000 250.0000000000 2.0000000000
