322745.6207738794 -1428423.1785777439 0.0000000000 1.0000000000 0.0000000000 20.0000000000
322933.5592980366 -1428354.7745490789 0.0000000000 1.0000000000 1.0000000000 20.0000000000
323121.4978221938 -1428286.3705204139 0.0000000000 1.0000000000 2.0000000000 20.0000000000
323309.4363463510 -1428217.9664917488 0.0000000000 1.0000000000 3.0000000000 20.0000000000
323497.3748705082 -1428149.5624630838 0.0000000000 1.0000000000 4.0000000000 20.0000000000
323685.3133946654 -1428081.1584344187 0.0000000000 1.0000000000 5.0000000000 20.0000000000
323873.2519188226 -1428012.7544057537 0.0000000000 1.0000000000 6.0000000000 20.0000000000
324061.1904429798 -1427944.3503770886 0.0000000000 1.0000000000 7.0000000000 20.0000000000
324249.1289671370 -1427875.9463484236 0.0000000000 1.0000000000 8.0000000000 20.0000000000
324437.0674912942 -1427807.5423197586 0.0000000000 1.0000000000 9.0000000000 20.0000000000
324625.0060154514 -1427739.1382910935 0.0000000000 1.0000000000 10.0000000000 20.0000000000
324812.9445396086 -1427670.7342624285 0.0000000000 1.0000000000 11.0000000000 20.0000000000
324607.9050082852 -1427692.1536600543 0.0000000000 2.0000000000 12.0000000000 200.0000000000
324419.9664841280 -1427760.5576887194 0.0000000000 2.0000000000 13.0000000000 200.0000000000
324232.0279599708 -1427828.9617173844 0.0000000000 2.0000000000 14.0000000000 200.0000000000
324044.0894358136 -1427897.3657460494 0.0000000000 2.0000000000 15.0000000000 200.0000000000
323856.1509116564 -1427965.7697747145 0.0000000000 2.0000000000 16.0000000000 200.0000000000
323668.2123874992 -1428034.1738033795 0.0000000000 2.0000000000 17.0000000000 200.0000000000
323480.2738633420 -1428102.5778320446 0.0000000000 2.0000000000 18.0000000000 200.0000000000
323292.3353391848 -1428170.9818607096 0.0000000000 2.0000000000 19.0000000000 200.0000000000
323104.3968150276 -1428239.3858893747 0.0000000000 2.0000000000 20.0000000000 200.0000000000
322916.4582908704 -1428307.7899180397 0.0000000000 2.0000000000 21.0000000000 200.0000000000
322728.5197667132 -1428376.1939467047 0.0000000000 2.0000000000 22.0000000000 200.0000000000
322711.4187595470 -1428329.2093156655 0.0000000000 3.0000000000 23.0000000000 20.0000000000
322899.3572837042 -1428260.8052870005 0.0000000000 3.0000000000 24.0000000000 20.0000000000
323087.2958078614 -1428192.4012583354 0.0000000000 3.0000000000 25.0000000000 20.0000000000
323275.2343320186 -1428123.9972296704 0.0000000000 3.0000000000 26.0000000000 20.0000000000
323463.1728561758 -1428055.5932010054 0.0000000000 3.0000000000 27.0000000000 20.0000000000
323651.1113803330 -1427987.1891723403 0.0000000000 3.0000000000 28.0000000000 20.0000000000
323839.0499044902 -1427918.7851436753 0.0000000000 3.0000000000 29.0000000000 20.0000000000
324026.9884286474 -1427850.3811150102 0.0000000000 3.0000000000 30.0000000000 20.0000000000
324214.9269528046 -1427781.9770863452 0.0000000000 3.0000000000 31.0000000000 20.0000000000
324402.8654769618 -1427713.5730576802 0.0000000000 3.0000000000 32.0000000000 20.0000000000
324385.7644697956 -1427666.5884266410 0.0000000000 4.0000000000 33.0000000000 200.0000000000
324197.8259456384 -1427734.9924553060 0.0000000000 4.0000000000 34.0000000000 200.0000000000
324009.8874214812 -1427803.3964839710 0.0000000000 4.0000000000 35.0000000000 200.0000000000
323821.9488973240 -1427871.8005126361 0.0000000000 4.0000000000 36.0000000000 200.0000000000
323634.0103731668 -1427940.2045413011 0.0000000000 4.0000000000 37.0000000000 200.0000000000
323446.0718490096 -1428008.6085699662 0.0000000000 4.0000000000 38.0000000000 200.0000000000
323258.1333248524 -1428077.0125986312 0.0000000000 4.0000000000 39.0000000000 200.0000000000
323070.1948006952 -1428145.4166272962 0.0000000000 4.0000000000 40.0000000000 200.0000000000
322882.2562765380 -1428213.8206559613 0.0000000000 4.0000000000 41.0000000000 200.0000000000
322694.3177523808 -1428282.2246846263 0.0000000000 4.0000000000 42.0000000000 200.0000000000
322677.2167452145 -1428235.2400535871 0.0000000000 5.0000000000 43.0000000000 20.0000000000
322865.1552693716 -1428166.8360249221 0.0000000000 5.0000000000 44.0000000000 20.0000000000
323053.0937935288 -1428098.4319962570 0.0000000000 5.0000000000 45.0000000000 20.0000000000
323241.0323176860 -1428030.0279675920 0.0000000000 5.0000000000 46.0000000000 20.0000000000
323428.9708418432 -1427961.6239389270 0.0000000000 5.0000000000 47.0000000000 20.0000000000
323616.9093660004 -1427893.2199102619 0.0000000000 5.0000000000 48.0000000000 20.0000000000
323804.8478901576 -1427824.8158815969 0.0000000000 5.0000000000 49.0000000000 20.0000000000
323992.7864143148 -1427756.4118529318 0.0000000000 5.0000000000 50.0000000000 20.0000000000
324180.7249384720 -1427688.0078242668 0.0000000000 5.0000000000 51.0000000000 20.0000000000
323975.6854071486 -1427709.4272218926 0.0000000000 6.0000000000 52.0000000000 200.0000000000
323787.7468829914 -1427777.8312505577 0.0000000000 6.0000000000 53.0000000000 200.0000000000
323599.8083588342 -1427846.2352792227 0.0000000000 6.0000000000 54.0000000000 200.0000000000
323411.8698346770 -1427914.6393078878 0.0000000000 6.0000000000 55.0000000000 200.0000000000
323223.9313105198 -1427983.0433365528 0.0000000000 6.0000000000 56.0000000000 200.0000000000
323035.9927863626 -1428051.4473652178 0.0000000000 6.0000000000 57.0000000000 200.0000000000
322848.0542622054 -1428119.8513938829 0.0000000000 6.0000000000 58.0000000000 200.0000000000
322660.1157380482 -1428188.2554225479 0.0000000000 6.0000000000 59.0000000000 200.0000000000
322643.0147308820 -1428141.2707915087 0.0000000000 7.0000000000 60.0000000000 20.0000000000
322830.9532550392 -1428072.8667628437 0.0000000000 7.0000000000 61.0000000000 20.0000000000
323018.8917791964 -1428004.4627341786 0.0000000000 7.0000000000 62.0000000000 20.0000000000
323206.8303033536 -1427936.0587055136 0.0000000000 7.0000000000 63.0000000000 20.0000000000
323394.7688275108 -1427867.6546768486 0.0000000000 7.0000000000 64.0000000000 20.0000000000
323582.7073516680 -1427799.2506481835 0.0000000000 7.0000000000 65.0000000000 20.0000000000
323770.6458758252 -1427730.8466195185 0.0000000000 7.0000000000 66.0000000000 20.0000000000
323958.5843999824 -1427662.4425908534 0.0000000000 7.0000000000 67.0000000000 20.0000000000
323753.5448686590 -1427683.8619884793 0.0000000000 8.0000000000 68.0000000000 200.0000000000
323565.6063445018 -1427752.2660171443 0.0000000000 8.0000000000 69.0000000000 200.0000000000
323377.6678203446 -1427820.6700458094 0.0000000000 8.0000000000 70.0000000000 200.0000000000
323189.7292961874 -1427889.0740744744 0.0000000000 8.0000000000 71.0000000000 200.0000000000
323001.7907720302 -1427957.4781031394 0.0000000000 8.0000000000 72.0000000000 200.0000000000
322813.8522478730 -1428025.8821318045 0.0000000000 8.0000000000 73.0000000000 200.0000000000
322625.9137237158 -1428094.2861604695 0.0000000000 8.0000000000 74.0000000000 200.0000000000
322608.8127165496 -1428047.3015294303 0.0000000000 9.0000000000 75.0000000000 20.0000000000
322796.7512407068 -1427978.8975007653 0.0000000000 9.0000000000 76.0000000000 20.0000000000
322984.6897648640 -1427910.4934721002 0.0000000000 9.0000000000 77.0000000000 20.0000000000
323172.6282890212 -1427842.0894434352 0.0000000000 9.0000000000 78.0000000000 20.0000000000
323360.5668131784 -1427773.6854147702 0.0000000000 9.0000000000 79.0000000000 20.0000000000
323548.5053373356 -1427705.2813861051 0.0000000000 9.0000000000 80.0000000000 20.0000000000
323531.4043301694 -1427658.2967550659 0.0000000000 10.0000000000 81.0000000000 200.0000000000
323343.4658060122 -1427726.7007837310 0.0000000000 10.0000000000 82.0000000000 200.0000000000
323155.5272818550 -1427795.1048123960 0.0000000000 10.0000000000 83.0000000000 200.0000000000
322967.5887576978 -1427863.5088410610 0.0000000000 10.0000000000 84.0000000000 200.0000000000
322779.6502335406 -1427931.9128697261 0.0000000000 10.0000000000 85.0000000000 200.0000000000
322762.5492263744 -1427884.9282386869 0.0000000000 11.0000000000 86.0000000000 20.0000000000
322950.4877505316 -1427816.5242100218 0.0000000000 11.0000000000 87.0000000000 20.0000000000
323138.4262746888 -1427748.1201813568 0.0000000000 11.0000000000 88.0000000000 20.0000000000
323326.3647988460 -1427679.7161526917 0.0000000000 11.0000000000 89.0000000000 20.0000000000
323121.3252675226 -1427701.1355503176 0.0000000000 12.0000000000 90.0000000000 200.0000000000
322933.3867433654 -1427769.5395789826 0.0000000000 12.0000000000 91.0000000000 200.0000000000
322745.4482192082 -1427837.9436076477 0.0000000000 12.0000000000 92.0000000000 200.0000000000
322728.3472120420 -1427790.9589766085 0.0000000000 13.0000000000 93.0000000000 20.0000000000
322916.2857361992 -1427722.5549479434 0.0000000000 13.0000000000 94.0000000000 20.0000000000
323104.2242603564 -1427654.1509192784 0.0000000000 13.0000000000 95.0000000000 20.0000000000
322899.1847290330 -1427675.5703169042 0.0000000000 14.0000000000 96.0000000000 200.0000000000
322711.2462048758 -1427743.9743455693 0.0000000000 14.0000000000 97.0000000000 200.0000000000
322694.1451977094 -1427696.9897145301 0.0000000000 15.0000000000 98.0000000000 20.0000000000
322882.0837218666 -1427628.5856858650 0.0000000000 15.0000000000 99.0000000000 20.0000000000
322677.0441905432 -1427650.0050834909 0.0000000000 16.0000000000 100.0000000000 200.0000000000
