66.0750080000 29.9407688000 1198.8555908000 152.7032318000 0.0000000000 1.0000000000
66.0750805000 29.9382932000 1206.4694824000 152.7032318000 1.0000000000 1.0000000000
66.0751596000 29.9355893000 1209.3526611000 152.7032318000 2.0000000000 1.0000000000
66.0752026000 29.9341205000 1203.6827393000 152.7032318000 3.0000000000 1.0000000000
66.0752456000 29.9326516000 1207.7979736000 152.7032318000 4.0000000000 1.0000000000
66.0766156000 29.9212160000 1245.2028809000 152.7032318000 5.0000000000 2.0000000000
66.0765632000 29.9230064000 1240.3159180000 152.7032318000 6.0000000000 2.0000000000
66.0765108000 29.9247968000 1227.6727295000 152.7032318000 7.0000000000 2.0000000000
66.0764318000 29.9275007000 1219.9025879000 152.7032318000 8.0000000000 2.0000000000
66.0763527000 29.9302046000 1214.2872314000 152.7032318000 9.0000000000 2.0000000000
66.0762735000 29.9329084000 1210.2469482000 152.7032318000 10.0000000000 2.0000000000
66.0761944000 29.9356123000 1217.3125000000 152.7032318000 11.0000000000 2.0000000000
66.0761153000 29.9383162000 1212.4373779000 152.7032318000 12.0000000000 2.0000000000
66.0760585000 29.9402582000 1203.7329102000 152.7032318000 13.0000000000 2.0000000000
66.0771089000 29.9397475000 1212.2111816000 152.7032318000 14.0000000000 3.0000000000
66.0771501000 29.9383391000 1218.3221436000 152.7032318000 15.0000000000 3.0000000000
66.0772292000 29.9356353000 1224.4144287000 152.7032318000 16.0000000000 3.0000000000
66.0773083000 29.9329314000 1214.1368408000 152.7032318000 17.0000000000 3.0000000000
66.0773874000 29.9302275000 1217.1352539000 152.7032318000 18.0000000000 3.0000000000
66.0774665000 29.9275236000 1225.2239990000 152.7032318000 19.0000000000 3.0000000000
66.0775455000 29.9248198000 1231.9571533000 152.7032318000 20.0000000000 3.0000000000
66.0776246000 29.9221159000 1249.1936035000 152.7032318000 21.0000000000 3.0000000000
66.0776637000 29.9207790000 1251.1356201000 152.7032318000 22.0000000000 3.0000000000
66.0787118000 29.9203420000 1254.7767334000 152.7032318000 23.0000000000 4.0000000000
66.0786593000 29.9221388000 1248.0493164000 152.7032318000 24.0000000000 4.0000000000
66.0785802000 29.9248427000 1238.7675781000 152.7032318000 25.0000000000 4.0000000000
66.0785012000 29.9275466000 1233.1927490000 152.7032318000 26.0000000000 4.0000000000
66.0784222000 29.9302505000 1220.0595703000 152.7032318000 27.0000000000 4.0000000000
66.0783431000 29.9329544000 1217.0891113000 152.7032318000 28.0000000000 4.0000000000
66.0782640000 29.9356582000 1231.0665283000 152.7032318000 29.0000000000 4.0000000000
66.0782117000 29.9374475000 1226.7176514000 152.7032318000 30.0000000000 4.0000000000
66.0781594000 29.9392368000 1220.4846191000 152.7032318000 31.0000000000 4.0000000000
66.0748163000 29.9234592000 30.0000000000 10.0000000000 32.0000000000 1.0000000000
66.0763960000 29.9234942000 30.0000000000 10.0000000000 33.0000000000 1.0000000000
66.0779758000 29.9235293000 30.0000000000 10.0000000000 34.0000000000 1.0000000000
66.0808252000 29.9235925000 30.0000000000 10.0000000000 35.0000000000 1.0000000000
66.0806677000 29.9262946000 30.0000000000 10.0000000000 36.0000000000 2.0000000000
66.0778967000 29.9262332000 30.0000000000 10.0000000000 37.0000000000 2.0000000000
66.0762718000 29.9261971000 30.0000000000 10.0000000000 38.0000000000 2.0000000000
66.0746468000 29.9261610000 30.0000000000 10.0000000000 39.0000000000 2.0000000000
66.0744773000 29.9288629000 30.0000000000 10.0000000000 40.0000000000 3.0000000000
66.0761475000 29.9289000000 30.0000000000 10.0000000000 41.0000000000 3.0000000000
66.0778177000 29.9289371000 30.0000000000 10.0000000000 42.0000000000 3.0000000000
66.0805101000 29.9289967000 30.0000000000 10.0000000000 43.0000000000 3.0000000000
66.0803524000 29.9316989000 30.0000000000 10.0000000000 44.0000000000 4.0000000000
66.0777386000 29.9316409000 30.0000000000 10.0000000000 45.0000000000 4.0000000000
66.0760232000 29.9316029000 30.0000000000 10.0000000000 46.0000000000 4.0000000000
66.0743078000 29.9315648000 30.0000000000 10.0000000000 47.0000000000 4.0000000000
