31.4143823000 -12.8902974000 0.0000000000 0.0000000000 0.0000000000 1.0000000000
31.4139531000 -12.8902204000 0.0000000000 0.0000000000 1.0000000000 1.0000000000
31.4135239000 -12.8901435000 0.0000000000 0.0000000000 2.0000000000 1.0000000000
31.4127515000 -12.8895456000 0.0000000000 0.0000000000 3.0000000000 2.0000000000
31.4131551000 -12.8896180000 0.0000000000 0.0000000000 4.0000000000 2.0000000000
31.4135587000 -12.8896903000 0.0000000000 0.0000000000 5.0000000000 2.0000000000
31.4140119000 -12.8897715000 0.0000000000 0.0000000000 6.0000000000 2.0000000000
31.4144651000 -12.8898528000 0.0000000000 0.0000000000 7.0000000000 2.0000000000
31.4149183000 -12.8899340000 0.0000000000 0.0000000000 8.0000000000 2.0000000000
31.4152601000 -12.8899952000 0.0000000000 0.0000000000 9.0000000000 2.0000000000
31.4156018000 -12.8900565000 0.0000000000 0.0000000000 10.0000000000 2.0000000000
