QGC WPL 110
2.0 1 0 22 0 0 0 0 -12.8902204 31.4139531 0.0 1
3.0 0 0 16 0 0 0 0 -12.8901435 31.4135239 0.0 1
4.0 0 0 16 0 0 0 0 -12.8895456 31.4127515 0.0 1
5.0 0 0 16 0 0 0 0 -12.889618 31.4131551 0.0 1
6.0 0 0 16 0 0 0 0 -12.8896903 31.4135587 0.0 1
7.0 0 0 16 0 0 0 0 -12.8897715 31.4140119 0.0 1
8.0 0 0 16 0 0 0 0 -12.8898528 31.4144651 0.0 1
9.0 0 0 16 0 0 0 0 -12.889934 31.4149183 0.0 1
10.0 0 0 16 0 0 0 0 -12.8899952 31.4152601 0.0 1
11.0 0 0 16 0 0 0 0 -12.8900565 31.4156018 0.0 1
11.0 0 0 20 0 0 0 0 -12.8900565 31.4156018 0.0 1
