327958.3389009926 -1425535.3411588725 0.0000000000 1.0000000000 0.0000000000 170.0000000000 1.0000000000
327911.7057702614 -1425527.1184797296 0.0000000000 1.0000000000 1.0000000000 170.0000000000 1.0000000000
327865.0726395302 -1425518.8958005868 0.0000000000 1.0000000000 2.0000000000 170.0000000000 1.0000000000
327780.8421499254 -1425453.2723620771 0.0000000000 2.0000000000 3.0000000000 -170.0000000000 1.0000000000
327824.6913422501 -1425461.0041577662 0.0000000000 2.0000000000 4.0000000000 -170.0000000000 1.0000000000
327868.5405345748 -1425468.7359534553 0.0000000000 2.0000000000 5.0000000000 -10.0000000000 1.0000000000
327917.7809222254 -1425477.4183623388 0.0000000000 2.0000000000 6.0000000000 -10.0000000000 1.0000000000
327967.0213098760 -1425486.1007712218 0.0000000000 2.0000000000 7.0000000000 -10.0000000000 1.0000000000
328016.2616975266 -1425494.7831801050 0.0000000000 2.0000000000 8.0000000000 -10.0000000000 1.0000000000
328053.3922652495 -1425501.3303010038 0.0000000000 2.0000000000 9.0000000000 -10.0000000000 1.0000000000
328090.5228329724 -1425507.8774219018 0.0000000000 2.0000000000 10.0000000000 -10.0000000000 1.0000000000
