327951.0519358938 -1425225.5365174592 0.0000000000 1.0000000000 0.0000000000 -10.0000000000 1.0000000000
327998.9356067012 -1425233.9797005579 0.0000000000 1.0000000000 1.0000000000 -10.0000000000 1.0000000000
328046.8192775086 -1425242.4228836566 0.0000000000 1.0000000000 2.0000000000 -10.0000000000 1.0000000000
328096.0596651592 -1425251.1052925396 0.0000000000 1.0000000000 3.0000000000 -10.0000000000 1.0000000000
328134.0012175423 -1425257.7954119146 0.0000000000 1.0000000000 4.0000000000 -10.0000000000 1.0000000000
328171.9427699253 -1425264.4855312896 0.0000000000 1.0000000000 5.0000000000 -10.0000000000 1.0000000000
328181.2663767710 -1425215.3582041401 0.0000000000 2.0000000000 6.0000000000 170.0000000000 1.0000000000
328143.0042254068 -1425208.6115545146 0.0000000000 2.0000000000 7.0000000000 170.0000000000 1.0000000000
328104.7420740426 -1425201.8649048891 0.0000000000 2.0000000000 8.0000000000 170.0000000000 1.0000000000
328055.5016863920 -1425193.1824960059 0.0000000000 2.0000000000 9.0000000000 170.0000000000 1.0000000000
328008.7728173077 -1425184.9429356083 0.0000000000 2.0000000000 10.0000000000 170.0000000000 1.0000000000
327962.0439482235 -1425176.7033752108 0.0000000000 2.0000000000 11.0000000000 170.0000000000 1.0000000000
