31.4143328 -12.8874966 709.0075073 152.7032318 0.0000000 1.0000000
31.4147735 -12.8875755 708.1356201 152.7032318 1.0000000 1.0000000
31.4152142 -12.8876545 707.2636719 152.7032318 2.0000000 1.0000000
31.4156674 -12.8877358 706.7008667 152.7032318 3.0000000 1.0000000
31.4160166 -12.8877984 706.3735352 152.7032318 4.0000000 1.0000000
31.4163658 -12.8878609 705.4013062 152.7032318 5.0000000 1.0000000
31.4164545 -12.8874174 706.2818604 152.7032318 6.0000000 2.0000000
31.4161024 -12.8873543 707.3995361 152.7032318 7.0000000 2.0000000
31.4157502 -12.8872912 707.7816772 152.7032318 8.0000000 2.0000000
31.4152970 -12.8872099 708.4381104 152.7032318 9.0000000 2.0000000
31.4148669 -12.8871328 709.2890015 152.7032318 10.0000000 2.0000000
31.4144368 -12.8870557 710.1398926 152.7032318 11.0000000 2.0000000
