341807.3853465432 4577448.7425358417 0.0000000000 4.0000000000 0.0000000000 -250.0000000000 2.0000000000
341829.9070454588 4577510.6203950606 0.0000000000 4.0000000000 1.0000000000 -250.0000000000 2.0000000000
341852.4287443744 4577572.4982542796 0.0000000000 4.0000000000 2.0000000000 430.0000000000 2.0000000000
341886.6307587070 4577666.4675163571 0.0000000000 4.0000000000 3.0000000000 430.0000000000 2.0000000000
341920.8327730396 4577760.4367784364 0.0000000000 4.0000000000 4.0000000000 430.0000000000 2.0000000000
341955.0347873722 4577854.4060405139 0.0000000000 4.0000000000 5.0000000000 430.0000000000 2.0000000000
341989.2368017048 4577948.3753025923 0.0000000000 4.0000000000 6.0000000000 430.0000000000 2.0000000000
342014.6219327138 4578018.1203768309 0.0000000000 4.0000000000 7.0000000000 70.0000000000 2.0000000000
342040.0070637229 4578087.8654510677 0.0000000000 4.0000000000 8.0000000000 70.0000000000 2.0000000000
342172.5814904482 4578159.7302548746 0.0000000000 5.0000000000 9.0000000000 -70.0000000000 2.0000000000
342151.6100924486 4578102.1118124165 0.0000000000 5.0000000000 10.0000000000 250.0000000000 2.0000000000
342117.4080781160 4578008.1425503371 0.0000000000 5.0000000000 11.0000000000 250.0000000000 2.0000000000
342083.2060637834 4577914.1732882597 0.0000000000 5.0000000000 12.0000000000 250.0000000000 2.0000000000
342049.0040494508 4577820.2040261803 0.0000000000 5.0000000000 13.0000000000 250.0000000000 2.0000000000
342014.8020351182 4577726.2347641028 0.0000000000 5.0000000000 14.0000000000 250.0000000000 2.0000000000
341980.6000207856 4577632.2655020235 0.0000000000 5.0000000000 15.0000000000 250.0000000000 2.0000000000
341946.3980064530 4577538.2962399460 0.0000000000 5.0000000000 16.0000000000 250.0000000000 2.0000000000
341912.1959921204 4577444.3269778686 0.0000000000 5.0000000000 17.0000000000 250.0000000000 2.0000000000
341884.5703984759 4577368.4262831314 0.0000000000 5.0000000000 18.0000000000 250.0000000000 2.0000000000
341961.7554504085 4577288.1100304173 0.0000000000 6.0000000000 19.0000000000 -250.0000000000 2.0000000000
341983.9603523038 4577349.1174969766 0.0000000000 6.0000000000 20.0000000000 -250.0000000000 2.0000000000
342006.1652541990 4577410.1249635350 0.0000000000 6.0000000000 21.0000000000 430.0000000000 2.0000000000
342040.3672685316 4577504.0942256125 0.0000000000 6.0000000000 22.0000000000 430.0000000000 2.0000000000
342074.5692828642 4577598.0634876918 0.0000000000 6.0000000000 23.0000000000 430.0000000000 2.0000000000
342108.7712971968 4577692.0327497683 0.0000000000 6.0000000000 24.0000000000 430.0000000000 2.0000000000
342142.9733115294 4577786.0020118486 0.0000000000 6.0000000000 25.0000000000 430.0000000000 2.0000000000
342177.1753258620 4577879.9712739279 0.0000000000 6.0000000000 26.0000000000 430.0000000000 2.0000000000
342211.3773401946 4577973.9405360054 0.0000000000 6.0000000000 27.0000000000 430.0000000000 2.0000000000
342245.5793545272 4578067.9097980838 0.0000000000 6.0000000000 28.0000000000 430.0000000000 2.0000000000
342279.7813688598 4578161.8790601622 0.0000000000 6.0000000000 29.0000000000 430.0000000000 2.0000000000
342305.1559171740 4578231.5950586833 0.0000000000 6.0000000000 30.0000000000 70.0000000000 2.0000000000
342437.7303438992 4578303.4598624920 0.0000000000 7.0000000000 31.0000000000 -70.0000000000 2.0000000000
342407.9526452710 4578221.6463079080 0.0000000000 7.0000000000 32.0000000000 250.0000000000 2.0000000000
342373.7506309384 4578127.6770458296 0.0000000000 7.0000000000 33.0000000000 250.0000000000 2.0000000000
342339.5486166058 4578033.7077837512 0.0000000000 7.0000000000 34.0000000000 250.0000000000 2.0000000000
342305.3466022732 4577939.7385216728 0.0000000000 7.0000000000 35.0000000000 250.0000000000 2.0000000000
342271.1445879406 4577845.7692595934 0.0000000000 7.0000000000 36.0000000000 250.0000000000 2.0000000000
342236.9425736080 4577751.7999975160 0.0000000000 7.0000000000 37.0000000000 250.0000000000 2.0000000000
342202.7405592754 4577657.8307354376 0.0000000000 7.0000000000 38.0000000000 250.0000000000 2.0000000000
342168.5385449428 4577563.8614733592 0.0000000000 7.0000000000 39.0000000000 250.0000000000 2.0000000000
342134.3365306102 4577469.8922112808 0.0000000000 7.0000000000 40.0000000000 250.0000000000 2.0000000000
342100.1345162776 4577375.9229492014 0.0000000000 7.0000000000 41.0000000000 250.0000000000 2.0000000000
342065.9325019450 4577281.9536871240 0.0000000000 7.0000000000 42.0000000000 250.0000000000 2.0000000000
342038.9405023410 4577207.7937777052 0.0000000000 7.0000000000 43.0000000000 250.0000000000 2.0000000000
342116.1255542736 4577127.4775249939 0.0000000000 8.0000000000 44.0000000000 -250.0000000000 2.0000000000
342138.0136591486 4577187.6145988926 0.0000000000 8.0000000000 45.0000000000 -250.0000000000 2.0000000000
342159.9017640236 4577247.7516727913 0.0000000000 8.0000000000 46.0000000000 430.0000000000 2.0000000000
342194.1037783562 4577341.7209348697 0.0000000000 8.0000000000 47.0000000000 430.0000000000 2.0000000000
342228.3057926888 4577435.6901969481 0.0000000000 8.0000000000 48.0000000000 430.0000000000 2.0000000000
342262.5078070214 4577529.6594590265 0.0000000000 8.0000000000 49.0000000000 430.0000000000 2.0000000000
342296.7098213540 4577623.6287211049 0.0000000000 8.0000000000 50.0000000000 430.0000000000 2.0000000000
342330.9118356866 4577717.5979831833 0.0000000000 8.0000000000 51.0000000000 430.0000000000 2.0000000000
342365.1138500192 4577811.5672452617 0.0000000000 8.0000000000 52.0000000000 430.0000000000 2.0000000000
342399.3158643518 4577905.5365073401 0.0000000000 8.0000000000 53.0000000000 430.0000000000 2.0000000000
342433.5178786844 4577999.5057694186 0.0000000000 8.0000000000 54.0000000000 430.0000000000 2.0000000000
342467.7198930170 4578093.4750314970 0.0000000000 8.0000000000 55.0000000000 430.0000000000 2.0000000000
342501.9219073496 4578187.4442935763 0.0000000000 8.0000000000 56.0000000000 430.0000000000 2.0000000000
342536.1239216822 4578281.4135556538 0.0000000000 8.0000000000 57.0000000000 430.0000000000 2.0000000000
342570.3047706250 4578375.3246663017 0.0000000000 8.0000000000 58.0000000000 70.0000000000 2.0000000000
