31.3910001 -12.8562584 780.6925659 152.7032318 0.0000000 1.0000000
31.3927066 -12.8565644 776.3855591 152.7032318 1.0000000 1.0000000
31.3944132 -12.8568705 768.0440063 152.7032318 2.0000000 1.0000000
31.3961197 -12.8571765 766.0000000 152.7032318 3.0000000 1.0000000
31.3979323 -12.8575015 765.1257324 152.7032318 4.0000000 1.0000000
31.3994596 -12.8577754 761.3353882 152.7032318 5.0000000 1.0000000
31.4009870 -12.8580492 758.2175293 152.7032318 6.0000000 1.0000000
31.4025144 -12.8583231 757.8028564 152.7032318 7.0000000 1.0000000
31.4029180 -12.8565576 771.0325317 152.7032318 8.0000000 2.0000000
31.4013665 -12.8562795 766.5411377 152.7032318 9.0000000 2.0000000
31.3998150 -12.8560013 766.0725098 152.7032318 10.0000000 2.0000000
31.3982635 -12.8557231 764.4960327 152.7032318 11.0000000 2.0000000
31.3964510 -12.8553981 771.5250854 152.7032318 12.0000000 2.0000000
31.3948887 -12.8551179 775.3858032 152.7032318 13.0000000 2.0000000
31.3933265 -12.8548378 775.3961182 152.7032318 14.0000000 2.0000000
31.3917643 -12.8545576 779.7335815 152.7032318 15.0000000 2.0000000
