326026.1815475480 -1422393.6639695163 0.0000000000 1.0000000000 0.0000000000 80.0000000000 1.0000000000
326054.6055500102 -1422232.4634411121 0.0000000000 1.0000000000 1.0000000000 80.0000000000 1.0000000000
326083.0295524723 -1422071.2629127079 0.0000000000 1.0000000000 2.0000000000 80.0000000000 1.0000000000
326111.4535549344 -1421910.0623843037 0.0000000000 1.0000000000 3.0000000000 80.0000000000 1.0000000000
326146.1831904678 -1421713.1008337012 0.0000000000 1.0000000000 4.0000000000 80.0000000000 1.0000000000
326171.9144134561 -1421567.1718165714 0.0000000000 1.0000000000 5.0000000000 80.0000000000 1.0000000000
326197.6456364444 -1421421.2427994416 0.0000000000 1.0000000000 6.0000000000 80.0000000000 1.0000000000
326223.3768594327 -1421275.3137823117 0.0000000000 1.0000000000 7.0000000000 80.0000000000 1.0000000000
326021.9390586260 -1421265.9702231809 0.0000000000 2.0000000000 8.0000000000 260.0000000000 1.0000000000
325997.6999190391 -1421403.4372148432 0.0000000000 2.0000000000 9.0000000000 260.0000000000 1.0000000000
325973.4607794522 -1421540.9042065055 0.0000000000 2.0000000000 10.0000000000 260.0000000000 1.0000000000
325949.2216398654 -1421678.3711981678 0.0000000000 2.0000000000 11.0000000000 260.0000000000 1.0000000000
325914.4920043320 -1421875.3327487702 0.0000000000 2.0000000000 12.0000000000 260.0000000000 1.0000000000
325887.8436840136 -1422026.4628833153 0.0000000000 2.0000000000 13.0000000000 260.0000000000 1.0000000000
325861.1953636953 -1422177.5930178603 0.0000000000 2.0000000000 14.0000000000 260.0000000000 1.0000000000
325834.5470433769 -1422328.7231524053 0.0000000000 2.0000000000 15.0000000000 260.0000000000 1.0000000000
