31.3967601 -12.8617905 779.4042358 152.7032318 0.0000000 1.0000000
31.3970312 -12.8603350 781.3837891 152.7032318 1.0000000 1.0000000
31.3973023 -12.8588795 774.2043457 152.7032318 2.0000000 1.0000000
31.3975734 -12.8574239 765.0180054 152.7032318 3.0000000 1.0000000
31.3979046 -12.8556455 765.7738647 152.7032318 4.0000000 1.0000000
31.3981501 -12.8543279 771.1074219 152.7032318 5.0000000 1.0000000
31.3983955 -12.8530102 778.8786011 152.7032318 6.0000000 1.0000000
31.3986409 -12.8516926 781.0054932 152.7032318 7.0000000 1.0000000
31.3967857 -12.8515968 774.2833252 152.7032318 8.0000000 2.0000000
31.3965545 -12.8528380 769.3814697 152.7032318 9.0000000 2.0000000
31.3963233 -12.8540793 770.9866333 152.7032318 10.0000000 2.0000000
31.3960921 -12.8553205 772.1140137 152.7032318 11.0000000 2.0000000
31.3957608 -12.8570989 766.0000000 152.7032318 12.0000000 2.0000000
31.3955067 -12.8584635 773.9378662 152.7032318 13.0000000 2.0000000
31.3952525 -12.8598281 786.8321533 152.7032318 14.0000000 2.0000000
31.3949983 -12.8611927 785.5617065 152.7032318 15.0000000 2.0000000
