325397.1703289136 -1421785.5754123100 0.0000000000 1.0000000000 0.0000000000 -10.0000000000 1.0000000000
325582.6124366433 -1421818.2738592622 0.0000000000 1.0000000000 1.0000000000 -10.0000000000 1.0000000000
325768.0545443731 -1421850.9723062145 0.0000000000 1.0000000000 2.0000000000 -10.0000000000 1.0000000000
325953.4966521028 -1421883.6707531668 0.0000000000 1.0000000000 3.0000000000 -10.0000000000 1.0000000000
326150.4582027052 -1421918.4003887004 0.0000000000 1.0000000000 4.0000000000 -10.0000000000 1.0000000000
326316.4314547150 -1421947.6659511058 0.0000000000 1.0000000000 5.0000000000 -10.0000000000 1.0000000000
326482.4047067249 -1421976.9315135111 0.0000000000 1.0000000000 6.0000000000 -10.0000000000 1.0000000000
326648.3779587347 -1422006.1970759165 0.0000000000 1.0000000000 7.0000000000 -10.0000000000 1.0000000000
326690.9679939172 -1421810.6215258508 0.0000000000 2.0000000000 8.0000000000 170.0000000000 1.0000000000
326522.3746086910 -1421780.8939632664 0.0000000000 2.0000000000 9.0000000000 170.0000000000 1.0000000000
326353.7812234648 -1421751.1664006819 0.0000000000 2.0000000000 10.0000000000 170.0000000000 1.0000000000
326185.1878382386 -1421721.4388380975 0.0000000000 2.0000000000 11.0000000000 170.0000000000 1.0000000000
325988.2262876362 -1421686.7092025643 0.0000000000 2.0000000000 12.0000000000 170.0000000000 1.0000000000
325818.4673638219 -1421656.7761240797 0.0000000000 2.0000000000 13.0000000000 170.0000000000 1.0000000000
325648.7084400075 -1421626.8430455951 0.0000000000 2.0000000000 14.0000000000 170.0000000000 1.0000000000
325478.9495161932 -1421596.9099671105 0.0000000000 2.0000000000 15.0000000000 170.0000000000 1.0000000000
