342409.6629398246 4578817.6253746478 0.0000000000 10.0000000000 0.0000000000 -480.0000000000 1.0000000000
342454.0959403822 4578740.6651601484 0.0000000000 10.0000000000 1.0000000000 -480.0000000000 1.0000000000
342498.5289409398 4578663.7049456509 0.0000000000 10.0000000000 2.0000000000 300.0000000000 1.0000000000
342548.5289409398 4578577.1024052715 0.0000000000 10.0000000000 3.0000000000 300.0000000000 1.0000000000
342598.5289409398 4578490.4998648940 0.0000000000 10.0000000000 4.0000000000 300.0000000000 1.0000000000
342648.5289409398 4578403.8973245164 0.0000000000 10.0000000000 5.0000000000 300.0000000000 1.0000000000
342698.5289409398 4578317.2947841370 0.0000000000 10.0000000000 6.0000000000 300.0000000000 1.0000000000
342748.5289409398 4578230.6922437605 0.0000000000 10.0000000000 7.0000000000 300.0000000000 1.0000000000
342798.5289409398 4578144.0897033801 0.0000000000 10.0000000000 8.0000000000 300.0000000000 1.0000000000
342834.1238390281 4578082.4375314005 0.0000000000 10.0000000000 9.0000000000 300.0000000000 1.0000000000
342869.7187371164 4578020.7853594208 0.0000000000 10.0000000000 10.0000000000 300.0000000000 1.0000000000
