324304.0648914438 -1428340.2061271777 0.0000000000 1.0000000000 0.0000000000 110.0000000000 1.0000000000
324246.3771317060 -1428181.7103099190 0.0000000000 1.0000000000 1.0000000000 110.0000000000 1.0000000000
324177.9731030408 -1427993.7717857619 0.0000000000 1.0000000000 2.0000000000 110.0000000000 1.0000000000
324109.5690743756 -1427805.8332616047 0.0000000000 1.0000000000 3.0000000000 110.0000000000 1.0000000000
324052.0202690000 -1427647.7192183186 0.0000000000 1.0000000000 4.0000000000 110.0000000000 1.0000000000
323620.1514899185 -1427630.6912596899 0.0000000000 2.0000000000 5.0000000000 290.0000000000 1.0000000000
323665.2879973960 -1427754.7027947775 0.0000000000 2.0000000000 6.0000000000 290.0000000000 1.0000000000
323733.6920260612 -1427942.6413189350 0.0000000000 2.0000000000 7.0000000000 290.0000000000 1.0000000000
323802.0960547264 -1428130.5798430922 0.0000000000 2.0000000000 8.0000000000 290.0000000000 1.0000000000
323837.4048948633 -1428227.5900840752 0.0000000000 2.0000000000 9.0000000000 290.0000000000 1.0000000000
323872.7137350001 -1428324.6003250582 0.0000000000 2.0000000000 10.0000000000 290.0000000000 1.0000000000
