31.3805490 -12.9154448 70.0000000 10.0000000 0.0000000 1.0000000
31.3800266 -12.9140089 70.0000000 10.0000000 1.0000000 1.0000000
31.3794073 -12.9123062 70.0000000 10.0000000 2.0000000 1.0000000
31.3787879 -12.9106034 70.0000000 10.0000000 3.0000000 1.0000000
31.3782668 -12.9091709 70.0000000 10.0000000 4.0000000 1.0000000
31.3742884 -12.9089923 70.0000000 10.0000000 5.0000000 2.0000000
31.3746970 -12.9101158 70.0000000 10.0000000 6.0000000 2.0000000
31.3753164 -12.9118186 70.0000000 10.0000000 7.0000000 2.0000000
31.3759357 -12.9135213 70.0000000 10.0000000 8.0000000 2.0000000
31.3762554 -12.9144002 70.0000000 10.0000000 9.0000000 2.0000000
31.3765751 -12.9152791 70.0000000 10.0000000 10.0000000 2.0000000
