323231.6530096766 -1428246.2773110205 0.0000000000 1.0000000000 0.0000000000 20.0000000000 1.0000000000
323364.5139400924 -1428197.9198870522 0.0000000000 1.0000000000 1.0000000000 20.0000000000 1.0000000000
323497.3748705082 -1428149.5624630838 0.0000000000 1.0000000000 2.0000000000 20.0000000000 1.0000000000
323685.3133946654 -1428081.1584344187 0.0000000000 1.0000000000 3.0000000000 20.0000000000 1.0000000000
323873.2519188226 -1428012.7544057537 0.0000000000 1.0000000000 4.0000000000 20.0000000000 1.0000000000
324061.1904429798 -1427944.3503770886 0.0000000000 1.0000000000 5.0000000000 20.0000000000 1.0000000000
324249.1289671370 -1427875.9463484238 0.0000000000 1.0000000000 6.0000000000 20.0000000000 1.0000000000
324404.5208785507 -1427819.3883180236 0.0000000000 1.0000000000 7.0000000000 20.0000000000 1.0000000000
324390.5704620454 -1427771.2569657632 0.0000000000 2.0000000000 8.0000000000 200.0000000000 1.0000000000
324232.0279599708 -1427828.9617173844 0.0000000000 2.0000000000 9.0000000000 200.0000000000 1.0000000000
324044.0894358136 -1427897.3657460494 0.0000000000 2.0000000000 10.0000000000 200.0000000000 1.0000000000
323856.1509116564 -1427965.7697747145 0.0000000000 2.0000000000 11.0000000000 200.0000000000 1.0000000000
323668.2123874992 -1428034.1738033798 0.0000000000 2.0000000000 12.0000000000 200.0000000000 1.0000000000
323480.2738633420 -1428102.5778320448 0.0000000000 2.0000000000 13.0000000000 200.0000000000 1.0000000000
323345.4268146611 -1428151.6581439434 0.0000000000 2.0000000000 14.0000000000 -160.0000000000 1.0000000000
323210.5797659801 -1428200.7384558420 0.0000000000 2.0000000000 15.0000000000 -160.0000000000 1.0000000000
323257.6374638686 -1428130.4019658933 0.0000000000 3.0000000000 16.0000000000 20.0000000000 1.0000000000
323360.4051600222 -1428092.9975834494 0.0000000000 3.0000000000 17.0000000000 20.0000000000 1.0000000000
323463.1728561758 -1428055.5932010054 0.0000000000 3.0000000000 18.0000000000 20.0000000000 1.0000000000
323651.1113803330 -1427987.1891723403 0.0000000000 3.0000000000 19.0000000000 20.0000000000 1.0000000000
323839.0499044902 -1427918.7851436753 0.0000000000 3.0000000000 20.0000000000 20.0000000000 1.0000000000
324026.9884286474 -1427850.3811150102 0.0000000000 3.0000000000 21.0000000000 20.0000000000 1.0000000000
324214.9269528046 -1427781.9770863452 0.0000000000 3.0000000000 22.0000000000 20.0000000000 1.0000000000
324376.6200455403 -1427723.1256135029 0.0000000000 3.0000000000 23.0000000000 20.0000000000 1.0000000000
324264.2879471971 -1427710.8022650287 0.0000000000 4.0000000000 24.0000000000 200.0000000000 1.0000000000
324137.0876843391 -1427757.0993744999 0.0000000000 4.0000000000 25.0000000000 200.0000000000 1.0000000000
324009.8874214812 -1427803.3964839710 0.0000000000 4.0000000000 26.0000000000 200.0000000000 1.0000000000
323821.9488973240 -1427871.8005126358 0.0000000000 4.0000000000 27.0000000000 200.0000000000 1.0000000000
323634.0103731668 -1427940.2045413014 0.0000000000 4.0000000000 28.0000000000 200.0000000000 1.0000000000
323446.0718490096 -1428008.6085699662 0.0000000000 4.0000000000 29.0000000000 200.0000000000 1.0000000000
323304.6951617573 -1428060.0654759451 0.0000000000 4.0000000000 30.0000000000 -160.0000000000 1.0000000000
323351.7528596458 -1427989.7289859971 0.0000000000 5.0000000000 31.0000000000 20.0000000000 1.0000000000
323484.3311128231 -1427941.4744481295 0.0000000000 5.0000000000 32.0000000000 20.0000000000 1.0000000000
323616.9093660004 -1427893.2199102619 0.0000000000 5.0000000000 33.0000000000 20.0000000000 1.0000000000
323804.8478901576 -1427824.8158815969 0.0000000000 5.0000000000 34.0000000000 20.0000000000 1.0000000000
323992.7864143148 -1427756.4118529318 0.0000000000 5.0000000000 35.0000000000 20.0000000000 1.0000000000
324132.3864863063 -1427705.6015820254 0.0000000000 5.0000000000 36.0000000000 20.0000000000 1.0000000000
324000.4850254155 -1427700.4008990221 0.0000000000 6.0000000000 37.0000000000 200.0000000000 1.0000000000
323894.1159542035 -1427739.1160747898 0.0000000000 6.0000000000 38.0000000000 200.0000000000 1.0000000000
323787.7468829914 -1427777.8312505574 0.0000000000 6.0000000000 39.0000000000 200.0000000000 1.0000000000
323599.8083588342 -1427846.2352792227 0.0000000000 6.0000000000 40.0000000000 200.0000000000 1.0000000000
323499.3094581842 -1427882.8138876357 0.0000000000 6.0000000000 41.0000000000 -160.0000000000 1.0000000000
323398.8105575342 -1427919.3924960487 0.0000000000 6.0000000000 42.0000000000 -160.0000000000 1.0000000000
323445.8682554225 -1427849.0560061010 0.0000000000 7.0000000000 43.0000000000 20.0000000000 1.0000000000
323582.7073516680 -1427799.2506481837 0.0000000000 7.0000000000 44.0000000000 20.0000000000 1.0000000000
323770.6458758252 -1427730.8466195185 0.0000000000 7.0000000000 45.0000000000 20.0000000000 1.0000000000
323868.5835645260 -1427695.2002160186 0.0000000000 7.0000000000 46.0000000000 20.0000000000 1.0000000000
