31.3706725 -12.9145344 70.0000000 10.0000000 0.0000000 1.0000000
31.3718996 -12.9141049 70.0000000 10.0000000 1.0000000 1.0000000
31.3731267 -12.9136754 70.0000000 10.0000000 2.0000000 1.0000000
31.3748625 -12.9130679 70.0000000 10.0000000 3.0000000 1.0000000
31.3765983 -12.9124603 70.0000000 10.0000000 4.0000000 1.0000000
31.3783340 -12.9118528 70.0000000 10.0000000 5.0000000 1.0000000
31.3800698 -12.9112452 70.0000000 10.0000000 6.0000000 1.0000000
31.3815050 -12.9107428 70.0000000 10.0000000 7.0000000 1.0000000
31.3813792 -12.9103070 70.0000000 10.0000000 8.0000000 2.0000000
31.3799150 -12.9108195 70.0000000 10.0000000 9.0000000 2.0000000
31.3781792 -12.9114271 70.0000000 10.0000000 10.0000000 2.0000000
31.3764434 -12.9120346 70.0000000 10.0000000 11.0000000 2.0000000
31.3747077 -12.9126422 70.0000000 10.0000000 12.0000000 2.0000000
31.3729719 -12.9132497 70.0000000 10.0000000 13.0000000 2.0000000
31.3717264 -12.9136856 70.0000000 10.0000000 14.0000000 2.0000000
31.3704810 -12.9141215 70.0000000 10.0000000 15.0000000 2.0000000
31.3709187 -12.9134884 70.0000000 10.0000000 16.0000000 3.0000000
31.3718679 -12.9131562 70.0000000 10.0000000 17.0000000 3.0000000
31.3728170 -12.9128240 70.0000000 10.0000000 18.0000000 3.0000000
31.3745528 -12.9122165 70.0000000 10.0000000 19.0000000 3.0000000
31.3762886 -12.9116090 70.0000000 10.0000000 20.0000000 3.0000000
31.3780244 -12.9110014 70.0000000 10.0000000 21.0000000 3.0000000
31.3797601 -12.9103938 70.0000000 10.0000000 22.0000000 3.0000000
31.3812535 -12.9098711 70.0000000 10.0000000 23.0000000 3.0000000
31.3802191 -12.9097533 70.0000000 10.0000000 24.0000000 4.0000000
31.3790443 -12.9101645 70.0000000 10.0000000 25.0000000 4.0000000
31.3778695 -12.9105757 70.0000000 10.0000000 26.0000000 4.0000000
31.3761338 -12.9111833 70.0000000 10.0000000 27.0000000 4.0000000
31.3743980 -12.9117908 70.0000000 10.0000000 28.0000000 4.0000000
31.3726622 -12.9123984 70.0000000 10.0000000 29.0000000 4.0000000
31.3713565 -12.9128554 70.0000000 10.0000000 30.0000000 4.0000000
31.3717942 -12.9122223 70.0000000 10.0000000 31.0000000 5.0000000
31.3730187 -12.9117937 70.0000000 10.0000000 32.0000000 5.0000000
31.3742432 -12.9113651 70.0000000 10.0000000 33.0000000 5.0000000
31.3759789 -12.9107576 70.0000000 10.0000000 34.0000000 5.0000000
31.3777147 -12.9101500 70.0000000 10.0000000 35.0000000 5.0000000
31.3790040 -12.9096987 70.0000000 10.0000000 36.0000000 5.0000000
31.3777889 -12.9096442 70.0000000 10.0000000 37.0000000 6.0000000
31.3768065 -12.9099881 70.0000000 10.0000000 38.0000000 6.0000000
31.3758241 -12.9103319 70.0000000 10.0000000 39.0000000 6.0000000
31.3740883 -12.9109395 70.0000000 10.0000000 40.0000000 6.0000000
31.3731601 -12.9112643 70.0000000 10.0000000 41.0000000 6.0000000
31.3722319 -12.9115892 70.0000000 10.0000000 42.0000000 6.0000000
31.3726697 -12.9109561 70.0000000 10.0000000 43.0000000 7.0000000
31.3739335 -12.9105138 70.0000000 10.0000000 44.0000000 7.0000000
31.3756693 -12.9099062 70.0000000 10.0000000 45.0000000 7.0000000
31.3765738 -12.9095896 70.0000000 10.0000000 46.0000000 7.0000000
