322272.0882399941 -1432410.4600160944 0.0000000000 1.0000000000 0.0000000000 50.0000000000 1.0000000000
322321.5589467776 -1432351.5031235570 0.0000000000 1.0000000000 1.0000000000 50.0000000000 1.0000000000
322394.5457901639 -1432264.5207907392 0.0000000000 1.0000000000 2.0000000000 50.0000000000 1.0000000000
322467.5326335502 -1432177.5384579215 0.0000000000 1.0000000000 3.0000000000 50.0000000000 1.0000000000
322540.5194769365 -1432090.5561251037 0.0000000000 1.0000000000 4.0000000000 50.0000000000 1.0000000000
322613.5063203229 -1432003.5737922860 0.0000000000 1.0000000000 5.0000000000 50.0000000000 1.0000000000
322686.4931637092 -1431916.5914594682 0.0000000000 1.0000000000 6.0000000000 50.0000000000 1.0000000000
322759.4800070955 -1431829.6091266505 0.0000000000 1.0000000000 7.0000000000 50.0000000000 1.0000000000
322832.4668504818 -1431742.6267938328 0.0000000000 1.0000000000 8.0000000000 50.0000000000 1.0000000000
322905.4536938681 -1431655.6444610150 0.0000000000 1.0000000000 9.0000000000 50.0000000000 1.0000000000
322978.4405372544 -1431568.6621281973 0.0000000000 1.0000000000 10.0000000000 50.0000000000 1.0000000000
323051.4273806408 -1431481.6797953795 0.0000000000 1.0000000000 11.0000000000 50.0000000000 1.0000000000
323124.4142240271 -1431394.6974625618 0.0000000000 1.0000000000 12.0000000000 50.0000000000 1.0000000000
323197.4010674134 -1431307.7151297440 0.0000000000 1.0000000000 13.0000000000 50.0000000000 1.0000000000
323270.3879107997 -1431220.7327969263 0.0000000000 1.0000000000 14.0000000000 50.0000000000 1.0000000000
323270.3879107999 -1431220.7327969277 0.0000000000 2.0000000000 15.0000000000 230.0000000000 1.0000000000
323193.9971121717 -1431311.7718056338 0.0000000000 2.0000000000 16.0000000000 230.0000000000 1.0000000000
323117.6063135436 -1431402.8108143399 0.0000000000 2.0000000000 17.0000000000 230.0000000000 1.0000000000
323041.2155149154 -1431493.8498230460 0.0000000000 2.0000000000 18.0000000000 230.0000000000 1.0000000000
322964.8247162873 -1431584.8888317521 0.0000000000 2.0000000000 19.0000000000 230.0000000000 1.0000000000
322888.4339176591 -1431675.9278404582 0.0000000000 2.0000000000 20.0000000000 230.0000000000 1.0000000000
322812.0431190309 -1431766.9668491643 0.0000000000 2.0000000000 21.0000000000 230.0000000000 1.0000000000
322735.6523204028 -1431858.0058578704 0.0000000000 2.0000000000 22.0000000000 230.0000000000 1.0000000000
322659.2615217746 -1431949.0448665766 0.0000000000 2.0000000000 23.0000000000 230.0000000000 1.0000000000
322582.8707231465 -1432040.0838752827 0.0000000000 2.0000000000 24.0000000000 230.0000000000 1.0000000000
322506.4799245183 -1432131.1228839888 0.0000000000 2.0000000000 25.0000000000 230.0000000000 1.0000000000
322430.0891258902 -1432222.1618926949 0.0000000000 2.0000000000 26.0000000000 230.0000000000 1.0000000000
322353.6983272620 -1432313.2009014010 0.0000000000 2.0000000000 27.0000000000 140.0000000000 1.0000000000
322261.7729940877 -1432236.0663882387 0.0000000000 2.0000000000 28.0000000000 140.0000000000 1.0000000000
322169.8476609134 -1432158.9318750761 0.0000000000 2.0000000000 29.0000000000 140.0000000000 1.0000000000
322134.7569450401 -1432200.7513617850 0.0000000000 2.0000000000 30.0000000000 -130.0000000000 1.0000000000
322134.7569450400 -1432200.7513617855 0.0000000000 3.0000000000 31.0000000000 50.0000000000 1.0000000000
322201.9870413979 -1432120.6296529204 0.0000000000 3.0000000000 32.0000000000 -40.0000000000 1.0000000000
322293.9123745722 -1432197.7641660827 0.0000000000 3.0000000000 33.0000000000 -40.0000000000 1.0000000000
322385.8377077465 -1432274.8986792450 0.0000000000 3.0000000000 34.0000000000 -40.0000000000 1.0000000000
322477.7630409208 -1432352.0331924071 0.0000000000 3.0000000000 35.0000000000 -40.0000000000 1.0000000000
322550.6759476045 -1432265.1389739204 0.0000000000 3.0000000000 36.0000000000 50.0000000000 1.0000000000
322623.5888542882 -1432178.2447554336 0.0000000000 3.0000000000 37.0000000000 50.0000000000 1.0000000000
322696.5017609718 -1432091.3505369469 0.0000000000 3.0000000000 38.0000000000 50.0000000000 1.0000000000
322769.4146676555 -1432004.4563184602 0.0000000000 3.0000000000 39.0000000000 50.0000000000 1.0000000000
322842.3275743392 -1431917.5620999734 0.0000000000 3.0000000000 40.0000000000 50.0000000000 1.0000000000
322915.2404810229 -1431830.6678814867 0.0000000000 3.0000000000 41.0000000000 50.0000000000 1.0000000000
322988.1533877066 -1431743.7736630000 0.0000000000 3.0000000000 42.0000000000 50.0000000000 1.0000000000
323061.0662943903 -1431656.8794445132 0.0000000000 3.0000000000 43.0000000000 50.0000000000 1.0000000000
323133.9792010740 -1431569.9852260265 0.0000000000 3.0000000000 44.0000000000 50.0000000000 1.0000000000
323206.8921077577 -1431483.0910075398 0.0000000000 3.0000000000 45.0000000000 50.0000000000 1.0000000000
323279.8050144414 -1431396.1967890530 0.0000000000 3.0000000000 46.0000000000 50.0000000000 1.0000000000
323352.7179211251 -1431309.3025705663 0.0000000000 3.0000000000 47.0000000000 50.0000000000 1.0000000000
323425.6308278088 -1431222.4083520796 0.0000000000 3.0000000000 48.0000000000 50.0000000000 1.0000000000
323425.6308278093 -1431222.4083520796 0.0000000000 4.0000000000 49.0000000000 230.0000000000 1.0000000000
323349.3201272757 -1431313.3519035939 0.0000000000 4.0000000000 50.0000000000 230.0000000000 1.0000000000
323273.0094267420 -1431404.2954551082 0.0000000000 4.0000000000 51.0000000000 230.0000000000 1.0000000000
323196.6987262083 -1431495.2390066225 0.0000000000 4.0000000000 52.0000000000 230.0000000000 1.0000000000
323120.3880256746 -1431586.1825581368 0.0000000000 4.0000000000 53.0000000000 230.0000000000 1.0000000000
323044.0773251409 -1431677.1261096511 0.0000000000 4.0000000000 54.0000000000 230.0000000000 1.0000000000
322967.7666246073 -1431768.0696611654 0.0000000000 4.0000000000 55.0000000000 230.0000000000 1.0000000000
322891.4559240736 -1431859.0132126797 0.0000000000 4.0000000000 56.0000000000 230.0000000000 1.0000000000
322815.1452235399 -1431949.9567641940 0.0000000000 4.0000000000 57.0000000000 230.0000000000 1.0000000000
322738.8345230062 -1432040.9003157082 0.0000000000 4.0000000000 58.0000000000 230.0000000000 1.0000000000
322662.5238224725 -1432131.8438672225 0.0000000000 4.0000000000 59.0000000000 230.0000000000 1.0000000000
322586.2131219389 -1432222.7874187368 0.0000000000 4.0000000000 60.0000000000 230.0000000000 1.0000000000
322509.9024214052 -1432313.7309702511 0.0000000000 4.0000000000 61.0000000000 140.0000000000 1.0000000000
322417.9770882309 -1432236.5964570891 0.0000000000 4.0000000000 62.0000000000 140.0000000000 1.0000000000
322326.0517550566 -1432159.4619439270 0.0000000000 4.0000000000 63.0000000000 140.0000000000 1.0000000000
322234.1264218823 -1432082.3274307644 0.0000000000 4.0000000000 64.0000000000 140.0000000000 1.0000000000
322184.4416834612 -1432141.5393962748 0.0000000000 4.0000000000 65.0000000000 -130.0000000000 1.0000000000
322134.7569450401 -1432200.7513617852 0.0000000000 4.0000000000 66.0000000000 -130.0000000000 1.0000000000
322133.5689453136 -1432015.4803055043 0.0000000000 5.0000000000 67.0000000000 50.0000000000 1.0000000000
322174.3404691923 -1431966.8906954462 0.0000000000 5.0000000000 68.0000000000 -40.0000000000 1.0000000000
322266.2658023666 -1432044.0252086085 0.0000000000 5.0000000000 69.0000000000 -40.0000000000 1.0000000000
322358.1911355409 -1432121.1597217710 0.0000000000 5.0000000000 70.0000000000 -40.0000000000 1.0000000000
322450.1164687152 -1432198.2942349331 0.0000000000 5.0000000000 71.0000000000 -40.0000000000 1.0000000000
322542.0418018895 -1432275.4287480954 0.0000000000 5.0000000000 72.0000000000 -40.0000000000 1.0000000000
322633.9671350638 -1432352.5632612575 0.0000000000 5.0000000000 73.0000000000 -40.0000000000 1.0000000000
322706.8061050450 -1432265.7571571015 0.0000000000 5.0000000000 74.0000000000 50.0000000000 1.0000000000
322779.6450750261 -1432178.9510529456 0.0000000000 5.0000000000 75.0000000000 50.0000000000 1.0000000000
322852.4840450073 -1432092.1449487896 0.0000000000 5.0000000000 76.0000000000 50.0000000000 1.0000000000
322925.3230149885 -1432005.3388446337 0.0000000000 5.0000000000 77.0000000000 50.0000000000 1.0000000000
322998.1619849697 -1431918.5327404777 0.0000000000 5.0000000000 78.0000000000 50.0000000000 1.0000000000
323071.0009549509 -1431831.7266363217 0.0000000000 5.0000000000 79.0000000000 50.0000000000 1.0000000000
323143.8399249321 -1431744.9205321658 0.0000000000 5.0000000000 80.0000000000 50.0000000000 1.0000000000
323216.6788949132 -1431658.1144280098 0.0000000000 5.0000000000 81.0000000000 50.0000000000 1.0000000000
323289.5178648944 -1431571.3083238539 0.0000000000 5.0000000000 82.0000000000 50.0000000000 1.0000000000
323362.3568348756 -1431484.5022196979 0.0000000000 5.0000000000 83.0000000000 50.0000000000 1.0000000000
323435.1958048568 -1431397.6961155420 0.0000000000 5.0000000000 84.0000000000 50.0000000000 1.0000000000
323508.0347748380 -1431310.8900113860 0.0000000000 5.0000000000 85.0000000000 50.0000000000 1.0000000000
323580.8737448191 -1431224.0839072301 0.0000000000 5.0000000000 86.0000000000 50.0000000000 1.0000000000
323580.8737448193 -1431224.0839072322 0.0000000000 6.0000000000 87.0000000000 230.0000000000 1.0000000000
323504.6431423801 -1431314.9320015546 0.0000000000 6.0000000000 88.0000000000 230.0000000000 1.0000000000
323428.4125399408 -1431405.7800958771 0.0000000000 6.0000000000 89.0000000000 230.0000000000 1.0000000000
323352.1819375015 -1431496.6281901996 0.0000000000 6.0000000000 90.0000000000 230.0000000000 1.0000000000
323275.9513350623 -1431587.4762845221 0.0000000000 6.0000000000 91.0000000000 230.0000000000 1.0000000000
323199.7207326230 -1431678.3243788446 0.0000000000 6.0000000000 92.0000000000 230.0000000000 1.0000000000
323123.4901301838 -1431769.1724731671 0.0000000000 6.0000000000 93.0000000000 230.0000000000 1.0000000000
323047.2595277445 -1431860.0205674896 0.0000000000 6.0000000000 94.0000000000 230.0000000000 1.0000000000
322971.0289253052 -1431950.8686618120 0.0000000000 6.0000000000 95.0000000000 230.0000000000 1.0000000000
322894.7983228660 -1432041.7167561345 0.0000000000 6.0000000000 96.0000000000 230.0000000000 1.0000000000
322818.5677204267 -1432132.5648504570 0.0000000000 6.0000000000 97.0000000000 230.0000000000 1.0000000000
322742.3371179875 -1432223.4129447795 0.0000000000 6.0000000000 98.0000000000 230.0000000000 1.0000000000
322666.1065155482 -1432314.2610391020 0.0000000000 6.0000000000 99.0000000000 140.0000000000 1.0000000000
322574.1811823739 -1432237.1265259394 0.0000000000 6.0000000000 100.0000000000 140.0000000000 1.0000000000
322482.2558491996 -1432159.9920127771 0.0000000000 6.0000000000 101.0000000000 140.0000000000 1.0000000000
322390.3305160253 -1432082.8574996146 0.0000000000 6.0000000000 102.0000000000 140.0000000000 1.0000000000
322298.4051828510 -1432005.7229864525 0.0000000000 6.0000000000 103.0000000000 140.0000000000 1.0000000000
322206.4798496767 -1431928.5884732902 0.0000000000 6.0000000000 104.0000000000 140.0000000000 1.0000000000
322133.5689453136 -1432015.4803055043 0.0000000000 6.0000000000 105.0000000000 -130.0000000000 1.0000000000
322133.5689453135 -1432015.4803055038 0.0000000000 7.0000000000 106.0000000000 50.0000000000 1.0000000000
322186.0940877373 -1431952.8832783189 0.0000000000 7.0000000000 107.0000000000 50.0000000000 1.0000000000
322238.6192301610 -1431890.2862511340 0.0000000000 7.0000000000 108.0000000000 -40.0000000000 1.0000000000
322330.5445633353 -1431967.4207642963 0.0000000000 7.0000000000 109.0000000000 -40.0000000000 1.0000000000
322422.4698965096 -1432044.5552774589 0.0000000000 7.0000000000 110.0000000000 -40.0000000000 1.0000000000
322514.3952296839 -1432121.6897906212 0.0000000000 7.0000000000 111.0000000000 -40.0000000000 1.0000000000
322606.3205628582 -1432198.8243037837 0.0000000000 7.0000000000 112.0000000000 -40.0000000000 1.0000000000
322698.2458960325 -1432275.9588169460 0.0000000000 7.0000000000 113.0000000000 -40.0000000000 1.0000000000
322790.1712292068 -1432353.0933301081 0.0000000000 7.0000000000 114.0000000000 -40.0000000000 1.0000000000
322862.9362624854 -1432266.3753402831 0.0000000000 7.0000000000 115.0000000000 50.0000000000 1.0000000000
322935.7012957640 -1432179.6573504582 0.0000000000 7.0000000000 116.0000000000 50.0000000000 1.0000000000
323008.4663290426 -1432092.9393606333 0.0000000000 7.0000000000 117.0000000000 50.0000000000 1.0000000000
323081.2313623212 -1432006.2213708083 0.0000000000 7.0000000000 118.0000000000 50.0000000000 1.0000000000
323153.9963955999 -1431919.5033809834 0.0000000000 7.0000000000 119.0000000000 50.0000000000 1.0000000000
323226.7614288785 -1431832.7853911584 0.0000000000 7.0000000000 120.0000000000 50.0000000000 1.0000000000
323299.5264621571 -1431746.0674013335 0.0000000000 7.0000000000 121.0000000000 50.0000000000 1.0000000000
323372.2914954357 -1431659.3494115085 0.0000000000 7.0000000000 122.0000000000 50.0000000000 1.0000000000
323445.0565287143 -1431572.6314216836 0.0000000000 7.0000000000 123.0000000000 50.0000000000 1.0000000000
323517.8215619929 -1431485.9134318586 0.0000000000 7.0000000000 124.0000000000 50.0000000000 1.0000000000
323590.5865952715 -1431399.1954420337 0.0000000000 7.0000000000 125.0000000000 50.0000000000 1.0000000000
323663.3516285502 -1431312.4774522088 0.0000000000 7.0000000000 126.0000000000 50.0000000000 1.0000000000
323736.1166618288 -1431225.7594623838 0.0000000000 7.0000000000 127.0000000000 50.0000000000 1.0000000000
323736.1166618285 -1431225.7594623838 0.0000000000 8.0000000000 128.0000000000 230.0000000000 1.0000000000
323659.9661574837 -1431316.5120995145 0.0000000000 8.0000000000 129.0000000000 230.0000000000 1.0000000000
323583.8156531389 -1431407.2647366452 0.0000000000 8.0000000000 130.0000000000 230.0000000000 1.0000000000
323507.6651487941 -1431498.0173737758 0.0000000000 8.0000000000 131.0000000000 230.0000000000 1.0000000000
323431.5146444493 -1431588.7700109065 0.0000000000 8.0000000000 132.0000000000 230.0000000000 1.0000000000
323355.3641401046 -1431679.5226480372 0.0000000000 8.0000000000 133.0000000000 230.0000000000 1.0000000000
323279.2136357598 -1431770.2752851679 0.0000000000 8.0000000000 134.0000000000 230.0000000000 1.0000000000
323203.0631314150 -1431861.0279222985 0.0000000000 8.0000000000 135.0000000000 230.0000000000 1.0000000000
323126.9126270702 -1431951.7805594292 0.0000000000 8.0000000000 136.0000000000 230.0000000000 1.0000000000
323050.7621227254 -1432042.5331965599 0.0000000000 8.0000000000 137.0000000000 230.0000000000 1.0000000000
322974.6116183806 -1432133.2858336905 0.0000000000 8.0000000000 138.0000000000 230.0000000000 1.0000000000
322898.4611140359 -1432224.0384708212 0.0000000000 8.0000000000 139.0000000000 230.0000000000 1.0000000000
322822.3106096911 -1432314.7911079519 0.0000000000 8.0000000000 140.0000000000 140.0000000000 1.0000000000
322730.3852765168 -1432237.6565947896 0.0000000000 8.0000000000 141.0000000000 140.0000000000 1.0000000000
322638.4599433425 -1432160.5220816275 0.0000000000 8.0000000000 142.0000000000 140.0000000000 1.0000000000
322546.5346101682 -1432083.3875684652 0.0000000000 8.0000000000 143.0000000000 140.0000000000 1.0000000000
322454.6092769939 -1432006.2530553029 0.0000000000 8.0000000000 144.0000000000 140.0000000000 1.0000000000
322362.6839438196 -1431929.1185421406 0.0000000000 8.0000000000 145.0000000000 140.0000000000 1.0000000000
322270.7586106453 -1431851.9840289785 0.0000000000 8.0000000000 146.0000000000 140.0000000000 1.0000000000
322178.8332774710 -1431774.8495158160 0.0000000000 8.0000000000 147.0000000000 140.0000000000 1.0000000000
322132.3809455871 -1431830.2092492231 0.0000000000 8.0000000000 148.0000000000 -130.0000000000 1.0000000000
322132.3809455871 -1431830.2092492229 0.0000000000 9.0000000000 149.0000000000 50.0000000000 1.0000000000
322171.6768017712 -1431783.3782714414 0.0000000000 9.0000000000 150.0000000000 50.0000000000 1.0000000000
322210.9726579553 -1431736.5472936600 0.0000000000 9.0000000000 151.0000000000 -40.0000000000 1.0000000000
322302.8979911296 -1431813.6818068225 0.0000000000 9.0000000000 152.0000000000 -40.0000000000 1.0000000000
322394.8233243039 -1431890.8163199846 0.0000000000 9.0000000000 153.0000000000 -40.0000000000 1.0000000000
322486.7486574782 -1431967.9508331469 0.0000000000 9.0000000000 154.0000000000 -40.0000000000 1.0000000000
322578.6739906525 -1432045.0853463090 0.0000000000 9.0000000000 155.0000000000 -40.0000000000 1.0000000000
322670.5993238268 -1432122.2198594715 0.0000000000 9.0000000000 156.0000000000 -40.0000000000 1.0000000000
322762.5246570011 -1432199.3543726341 0.0000000000 9.0000000000 157.0000000000 -40.0000000000 1.0000000000
322854.4499901754 -1432276.4888857962 0.0000000000 9.0000000000 158.0000000000 -40.0000000000 1.0000000000
322946.3753233496 -1432353.6233989585 0.0000000000 9.0000000000 159.0000000000 -40.0000000000 1.0000000000
323019.0664199257 -1432266.9935234643 0.0000000000 9.0000000000 160.0000000000 50.0000000000 1.0000000000
323091.7575165017 -1432180.3636479701 0.0000000000 9.0000000000 161.0000000000 50.0000000000 1.0000000000
323164.4486130778 -1432093.7337724760 0.0000000000 9.0000000000 162.0000000000 50.0000000000 1.0000000000
323237.1397096538 -1432007.1038969818 0.0000000000 9.0000000000 163.0000000000 50.0000000000 1.0000000000
323309.8308062298 -1431920.4740214876 0.0000000000 9.0000000000 164.0000000000 50.0000000000 1.0000000000
323382.5219028059 -1431833.8441459935 0.0000000000 9.0000000000 165.0000000000 50.0000000000 1.0000000000
323455.2129993819 -1431747.2142704993 0.0000000000 9.0000000000 166.0000000000 50.0000000000 1.0000000000
323527.9040959580 -1431660.5843950051 0.0000000000 9.0000000000 167.0000000000 50.0000000000 1.0000000000
323600.5951925340 -1431573.9545195110 0.0000000000 9.0000000000 168.0000000000 50.0000000000 1.0000000000
323673.2862891101 -1431487.3246440168 0.0000000000 9.0000000000 169.0000000000 50.0000000000 1.0000000000
323745.9773856861 -1431400.6947685226 0.0000000000 9.0000000000 170.0000000000 50.0000000000 1.0000000000
323818.6684822622 -1431314.0648930285 0.0000000000 9.0000000000 171.0000000000 50.0000000000 1.0000000000
323891.3595788382 -1431227.4350175343 0.0000000000 9.0000000000 172.0000000000 50.0000000000 1.0000000000
323370.7203976295 -1431847.9086321855 0.0000000000 10.0000000000 173.0000000000 230.0000000000 1.0000000000
323305.3527819969 -1431925.8107229550 0.0000000000 10.0000000000 174.0000000000 230.0000000000 1.0000000000
323239.9851663643 -1432003.7128137245 0.0000000000 10.0000000000 175.0000000000 230.0000000000 1.0000000000
323174.6175507317 -1432081.6149044940 0.0000000000 10.0000000000 176.0000000000 230.0000000000 1.0000000000
323109.2499350991 -1432159.5169952635 0.0000000000 10.0000000000 177.0000000000 230.0000000000 1.0000000000
323043.8823194665 -1432237.4190860330 0.0000000000 10.0000000000 178.0000000000 230.0000000000 1.0000000000
322978.5147038339 -1432315.3211768025 0.0000000000 10.0000000000 179.0000000000 140.0000000000 1.0000000000
322886.5893706596 -1432238.1866636402 0.0000000000 10.0000000000 180.0000000000 140.0000000000 1.0000000000
322794.6640374853 -1432161.0521504781 0.0000000000 10.0000000000 181.0000000000 140.0000000000 1.0000000000
322702.7387043110 -1432083.9176373156 0.0000000000 10.0000000000 182.0000000000 140.0000000000 1.0000000000
322610.8133711368 -1432006.7831241530 0.0000000000 10.0000000000 183.0000000000 140.0000000000 1.0000000000
322518.8880379625 -1431929.6486109910 0.0000000000 10.0000000000 184.0000000000 140.0000000000 1.0000000000
322426.9627047882 -1431852.5140978287 0.0000000000 10.0000000000 185.0000000000 140.0000000000 1.0000000000
322335.0373716139 -1431775.3795846663 0.0000000000 10.0000000000 186.0000000000 140.0000000000 1.0000000000
322243.1120384396 -1431698.2450715040 0.0000000000 10.0000000000 187.0000000000 140.0000000000 1.0000000000
322187.7464920133 -1431764.2271603635 0.0000000000 10.0000000000 188.0000000000 -130.0000000000 1.0000000000
322132.3809455871 -1431830.2092492229 0.0000000000 10.0000000000 189.0000000000 -130.0000000000 1.0000000000
322131.1929458606 -1431644.9381929419 0.0000000000 11.0000000000 190.0000000000 50.0000000000 1.0000000000
322183.3260857497 -1431582.8083361860 0.0000000000 11.0000000000 191.0000000000 -40.0000000000 1.0000000000
322275.2514189240 -1431659.9428493481 0.0000000000 11.0000000000 192.0000000000 -40.0000000000 1.0000000000
322367.1767520983 -1431737.0773625104 0.0000000000 11.0000000000 193.0000000000 -40.0000000000 1.0000000000
322459.1020852726 -1431814.2118756729 0.0000000000 11.0000000000 194.0000000000 -40.0000000000 1.0000000000
322551.0274184469 -1431891.3463888350 0.0000000000 11.0000000000 195.0000000000 -40.0000000000 1.0000000000
322642.9527516212 -1431968.4809019973 0.0000000000 11.0000000000 196.0000000000 -40.0000000000 1.0000000000
322734.8780847955 -1432045.6154151596 0.0000000000 11.0000000000 197.0000000000 -40.0000000000 1.0000000000
322826.8034179698 -1432122.7499283219 0.0000000000 11.0000000000 198.0000000000 -40.0000000000 1.0000000000
322918.7287511441 -1432199.8844414840 0.0000000000 11.0000000000 199.0000000000 -40.0000000000 1.0000000000
323010.6540843184 -1432277.0189546463 0.0000000000 11.0000000000 200.0000000000 -40.0000000000 1.0000000000
323102.5794174926 -1432354.1534678089 0.0000000000 11.0000000000 201.0000000000 -40.0000000000 1.0000000000
323170.9515946604 -1432272.6706800356 0.0000000000 11.0000000000 202.0000000000 50.0000000000 1.0000000000
323239.3237718282 -1432191.1878922624 0.0000000000 11.0000000000 203.0000000000 50.0000000000 1.0000000000
323307.6959489960 -1432109.7051044891 0.0000000000 11.0000000000 204.0000000000 50.0000000000 1.0000000000
323376.0681261638 -1432028.2223167159 0.0000000000 11.0000000000 205.0000000000 50.0000000000 1.0000000000
323376.0681261637 -1432028.2223167159 0.0000000000 12.0000000000 206.0000000000 230.0000000000 1.0000000000
323315.7307941170 -1432100.1295489501 0.0000000000 12.0000000000 207.0000000000 230.0000000000 1.0000000000
323255.3934620703 -1432172.0367811844 0.0000000000 12.0000000000 208.0000000000 230.0000000000 1.0000000000
323195.0561300236 -1432243.9440134186 0.0000000000 12.0000000000 209.0000000000 230.0000000000 1.0000000000
323134.7187979769 -1432315.8512456529 0.0000000000 12.0000000000 210.0000000000 140.0000000000 1.0000000000
323042.7934648026 -1432238.7167324906 0.0000000000 12.0000000000 211.0000000000 140.0000000000 1.0000000000
322950.8681316283 -1432161.5822193285 0.0000000000 12.0000000000 212.0000000000 140.0000000000 1.0000000000
322858.9427984540 -1432084.4477061660 0.0000000000 12.0000000000 213.0000000000 140.0000000000 1.0000000000
322767.0174652798 -1432007.3131930036 0.0000000000 12.0000000000 214.0000000000 140.0000000000 1.0000000000
322675.0921321055 -1431930.1786798413 0.0000000000 12.0000000000 215.0000000000 140.0000000000 1.0000000000
322583.1667989312 -1431853.0441666790 0.0000000000 12.0000000000 216.0000000000 140.0000000000 1.0000000000
322491.2414657569 -1431775.9096535170 0.0000000000 12.0000000000 217.0000000000 140.0000000000 1.0000000000
322399.3161325826 -1431698.7751403544 0.0000000000 12.0000000000 218.0000000000 140.0000000000 1.0000000000
322307.3907994083 -1431621.6406271919 0.0000000000 12.0000000000 219.0000000000 140.0000000000 1.0000000000
322215.4654662340 -1431544.5061140298 0.0000000000 12.0000000000 220.0000000000 140.0000000000 1.0000000000
322173.3292060473 -1431594.7221534858 0.0000000000 12.0000000000 221.0000000000 -130.0000000000 1.0000000000
322131.1929458606 -1431644.9381929417 0.0000000000 12.0000000000 222.0000000000 -130.0000000000 1.0000000000
322131.1929458607 -1431644.9381929417 0.0000000000 13.0000000000 223.0000000000 50.0000000000 1.0000000000
322189.3988962895 -1431575.5710424078 0.0000000000 13.0000000000 224.0000000000 50.0000000000 1.0000000000
322247.6048467184 -1431506.2038918738 0.0000000000 13.0000000000 225.0000000000 -40.0000000000 1.0000000000
322339.5301798926 -1431583.3384050359 0.0000000000 13.0000000000 226.0000000000 -40.0000000000 1.0000000000
322431.4555130669 -1431660.4729181984 0.0000000000 13.0000000000 227.0000000000 -40.0000000000 1.0000000000
322523.3808462412 -1431737.6074313610 0.0000000000 13.0000000000 228.0000000000 -40.0000000000 1.0000000000
322615.3061794155 -1431814.7419445231 0.0000000000 13.0000000000 229.0000000000 -40.0000000000 1.0000000000
322707.2315125898 -1431891.8764576854 0.0000000000 13.0000000000 230.0000000000 -40.0000000000 1.0000000000
322799.1568457641 -1431969.0109708474 0.0000000000 13.0000000000 231.0000000000 -40.0000000000 1.0000000000
322891.0821789384 -1432046.1454840100 0.0000000000 13.0000000000 232.0000000000 -40.0000000000 1.0000000000
322983.0075121126 -1432123.2799971725 0.0000000000 13.0000000000 233.0000000000 -40.0000000000 1.0000000000
323074.9328452869 -1432200.4145103346 0.0000000000 13.0000000000 234.0000000000 -40.0000000000 1.0000000000
323166.8581784612 -1432277.5490234969 0.0000000000 13.0000000000 235.0000000000 -40.0000000000 1.0000000000
323258.7835116355 -1432354.6835366590 0.0000000000 13.0000000000 236.0000000000 -40.0000000000 1.0000000000
323320.0996831669 -1432281.6097689522 0.0000000000 13.0000000000 237.0000000000 50.0000000000 1.0000000000
323381.4158546983 -1432208.5360012455 0.0000000000 13.0000000000 238.0000000000 50.0000000000 1.0000000000
323381.4158546983 -1432208.5360012455 0.0000000000 14.0000000000 239.0000000000 230.0000000000 1.0000000000
323336.1693734091 -1432262.4586578743 0.0000000000 14.0000000000 240.0000000000 230.0000000000 1.0000000000
323290.9228921199 -1432316.3813145030 0.0000000000 14.0000000000 241.0000000000 140.0000000000 1.0000000000
323198.9975589456 -1432239.2468013410 0.0000000000 14.0000000000 242.0000000000 140.0000000000 1.0000000000
323107.0722257713 -1432162.1122881786 0.0000000000 14.0000000000 243.0000000000 140.0000000000 1.0000000000
323015.1468925970 -1432084.9777750163 0.0000000000 14.0000000000 244.0000000000 140.0000000000 1.0000000000
322923.2215594228 -1432007.8432618540 0.0000000000 14.0000000000 245.0000000000 140.0000000000 1.0000000000
322831.2962262485 -1431930.7087486915 0.0000000000 14.0000000000 246.0000000000 140.0000000000 1.0000000000
322739.3708930742 -1431853.5742355294 0.0000000000 14.0000000000 247.0000000000 140.0000000000 1.0000000000
322647.4455598999 -1431776.4397223671 0.0000000000 14.0000000000 248.0000000000 140.0000000000 1.0000000000
322555.5202267256 -1431699.3052092048 0.0000000000 14.0000000000 249.0000000000 140.0000000000 1.0000000000
322463.5948935513 -1431622.1706960425 0.0000000000 14.0000000000 250.0000000000 140.0000000000 1.0000000000
322371.6695603770 -1431545.0361828804 0.0000000000 14.0000000000 251.0000000000 140.0000000000 1.0000000000
322279.7442272028 -1431467.9016697181 0.0000000000 14.0000000000 252.0000000000 140.0000000000 1.0000000000
322187.8188940285 -1431390.7671565556 0.0000000000 14.0000000000 253.0000000000 140.0000000000 1.0000000000
322130.0049461341 -1431459.6671366608 0.0000000000 14.0000000000 254.0000000000 -130.0000000000 1.0000000000
322130.0049461342 -1431459.6671366610 0.0000000000 15.0000000000 255.0000000000 50.0000000000 1.0000000000
322174.9816103235 -1431406.0660355303 0.0000000000 15.0000000000 256.0000000000 50.0000000000 1.0000000000
322219.9582745129 -1431352.4649343996 0.0000000000 15.0000000000 257.0000000000 -40.0000000000 1.0000000000
322311.8836076872 -1431429.5994475619 0.0000000000 15.0000000000 258.0000000000 -40.0000000000 1.0000000000
322403.8089408615 -1431506.7339607240 0.0000000000 15.0000000000 259.0000000000 -40.0000000000 1.0000000000
322495.7342740358 -1431583.8684738863 0.0000000000 15.0000000000 260.0000000000 -40.0000000000 1.0000000000
322587.6596072101 -1431661.0029870488 0.0000000000 15.0000000000 261.0000000000 -40.0000000000 1.0000000000
322679.5849403844 -1431738.1375002114 0.0000000000 15.0000000000 262.0000000000 -40.0000000000 1.0000000000
322771.5102735586 -1431815.2720133734 0.0000000000 15.0000000000 263.0000000000 -40.0000000000 1.0000000000
322863.4356067329 -1431892.4065265355 0.0000000000 15.0000000000 264.0000000000 -40.0000000000 1.0000000000
322955.3609399072 -1431969.5410396981 0.0000000000 15.0000000000 265.0000000000 -40.0000000000 1.0000000000
323047.2862730815 -1432046.6755528604 0.0000000000 15.0000000000 266.0000000000 -40.0000000000 1.0000000000
323139.2116062558 -1432123.8100660229 0.0000000000 15.0000000000 267.0000000000 -40.0000000000 1.0000000000
323231.1369394301 -1432200.9445791850 0.0000000000 15.0000000000 268.0000000000 -40.0000000000 1.0000000000
323323.0622726044 -1432278.0790923473 0.0000000000 15.0000000000 269.0000000000 -40.0000000000 1.0000000000
323381.4158546983 -1432208.5360012462 0.0000000000 15.0000000000 270.0000000000 50.0000000000 1.0000000000
323376.0681261639 -1432028.2223167163 0.0000000000 16.0000000000 271.0000000000 230.0000000000 1.0000000000
323319.6722230392 -1432095.4323368727 0.0000000000 16.0000000000 272.0000000000 230.0000000000 1.0000000000
323263.2763199145 -1432162.6423570290 0.0000000000 16.0000000000 273.0000000000 140.0000000000 1.0000000000
323171.3509867402 -1432085.5078438669 0.0000000000 16.0000000000 274.0000000000 140.0000000000 1.0000000000
323079.4256535659 -1432008.3733307044 0.0000000000 16.0000000000 275.0000000000 140.0000000000 1.0000000000
322987.5003203916 -1431931.2388175419 0.0000000000 16.0000000000 276.0000000000 140.0000000000 1.0000000000
322895.5749872173 -1431854.1043043798 0.0000000000 16.0000000000 277.0000000000 140.0000000000 1.0000000000
322803.6496540430 -1431776.9697912175 0.0000000000 16.0000000000 278.0000000000 140.0000000000 1.0000000000
322711.7243208688 -1431699.8352780554 0.0000000000 16.0000000000 279.0000000000 140.0000000000 1.0000000000
322619.7989876945 -1431622.7007648929 0.0000000000 16.0000000000 280.0000000000 140.0000000000 1.0000000000
322527.8736545202 -1431545.5662517303 0.0000000000 16.0000000000 281.0000000000 140.0000000000 1.0000000000
322435.9483213459 -1431468.4317385682 0.0000000000 16.0000000000 282.0000000000 140.0000000000 1.0000000000
322344.0229881716 -1431391.2972254059 0.0000000000 16.0000000000 283.0000000000 140.0000000000 1.0000000000
322252.0976549973 -1431314.1627122439 0.0000000000 16.0000000000 284.0000000000 140.0000000000 1.0000000000
322191.0513005657 -1431386.9149244525 0.0000000000 16.0000000000 285.0000000000 -130.0000000000 1.0000000000
322130.0049461340 -1431459.6671366612 0.0000000000 16.0000000000 286.0000000000 -130.0000000000 1.0000000000
322130.0049461341 -1431459.6671366608 0.0000000000 17.0000000000 287.0000000000 50.0000000000 1.0000000000
322207.1209908078 -1431367.7638133741 0.0000000000 17.0000000000 288.0000000000 50.0000000000 1.0000000000
322284.2370354816 -1431275.8604900874 0.0000000000 17.0000000000 289.0000000000 -40.0000000000 1.0000000000
322376.1623686559 -1431352.9950032500 0.0000000000 17.0000000000 290.0000000000 -40.0000000000 1.0000000000
322468.0877018302 -1431430.1295164125 0.0000000000 17.0000000000 291.0000000000 -40.0000000000 1.0000000000
322560.0130350045 -1431507.2640295746 0.0000000000 17.0000000000 292.0000000000 -40.0000000000 1.0000000000
322651.9383681788 -1431584.3985427369 0.0000000000 17.0000000000 293.0000000000 -40.0000000000 1.0000000000
322743.8637013531 -1431661.5330558990 0.0000000000 17.0000000000 294.0000000000 -40.0000000000 1.0000000000
322835.7890345274 -1431738.6675690615 0.0000000000 17.0000000000 295.0000000000 -40.0000000000 1.0000000000
322927.7143677016 -1431815.8020822238 0.0000000000 17.0000000000 296.0000000000 -40.0000000000 1.0000000000
323019.6397008759 -1431892.9365953859 0.0000000000 17.0000000000 297.0000000000 -40.0000000000 1.0000000000
323111.5650340502 -1431970.0711085484 0.0000000000 17.0000000000 298.0000000000 -40.0000000000 1.0000000000
323203.4903672245 -1432047.2056217110 0.0000000000 17.0000000000 299.0000000000 -40.0000000000 1.0000000000
323295.4157003988 -1432124.3401348731 0.0000000000 17.0000000000 300.0000000000 -40.0000000000 1.0000000000
323335.7419132813 -1432076.2812257945 0.0000000000 17.0000000000 301.0000000000 50.0000000000 1.0000000000
323376.0681261639 -1432028.2223167159 0.0000000000 17.0000000000 302.0000000000 50.0000000000 1.0000000000
323376.0681261639 -1432028.2223167161 0.0000000000 18.0000000000 303.0000000000 230.0000000000 1.0000000000
323327.5550808832 -1432086.0379127171 0.0000000000 18.0000000000 304.0000000000 140.0000000000 1.0000000000
323235.6297477089 -1432008.9033995548 0.0000000000 18.0000000000 305.0000000000 140.0000000000 1.0000000000
323143.7044145346 -1431931.7688863925 0.0000000000 18.0000000000 306.0000000000 140.0000000000 1.0000000000
323051.7790813603 -1431854.6343732304 0.0000000000 18.0000000000 307.0000000000 140.0000000000 1.0000000000
322959.8537481860 -1431777.4998600681 0.0000000000 18.0000000000 308.0000000000 140.0000000000 1.0000000000
322867.9284150118 -1431700.3653469055 0.0000000000 18.0000000000 309.0000000000 140.0000000000 1.0000000000
322776.0030818375 -1431623.2308337432 0.0000000000 18.0000000000 310.0000000000 140.0000000000 1.0000000000
322684.0777486632 -1431546.0963205809 0.0000000000 18.0000000000 311.0000000000 140.0000000000 1.0000000000
322592.1524154889 -1431468.9618074188 0.0000000000 18.0000000000 312.0000000000 140.0000000000 1.0000000000
322500.2270823146 -1431391.8272942563 0.0000000000 18.0000000000 313.0000000000 140.0000000000 1.0000000000
322408.3017491403 -1431314.6927810940 0.0000000000 18.0000000000 314.0000000000 140.0000000000 1.0000000000
322339.0245483204 -1431397.2541340559 0.0000000000 18.0000000000 315.0000000000 -130.0000000000 1.0000000000
322269.7473475005 -1431479.8154870179 0.0000000000 18.0000000000 316.0000000000 -130.0000000000 1.0000000000
322200.4701466805 -1431562.3768399798 0.0000000000 18.0000000000 317.0000000000 -130.0000000000 1.0000000000
322131.1929458606 -1431644.9381929417 0.0000000000 18.0000000000 318.0000000000 -130.0000000000 1.0000000000
322131.1929458605 -1431644.9381929419 0.0000000000 19.0000000000 319.0000000000 50.0000000000 1.0000000000
322193.0425826134 -1431571.2286661412 0.0000000000 19.0000000000 320.0000000000 50.0000000000 1.0000000000
322254.8922193662 -1431497.5191393404 0.0000000000 19.0000000000 321.0000000000 50.0000000000 1.0000000000
322316.7418561191 -1431423.8096125396 0.0000000000 19.0000000000 322.0000000000 50.0000000000 1.0000000000
322378.5914928719 -1431350.1000857388 0.0000000000 19.0000000000 323.0000000000 50.0000000000 1.0000000000
322440.4411296248 -1431276.3905589380 0.0000000000 19.0000000000 324.0000000000 -40.0000000000 1.0000000000
322532.3664627991 -1431353.5250721003 0.0000000000 19.0000000000 325.0000000000 -40.0000000000 1.0000000000
322624.2917959734 -1431430.6595852624 0.0000000000 19.0000000000 326.0000000000 -40.0000000000 1.0000000000
322716.2171291476 -1431507.7940984250 0.0000000000 19.0000000000 327.0000000000 -40.0000000000 1.0000000000
322808.1424623219 -1431584.9286115873 0.0000000000 19.0000000000 328.0000000000 -40.0000000000 1.0000000000
322900.0677954962 -1431662.0631247496 0.0000000000 19.0000000000 329.0000000000 -40.0000000000 1.0000000000
322991.9931286705 -1431739.1976379119 0.0000000000 19.0000000000 330.0000000000 -40.0000000000 1.0000000000
323083.9184618448 -1431816.3321510740 0.0000000000 19.0000000000 331.0000000000 -40.0000000000 1.0000000000
323175.8437950191 -1431893.4666642363 0.0000000000 19.0000000000 332.0000000000 -40.0000000000 1.0000000000
323267.7691281934 -1431970.6011773988 0.0000000000 19.0000000000 333.0000000000 -40.0000000000 1.0000000000
323319.2447629114 -1431909.2549047924 0.0000000000 19.0000000000 334.0000000000 50.0000000000 1.0000000000
323370.7203976294 -1431847.9086321860 0.0000000000 19.0000000000 335.0000000000 50.0000000000 1.0000000000
323370.7203976295 -1431847.9086321862 0.0000000000 20.0000000000 336.0000000000 230.0000000000 1.0000000000
323299.9085086778 -1431932.2989552428 0.0000000000 20.0000000000 337.0000000000 140.0000000000 1.0000000000
323207.9831755035 -1431855.1644420803 0.0000000000 20.0000000000 338.0000000000 140.0000000000 1.0000000000
323116.0578423292 -1431778.0299289182 0.0000000000 20.0000000000 339.0000000000 140.0000000000 1.0000000000
323024.1325091549 -1431700.8954157559 0.0000000000 20.0000000000 340.0000000000 140.0000000000 1.0000000000
322932.2071759806 -1431623.7609025938 0.0000000000 20.0000000000 341.0000000000 140.0000000000 1.0000000000
322840.2818428063 -1431546.6263894313 0.0000000000 20.0000000000 342.0000000000 140.0000000000 1.0000000000
322748.3565096320 -1431469.4918762690 0.0000000000 20.0000000000 343.0000000000 140.0000000000 1.0000000000
322656.4311764578 -1431392.3573631069 0.0000000000 20.0000000000 344.0000000000 140.0000000000 1.0000000000
322564.5058432835 -1431315.2228499444 0.0000000000 20.0000000000 345.0000000000 140.0000000000 1.0000000000
322522.0506435444 -1431365.8189867579 0.0000000000 20.0000000000 346.0000000000 -130.0000000000 1.0000000000
322479.5954438052 -1431416.4151235714 0.0000000000 20.0000000000 347.0000000000 -130.0000000000 1.0000000000
322543.8742047739 -1431339.8106792592 0.0000000000 21.0000000000 348.0000000000 50.0000000000 1.0000000000
322596.6452237678 -1431276.9206277884 0.0000000000 21.0000000000 349.0000000000 -40.0000000000 1.0000000000
322688.5705569421 -1431354.0551409509 0.0000000000 21.0000000000 350.0000000000 -40.0000000000 1.0000000000
322780.4958901164 -1431431.1896541130 0.0000000000 21.0000000000 351.0000000000 -40.0000000000 1.0000000000
322872.4212232906 -1431508.3241672753 0.0000000000 21.0000000000 352.0000000000 -40.0000000000 1.0000000000
322964.3465564649 -1431585.4586804374 0.0000000000 21.0000000000 353.0000000000 -40.0000000000 1.0000000000
323056.2718896392 -1431662.5931936000 0.0000000000 21.0000000000 354.0000000000 -40.0000000000 1.0000000000
323148.1972228135 -1431739.7277067625 0.0000000000 21.0000000000 355.0000000000 -40.0000000000 1.0000000000
323240.1225559878 -1431816.8622199246 0.0000000000 21.0000000000 356.0000000000 -40.0000000000 1.0000000000
323332.0478891621 -1431893.9967330869 0.0000000000 21.0000000000 357.0000000000 -40.0000000000 1.0000000000
323370.7203976295 -1431847.9086321862 0.0000000000 21.0000000000 358.0000000000 50.0000000000 1.0000000000
323365.3726690951 -1431667.5949476564 0.0000000000 22.0000000000 359.0000000000 230.0000000000 1.0000000000
323318.8173027837 -1431723.0774727126 0.0000000000 22.0000000000 360.0000000000 230.0000000000 1.0000000000
323272.2619364722 -1431778.5599977688 0.0000000000 22.0000000000 361.0000000000 140.0000000000 1.0000000000
323180.3366032979 -1431701.4254846063 0.0000000000 22.0000000000 362.0000000000 140.0000000000 1.0000000000
323088.4112701236 -1431624.2909714440 0.0000000000 22.0000000000 363.0000000000 140.0000000000 1.0000000000
322996.4859369493 -1431547.1564582814 0.0000000000 22.0000000000 364.0000000000 140.0000000000 1.0000000000
322904.5606037750 -1431470.0219451194 0.0000000000 22.0000000000 365.0000000000 140.0000000000 1.0000000000
322812.6352706008 -1431392.8874319573 0.0000000000 22.0000000000 366.0000000000 140.0000000000 1.0000000000
322720.7099374265 -1431315.7529187948 0.0000000000 22.0000000000 367.0000000000 140.0000000000 1.0000000000
322678.7353262540 -1431365.7763124572 0.0000000000 22.0000000000 368.0000000000 -130.0000000000 1.0000000000
322636.7607150816 -1431415.7997061196 0.0000000000 22.0000000000 369.0000000000 -130.0000000000 1.0000000000
322701.0394760502 -1431339.1952618079 0.0000000000 23.0000000000 370.0000000000 50.0000000000 1.0000000000
322752.8493179108 -1431277.4506966388 0.0000000000 23.0000000000 371.0000000000 -40.0000000000 1.0000000000
322844.7746510851 -1431354.5852098013 0.0000000000 23.0000000000 372.0000000000 -40.0000000000 1.0000000000
322936.6999842594 -1431431.7197229634 0.0000000000 23.0000000000 373.0000000000 -40.0000000000 1.0000000000
323028.6253174336 -1431508.8542361257 0.0000000000 23.0000000000 374.0000000000 -40.0000000000 1.0000000000
323120.5506506079 -1431585.9887492880 0.0000000000 23.0000000000 375.0000000000 -40.0000000000 1.0000000000
323212.4759837822 -1431663.1232624503 0.0000000000 23.0000000000 376.0000000000 -40.0000000000 1.0000000000
323304.4013169565 -1431740.2577756124 0.0000000000 23.0000000000 377.0000000000 -40.0000000000 1.0000000000
323365.3726690951 -1431667.5949476559 0.0000000000 23.0000000000 378.0000000000 50.0000000000 1.0000000000
323360.0249405605 -1431487.2812631263 0.0000000000 24.0000000000 379.0000000000 230.0000000000 1.0000000000
323302.3201524136 -1431556.0511517103 0.0000000000 24.0000000000 380.0000000000 230.0000000000 1.0000000000
323244.6153642666 -1431624.8210402944 0.0000000000 24.0000000000 381.0000000000 140.0000000000 1.0000000000
323152.6900310923 -1431547.6865271318 0.0000000000 24.0000000000 382.0000000000 140.0000000000 1.0000000000
323060.7646979180 -1431470.5520139697 0.0000000000 24.0000000000 383.0000000000 140.0000000000 1.0000000000
322968.8393647438 -1431393.4175008074 0.0000000000 24.0000000000 384.0000000000 140.0000000000 1.0000000000
322876.9140315695 -1431316.2829876454 0.0000000000 24.0000000000 385.0000000000 140.0000000000 1.0000000000
322835.4200089637 -1431365.7336381571 0.0000000000 24.0000000000 386.0000000000 -130.0000000000 1.0000000000
322793.9259863578 -1431415.1842886689 0.0000000000 24.0000000000 387.0000000000 -130.0000000000 1.0000000000
322858.2047473266 -1431338.5798443565 0.0000000000 25.0000000000 388.0000000000 50.0000000000 1.0000000000
322909.0534120538 -1431277.9807654892 0.0000000000 25.0000000000 389.0000000000 -40.0000000000 1.0000000000
323000.9787452281 -1431355.1152786515 0.0000000000 25.0000000000 390.0000000000 -40.0000000000 1.0000000000
323092.9040784024 -1431432.2497918138 0.0000000000 25.0000000000 391.0000000000 -40.0000000000 1.0000000000
323184.8294115767 -1431509.3843049759 0.0000000000 25.0000000000 392.0000000000 -40.0000000000 1.0000000000
323276.7547447510 -1431586.5188181384 0.0000000000 25.0000000000 393.0000000000 -40.0000000000 1.0000000000
323318.3898426558 -1431536.9000406323 0.0000000000 25.0000000000 394.0000000000 50.0000000000 1.0000000000
323360.0249405606 -1431487.2812631263 0.0000000000 25.0000000000 395.0000000000 50.0000000000 1.0000000000
323360.0249405606 -1431487.2812631261 0.0000000000 26.0000000000 396.0000000000 230.0000000000 1.0000000000
323308.8941252352 -1431548.2165959824 0.0000000000 26.0000000000 397.0000000000 140.0000000000 1.0000000000
323216.9687920609 -1431471.0820828199 0.0000000000 26.0000000000 398.0000000000 140.0000000000 1.0000000000
323125.0434588866 -1431393.9475696578 0.0000000000 26.0000000000 399.0000000000 140.0000000000 1.0000000000
323033.1181257123 -1431316.8130564957 0.0000000000 26.0000000000 400.0000000000 140.0000000000 1.0000000000
322992.1046916732 -1431365.6909638564 0.0000000000 26.0000000000 401.0000000000 -130.0000000000 1.0000000000
322951.0912576340 -1431414.5688712171 0.0000000000 26.0000000000 402.0000000000 -130.0000000000 1.0000000000
323015.3700186025 -1431337.9644269054 0.0000000000 27.0000000000 403.0000000000 50.0000000000 1.0000000000
323065.2575061965 -1431278.5108343398 0.0000000000 27.0000000000 404.0000000000 -40.0000000000 1.0000000000
323157.1828393708 -1431355.6453475018 0.0000000000 27.0000000000 405.0000000000 -40.0000000000 1.0000000000
323249.1081725451 -1431432.7798606642 0.0000000000 27.0000000000 406.0000000000 -40.0000000000 1.0000000000
323301.8926922856 -1431369.8737196301 0.0000000000 27.0000000000 407.0000000000 50.0000000000 1.0000000000
323354.6772120261 -1431306.9675785960 0.0000000000 27.0000000000 408.0000000000 50.0000000000 1.0000000000
323354.6772120262 -1431306.9675785957 0.0000000000 28.0000000000 409.0000000000 230.0000000000 1.0000000000
323281.2475530294 -1431394.4776385082 0.0000000000 28.0000000000 410.0000000000 140.0000000000 1.0000000000
323189.3222198551 -1431317.3431253459 0.0000000000 28.0000000000 411.0000000000 140.0000000000 1.0000000000
323148.7893743827 -1431365.6482895557 0.0000000000 28.0000000000 412.0000000000 -130.0000000000 1.0000000000
323108.2565289103 -1431413.9534537655 0.0000000000 28.0000000000 413.0000000000 -130.0000000000 1.0000000000
323172.5352898791 -1431337.3490094533 0.0000000000 29.0000000000 414.0000000000 50.0000000000 1.0000000000
323221.4616003394 -1431279.0409031899 0.0000000000 29.0000000000 415.0000000000 -40.0000000000 1.0000000000
323313.3869335137 -1431356.1754163522 0.0000000000 29.0000000000 416.0000000000 -40.0000000000 1.0000000000
323354.6772120262 -1431306.9675785957 0.0000000000 29.0000000000 417.0000000000 50.0000000000 1.0000000000
