31.3672805 -12.9446189 20.0000000 10.0000000 0.0000000 1.0000000
31.3668251 -12.9451444 20.0000000 10.0000000 1.0000000 1.0000000
31.3661088 -12.9459709 20.0000000 10.0000000 2.0000000 1.0000000
31.3656622 -12.9464861 20.0000000 10.0000000 3.0000000 1.0000000
31.3652157 -12.9470014 20.0000000 10.0000000 4.0000000 1.0000000
31.3659406 -12.9475607 20.0000000 10.0000000 5.0000000 2.0000000
31.3663758 -12.9470585 20.0000000 10.0000000 6.0000000 2.0000000
31.3668110 -12.9465563 20.0000000 10.0000000 7.0000000 2.0000000
31.3675273 -12.9457298 20.0000000 10.0000000 8.0000000 2.0000000
31.3679347 -12.9452597 20.0000000 10.0000000 9.0000000 2.0000000
31.3683422 -12.9447895 20.0000000 10.0000000 10.0000000 2.0000000
31.3694039 -12.9449601 20.0000000 10.0000000 11.0000000 3.0000000
31.3689457 -12.9454888 20.0000000 10.0000000 12.0000000 3.0000000
31.3682295 -12.9463153 20.0000000 10.0000000 13.0000000 3.0000000
31.3675132 -12.9471417 20.0000000 10.0000000 14.0000000 3.0000000
31.3670893 -12.9476308 20.0000000 10.0000000 15.0000000 3.0000000
31.3666654 -12.9481199 20.0000000 10.0000000 16.0000000 3.0000000
