66.0722694 29.9282099 1200.0136719 152.7032318 0.0000000 1.0000000
66.0722137 29.9301126 1200.6037598 152.7032318 1.0000000 1.0000000
66.0721344 29.9328165 1198.9392090 152.7032318 2.0000000 1.0000000
66.0720552 29.9355204 1189.9482422 152.7032318 3.0000000 1.0000000
66.0719760 29.9382242 1198.9833984 152.7032318 4.0000000 1.0000000
66.0718967 29.9409281 1185.5428467 152.7032318 5.0000000 1.0000000
66.0718442 29.9427179 1178.7576904 152.7032318 6.0000000 1.0000000
66.0717918 29.9445077 1169.2548828 152.7032318 7.0000000 1.0000000
66.0728925 29.9422856 1182.7751465 152.7032318 8.0000000 2.0000000
66.0729316 29.9409511 1193.1507568 152.7032318 9.0000000 2.0000000
66.0730108 29.9382472 1198.8657227 152.7032318 10.0000000 2.0000000
66.0730900 29.9355434 1195.2546387 152.7032318 11.0000000 2.0000000
66.0731692 29.9328395 1203.8918457 152.7032318 12.0000000 2.0000000
66.0732484 29.9301356 1206.7500000 152.7032318 13.0000000 2.0000000
66.0732973 29.9284653 1207.2882080 152.7032318 14.0000000 2.0000000
