66.0760824 29.9207816 30.0000000 10.0000000 0.0000000 1.0000000
66.0749508 29.9207565 30.0000000 10.0000000 1.0000000 1.0000000
66.0718469 29.9206876 30.0000000 10.0000000 2.0000000 1.0000000
66.0700262 29.9206471 30.0000000 10.0000000 3.0000000 1.0000000
66.0682055 29.9206066 30.0000000 10.0000000 4.0000000 1.0000000
66.0681225 29.9233104 30.0000000 10.0000000 5.0000000 2.0000000
66.0699451 29.9233509 30.0000000 10.0000000 6.0000000 2.0000000
66.0717677 29.9233914 30.0000000 10.0000000 7.0000000 2.0000000
66.0738277 29.9234372 30.0000000 10.0000000 8.0000000 2.0000000
66.0758878 29.9234830 30.0000000 10.0000000 9.0000000 2.0000000
66.0756932 29.9261843 30.0000000 10.0000000 10.0000000 3.0000000
66.0736908 29.9261398 30.0000000 10.0000000 11.0000000 3.0000000
66.0716885 29.9260953 30.0000000 10.0000000 12.0000000 3.0000000
66.0698640 29.9260547 30.0000000 10.0000000 13.0000000 3.0000000
66.0680395 29.9260141 30.0000000 10.0000000 14.0000000 3.0000000
66.0679564 29.9287179 30.0000000 10.0000000 15.0000000 4.0000000
66.0697828 29.9287586 30.0000000 10.0000000 16.0000000 4.0000000
66.0716092 29.9287992 30.0000000 10.0000000 17.0000000 4.0000000
66.0735539 29.9288424 30.0000000 10.0000000 18.0000000 4.0000000
66.0754986 29.9288856 30.0000000 10.0000000 19.0000000 4.0000000
66.0753039 29.9315869 30.0000000 10.0000000 20.0000000 5.0000000
66.0734170 29.9315450 30.0000000 10.0000000 21.0000000 5.0000000
66.0715300 29.9315030 30.0000000 10.0000000 22.0000000 5.0000000
66.0697017 29.9314624 30.0000000 10.0000000 23.0000000 5.0000000
66.0678734 29.9314217 30.0000000 10.0000000 24.0000000 5.0000000
66.0677903 29.9341255 30.0000000 10.0000000 25.0000000 6.0000000
66.0696205 29.9341662 30.0000000 10.0000000 26.0000000 6.0000000
66.0714508 29.9342069 30.0000000 10.0000000 27.0000000 6.0000000
66.0732800 29.9342476 30.0000000 10.0000000 28.0000000 6.0000000
66.0751093 29.9342882 30.0000000 10.0000000 29.0000000 6.0000000
66.0749146 29.9369895 30.0000000 10.0000000 30.0000000 7.0000000
66.0731431 29.9369501 30.0000000 10.0000000 31.0000000 7.0000000
66.0713715 29.9369108 30.0000000 10.0000000 32.0000000 7.0000000
66.0695394 29.9368700 30.0000000 10.0000000 33.0000000 7.0000000
66.0677073 29.9368292 30.0000000 10.0000000 34.0000000 7.0000000
66.0676242 29.9395330 30.0000000 10.0000000 35.0000000 8.0000000
66.0694582 29.9395738 30.0000000 10.0000000 36.0000000 8.0000000
66.0712923 29.9396146 30.0000000 10.0000000 37.0000000 8.0000000
66.0730061 29.9396527 30.0000000 10.0000000 38.0000000 8.0000000
66.0747199 29.9396908 30.0000000 10.0000000 39.0000000 8.0000000
