325242.2968822121 -1434297.0926589421 0.0000000000 1.0000000000 0.0000000000 -5.0000000000
325341.9163520213 -1434305.8082332169 0.0000000000 1.0000000000 1.0000000000 -5.0000000000
325441.5358218304 -1434314.5238074916 0.0000000000 1.0000000000 2.0000000000 -5.0000000000
325541.1552916396 -1434323.2393817664 0.0000000000 1.0000000000 3.0000000000 -5.0000000000
325640.7747614488 -1434331.9549560412 0.0000000000 1.0000000000 4.0000000000 -5.0000000000
325740.3942312580 -1434340.6705303160 0.0000000000 1.0000000000 5.0000000000 -5.0000000000
325840.0137010672 -1434349.3861045907 0.0000000000 1.0000000000 6.0000000000 -5.0000000000
325939.6331708764 -1434358.1016788655 0.0000000000 1.0000000000 7.0000000000 -5.0000000000
326039.2526406856 -1434366.8172531403 0.0000000000 1.0000000000 8.0000000000 -5.0000000000
326138.8721104948 -1434375.5328274150 0.0000000000 1.0000000000 9.0000000000 -5.0000000000
326238.4915803040 -1434384.2484016898 0.0000000000 1.0000000000 10.0000000000 -5.0000000000
326242.8493674414 -1434334.4386667851 0.0000000000 2.0000000000 11.0000000000 175.0000000000
326143.2298976322 -1434325.7230925104 0.0000000000 2.0000000000 12.0000000000 175.0000000000
326043.6104278230 -1434317.0075182356 0.0000000000 2.0000000000 13.0000000000 175.0000000000
325943.9909580138 -1434308.2919439608 0.0000000000 2.0000000000 14.0000000000 175.0000000000
325844.3714882046 -1434299.5763696861 0.0000000000 2.0000000000 15.0000000000 175.0000000000
325744.7520183954 -1434290.8607954113 0.0000000000 2.0000000000 16.0000000000 175.0000000000
325645.1325485862 -1434282.1452211365 0.0000000000 2.0000000000 17.0000000000 175.0000000000
325545.5130787770 -1434273.4296468617 0.0000000000 2.0000000000 18.0000000000 175.0000000000
325445.8936089678 -1434264.7140725870 0.0000000000 2.0000000000 19.0000000000 175.0000000000
325346.2741391586 -1434255.9984983122 0.0000000000 2.0000000000 20.0000000000 175.0000000000
325246.6546693494 -1434247.2829240374 0.0000000000 2.0000000000 21.0000000000 175.0000000000
325251.0124564868 -1434197.4731891328 0.0000000000 3.0000000000 22.0000000000 -5.0000000000
325350.6319262960 -1434206.1887634075 0.0000000000 3.0000000000 23.0000000000 -5.0000000000
325450.2513961052 -1434214.9043376823 0.0000000000 3.0000000000 24.0000000000 -5.0000000000
325549.8708659144 -1434223.6199119571 0.0000000000 3.0000000000 25.0000000000 -5.0000000000
325649.4903357236 -1434232.3354862318 0.0000000000 3.0000000000 26.0000000000 -5.0000000000
325749.1098055328 -1434241.0510605066 0.0000000000 3.0000000000 27.0000000000 -5.0000000000
325848.7292753420 -1434249.7666347814 0.0000000000 3.0000000000 28.0000000000 -5.0000000000
325948.3487451512 -1434258.4822090562 0.0000000000 3.0000000000 29.0000000000 -5.0000000000
326047.9682149604 -1434267.1977833309 0.0000000000 3.0000000000 30.0000000000 -5.0000000000
326147.5876847696 -1434275.9133576057 0.0000000000 3.0000000000 31.0000000000 -5.0000000000
326247.2071545788 -1434284.6289318805 0.0000000000 3.0000000000 32.0000000000 -5.0000000000
326251.5649417162 -1434234.8191969758 0.0000000000 4.0000000000 33.0000000000 175.0000000000
326151.9454719070 -1434226.1036227010 0.0000000000 4.0000000000 34.0000000000 175.0000000000
326052.3260020978 -1434217.3880484262 0.0000000000 4.0000000000 35.0000000000 175.0000000000
325952.7065322886 -1434208.6724741515 0.0000000000 4.0000000000 36.0000000000 175.0000000000
325853.0870624794 -1434199.9568998767 0.0000000000 4.0000000000 37.0000000000 175.0000000000
325753.4675926702 -1434191.2413256019 0.0000000000 4.0000000000 38.0000000000 175.0000000000
325653.8481228610 -1434182.5257513272 0.0000000000 4.0000000000 39.0000000000 175.0000000000
325554.2286530518 -1434173.8101770524 0.0000000000 4.0000000000 40.0000000000 175.0000000000
325454.6091832426 -1434165.0946027776 0.0000000000 4.0000000000 41.0000000000 175.0000000000
325354.9897134334 -1434156.3790285029 0.0000000000 4.0000000000 42.0000000000 175.0000000000
325255.3702436242 -1434147.6634542281 0.0000000000 4.0000000000 43.0000000000 175.0000000000
325259.7280307616 -1434097.8537193234 0.0000000000 5.0000000000 44.0000000000 -5.0000000000
325359.3475005708 -1434106.5692935982 0.0000000000 5.0000000000 45.0000000000 -5.0000000000
325458.9669703800 -1434115.2848678729 0.0000000000 5.0000000000 46.0000000000 -5.0000000000
325558.5864401892 -1434124.0004421477 0.0000000000 5.0000000000 47.0000000000 -5.0000000000
325658.2059099984 -1434132.7160164225 0.0000000000 5.0000000000 48.0000000000 -5.0000000000
325757.8253798076 -1434141.4315906973 0.0000000000 5.0000000000 49.0000000000 -5.0000000000
325857.4448496168 -1434150.1471649720 0.0000000000 5.0000000000 50.0000000000 -5.0000000000
325957.0643194260 -1434158.8627392468 0.0000000000 5.0000000000 51.0000000000 -5.0000000000
326056.6837892352 -1434167.5783135216 0.0000000000 5.0000000000 52.0000000000 -5.0000000000
326156.3032590444 -1434176.2938877963 0.0000000000 5.0000000000 53.0000000000 -5.0000000000
326255.9227288536 -1434185.0094620711 0.0000000000 5.0000000000 54.0000000000 -5.0000000000
326260.2805159910 -1434135.1997271664 0.0000000000 6.0000000000 55.0000000000 175.0000000000
326160.6610461818 -1434126.4841528917 0.0000000000 6.0000000000 56.0000000000 175.0000000000
326061.0415763726 -1434117.7685786169 0.0000000000 6.0000000000 57.0000000000 175.0000000000
325961.4221065634 -1434109.0530043421 0.0000000000 6.0000000000 58.0000000000 175.0000000000
325861.8026367542 -1434100.3374300674 0.0000000000 6.0000000000 59.0000000000 175.0000000000
325762.1831669450 -1434091.6218557926 0.0000000000 6.0000000000 60.0000000000 175.0000000000
325662.5636971358 -1434082.9062815178 0.0000000000 6.0000000000 61.0000000000 175.0000000000
325562.9442273266 -1434074.1907072430 0.0000000000 6.0000000000 62.0000000000 175.0000000000
325463.3247575174 -1434065.4751329683 0.0000000000 6.0000000000 63.0000000000 175.0000000000
325363.7052877082 -1434056.7595586935 0.0000000000 6.0000000000 64.0000000000 175.0000000000
325264.0858178990 -1434048.0439844187 0.0000000000 6.0000000000 65.0000000000 175.0000000000
325168.8241352272 -1433989.5186752393 0.0000000000 7.0000000000 66.0000000000 -5.0000000000
325268.4436050364 -1433998.2342495141 0.0000000000 7.0000000000 67.0000000000 -5.0000000000
325368.0630748456 -1434006.9498237888 0.0000000000 7.0000000000 68.0000000000 -5.0000000000
325467.6825446548 -1434015.6653980636 0.0000000000 7.0000000000 69.0000000000 -5.0000000000
325567.3020144640 -1434024.3809723384 0.0000000000 7.0000000000 70.0000000000 -5.0000000000
325666.9214842732 -1434033.0965466131 0.0000000000 7.0000000000 71.0000000000 -5.0000000000
325766.5409540824 -1434041.8121208879 0.0000000000 7.0000000000 72.0000000000 -5.0000000000
325866.1604238916 -1434050.5276951627 0.0000000000 7.0000000000 73.0000000000 -5.0000000000
325965.7798937008 -1434059.2432694375 0.0000000000 7.0000000000 74.0000000000 -5.0000000000
326065.3993635100 -1434067.9588437122 0.0000000000 7.0000000000 75.0000000000 -5.0000000000
326165.0188333192 -1434076.6744179870 0.0000000000 7.0000000000 76.0000000000 -5.0000000000
326264.6383031284 -1434085.3899922618 0.0000000000 7.0000000000 77.0000000000 -5.0000000000
326268.9960902658 -1434035.5802573571 0.0000000000 8.0000000000 78.0000000000 175.0000000000
326169.3766204566 -1434026.8646830823 0.0000000000 8.0000000000 79.0000000000 175.0000000000
326069.7571506474 -1434018.1491088076 0.0000000000 8.0000000000 80.0000000000 175.0000000000
325970.1376808382 -1434009.4335345328 0.0000000000 8.0000000000 81.0000000000 175.0000000000
325870.5182110290 -1434000.7179602580 0.0000000000 8.0000000000 82.0000000000 175.0000000000
325770.8987412198 -1433992.0023859832 0.0000000000 8.0000000000 83.0000000000 175.0000000000
325671.2792714106 -1433983.2868117085 0.0000000000 8.0000000000 84.0000000000 175.0000000000
325571.6598016014 -1433974.5712374337 0.0000000000 8.0000000000 85.0000000000 175.0000000000
325472.0403317922 -1433965.8556631589 0.0000000000 8.0000000000 86.0000000000 175.0000000000
325372.4208619830 -1433957.1400888842 0.0000000000 8.0000000000 87.0000000000 175.0000000000
325272.8013921738 -1433948.4245146094 0.0000000000 8.0000000000 88.0000000000 175.0000000000
325173.1819223646 -1433939.7089403346 0.0000000000 8.0000000000 89.0000000000 175.0000000000
325177.5397095020 -1433889.8992054299 0.0000000000 9.0000000000 90.0000000000 -5.0000000000
325277.1591793112 -1433898.6147797047 0.0000000000 9.0000000000 91.0000000000 -5.0000000000
325376.7786491204 -1433907.3303539795 0.0000000000 9.0000000000 92.0000000000 -5.0000000000
325476.3981189296 -1433916.0459282543 0.0000000000 9.0000000000 93.0000000000 -5.0000000000
325576.0175887388 -1433924.7615025290 0.0000000000 9.0000000000 94.0000000000 -5.0000000000
325675.6370585480 -1433933.4770768038 0.0000000000 9.0000000000 95.0000000000 -5.0000000000
325775.2565283572 -1433942.1926510786 0.0000000000 9.0000000000 96.0000000000 -5.0000000000
325874.8759981664 -1433950.9082253533 0.0000000000 9.0000000000 97.0000000000 -5.0000000000
325974.4954679756 -1433959.6237996281 0.0000000000 9.0000000000 98.0000000000 -5.0000000000
326074.1149377848 -1433968.3393739029 0.0000000000 9.0000000000 99.0000000000 -5.0000000000
326173.7344075940 -1433977.0549481777 0.0000000000 9.0000000000 100.0000000000 -5.0000000000
326273.3538774032 -1433985.7705224524 0.0000000000 9.0000000000 101.0000000000 -5.0000000000
326277.7116645406 -1433935.9607875478 0.0000000000 10.0000000000 102.0000000000 175.0000000000
326178.0921947314 -1433927.2452132730 0.0000000000 10.0000000000 103.0000000000 175.0000000000
326078.4727249222 -1433918.5296389982 0.0000000000 10.0000000000 104.0000000000 175.0000000000
325978.8532551130 -1433909.8140647234 0.0000000000 10.0000000000 105.0000000000 175.0000000000
325879.2337853038 -1433901.0984904487 0.0000000000 10.0000000000 106.0000000000 175.0000000000
325779.6143154946 -1433892.3829161739 0.0000000000 10.0000000000 107.0000000000 175.0000000000
325679.9948456854 -1433883.6673418991 0.0000000000 10.0000000000 108.0000000000 175.0000000000
325580.3753758762 -1433874.9517676244 0.0000000000 10.0000000000 109.0000000000 175.0000000000
325480.7559060670 -1433866.2361933496 0.0000000000 10.0000000000 110.0000000000 175.0000000000
325381.1364362578 -1433857.5206190748 0.0000000000 10.0000000000 111.0000000000 175.0000000000
325281.5169664486 -1433848.8050448000 0.0000000000 10.0000000000 112.0000000000 175.0000000000
325181.8974966394 -1433840.0894705253 0.0000000000 10.0000000000 113.0000000000 175.0000000000
325186.2552837768 -1433790.2797356206 0.0000000000 11.0000000000 114.0000000000 -5.0000000000
325285.8747535860 -1433798.9953098954 0.0000000000 11.0000000000 115.0000000000 -5.0000000000
325385.4942233952 -1433807.7108841701 0.0000000000 11.0000000000 116.0000000000 -5.0000000000
325485.1136932044 -1433816.4264584449 0.0000000000 11.0000000000 117.0000000000 -5.0000000000
325584.7331630136 -1433825.1420327197 0.0000000000 11.0000000000 118.0000000000 -5.0000000000
325684.3526328228 -1433833.8576069945 0.0000000000 11.0000000000 119.0000000000 -5.0000000000
325783.9721026320 -1433842.5731812692 0.0000000000 11.0000000000 120.0000000000 -5.0000000000
325883.5915724412 -1433851.2887555440 0.0000000000 11.0000000000 121.0000000000 -5.0000000000
325983.2110422504 -1433860.0043298188 0.0000000000 11.0000000000 122.0000000000 -5.0000000000
326082.8305120596 -1433868.7199040935 0.0000000000 11.0000000000 123.0000000000 -5.0000000000
326182.4499818688 -1433877.4354783683 0.0000000000 11.0000000000 124.0000000000 -5.0000000000
326282.0694516780 -1433886.1510526431 0.0000000000 11.0000000000 125.0000000000 -5.0000000000
326286.4272388154 -1433836.3413177384 0.0000000000 12.0000000000 126.0000000000 175.0000000000
326186.8077690062 -1433827.6257434636 0.0000000000 12.0000000000 127.0000000000 175.0000000000
326087.1882991970 -1433818.9101691889 0.0000000000 12.0000000000 128.0000000000 175.0000000000
325987.5688293878 -1433810.1945949141 0.0000000000 12.0000000000 129.0000000000 175.0000000000
325887.9493595786 -1433801.4790206393 0.0000000000 12.0000000000 130.0000000000 175.0000000000
325788.3298897694 -1433792.7634463646 0.0000000000 12.0000000000 131.0000000000 175.0000000000
325688.7104199602 -1433784.0478720898 0.0000000000 12.0000000000 132.0000000000 175.0000000000
325589.0909501510 -1433775.3322978150 0.0000000000 12.0000000000 133.0000000000 175.0000000000
325489.4714803418 -1433766.6167235402 0.0000000000 12.0000000000 134.0000000000 175.0000000000
325389.8520105326 -1433757.9011492655 0.0000000000 12.0000000000 135.0000000000 175.0000000000
325290.2325407234 -1433749.1855749907 0.0000000000 12.0000000000 136.0000000000 175.0000000000
325190.6130709142 -1433740.4700007159 0.0000000000 12.0000000000 137.0000000000 175.0000000000
325194.9708580516 -1433690.6602658113 0.0000000000 13.0000000000 138.0000000000 -5.0000000000
325294.5903278608 -1433699.3758400860 0.0000000000 13.0000000000 139.0000000000 -5.0000000000
325394.2097976700 -1433708.0914143608 0.0000000000 13.0000000000 140.0000000000 -5.0000000000
325493.8292674792 -1433716.8069886356 0.0000000000 13.0000000000 141.0000000000 -5.0000000000
325593.4487372884 -1433725.5225629103 0.0000000000 13.0000000000 142.0000000000 -5.0000000000
325693.0682070976 -1433734.2381371851 0.0000000000 13.0000000000 143.0000000000 -5.0000000000
325792.6876769068 -1433742.9537114599 0.0000000000 13.0000000000 144.0000000000 -5.0000000000
325892.3071467160 -1433751.6692857346 0.0000000000 13.0000000000 145.0000000000 -5.0000000000
325991.9266165252 -1433760.3848600094 0.0000000000 13.0000000000 146.0000000000 -5.0000000000
326091.5460863344 -1433769.1004342842 0.0000000000 13.0000000000 147.0000000000 -5.0000000000
326191.1655561436 -1433777.8160085590 0.0000000000 13.0000000000 148.0000000000 -5.0000000000
326290.7850259528 -1433786.5315828337 0.0000000000 13.0000000000 149.0000000000 -5.0000000000
326295.1428130902 -1433736.7218479291 0.0000000000 14.0000000000 150.0000000000 175.0000000000
326195.5233432810 -1433728.0062736543 0.0000000000 14.0000000000 151.0000000000 175.0000000000
326095.9038734718 -1433719.2906993795 0.0000000000 14.0000000000 152.0000000000 175.0000000000
325996.2844036626 -1433710.5751251047 0.0000000000 14.0000000000 153.0000000000 175.0000000000
325896.6649338534 -1433701.8595508300 0.0000000000 14.0000000000 154.0000000000 175.0000000000
325797.0454640442 -1433693.1439765552 0.0000000000 14.0000000000 155.0000000000 175.0000000000
325697.4259942350 -1433684.4284022804 0.0000000000 14.0000000000 156.0000000000 175.0000000000
325597.8065244258 -1433675.7128280057 0.0000000000 14.0000000000 157.0000000000 175.0000000000
325498.1870546166 -1433666.9972537309 0.0000000000 14.0000000000 158.0000000000 175.0000000000
325398.5675848074 -1433658.2816794561 0.0000000000 14.0000000000 159.0000000000 175.0000000000
325298.9481149982 -1433649.5661051814 0.0000000000 14.0000000000 160.0000000000 175.0000000000
325199.3286451890 -1433640.8505309066 0.0000000000 14.0000000000 161.0000000000 175.0000000000
325203.6864323264 -1433591.0407960019 0.0000000000 15.0000000000 162.0000000000 -5.0000000000
325303.3059021356 -1433599.7563702767 0.0000000000 15.0000000000 163.0000000000 -5.0000000000
325402.9253719448 -1433608.4719445514 0.0000000000 15.0000000000 164.0000000000 -5.0000000000
325502.5448417540 -1433617.1875188262 0.0000000000 15.0000000000 165.0000000000 -5.0000000000
325602.1643115632 -1433625.9030931010 0.0000000000 15.0000000000 166.0000000000 -5.0000000000
325701.7837813724 -1433634.6186673758 0.0000000000 15.0000000000 167.0000000000 -5.0000000000
325801.4032511816 -1433643.3342416505 0.0000000000 15.0000000000 168.0000000000 -5.0000000000
325901.0227209908 -1433652.0498159253 0.0000000000 15.0000000000 169.0000000000 -5.0000000000
326000.6421908000 -1433660.7653902001 0.0000000000 15.0000000000 170.0000000000 -5.0000000000
326100.2616606092 -1433669.4809644748 0.0000000000 15.0000000000 171.0000000000 -5.0000000000
326199.8811304184 -1433678.1965387496 0.0000000000 15.0000000000 172.0000000000 -5.0000000000
326299.5006002276 -1433686.9121130244 0.0000000000 15.0000000000 173.0000000000 -5.0000000000
326303.8583873650 -1433637.1023781197 0.0000000000 16.0000000000 174.0000000000 175.0000000000
326204.2389175558 -1433628.3868038449 0.0000000000 16.0000000000 175.0000000000 175.0000000000
326104.6194477466 -1433619.6712295702 0.0000000000 16.0000000000 176.0000000000 175.0000000000
326004.9999779374 -1433610.9556552954 0.0000000000 16.0000000000 177.0000000000 175.0000000000
325905.3805081282 -1433602.2400810206 0.0000000000 16.0000000000 178.0000000000 175.0000000000
325805.7610383190 -1433593.5245067459 0.0000000000 16.0000000000 179.0000000000 175.0000000000
325706.1415685098 -1433584.8089324711 0.0000000000 16.0000000000 180.0000000000 175.0000000000
325606.5220987006 -1433576.0933581963 0.0000000000 16.0000000000 181.0000000000 175.0000000000
325506.9026288914 -1433567.3777839215 0.0000000000 16.0000000000 182.0000000000 175.0000000000
325407.2831590822 -1433558.6622096468 0.0000000000 16.0000000000 183.0000000000 175.0000000000
325307.6636892730 -1433549.9466353720 0.0000000000 16.0000000000 184.0000000000 175.0000000000
325208.0442194638 -1433541.2310610972 0.0000000000 16.0000000000 185.0000000000 175.0000000000
325212.4020066012 -1433491.4213261926 0.0000000000 17.0000000000 186.0000000000 -5.0000000000
325312.0214764104 -1433500.1369004673 0.0000000000 17.0000000000 187.0000000000 -5.0000000000
325411.6409462196 -1433508.8524747421 0.0000000000 17.0000000000 188.0000000000 -5.0000000000
325511.2604160288 -1433517.5680490169 0.0000000000 17.0000000000 189.0000000000 -5.0000000000
325610.8798858380 -1433526.2836232916 0.0000000000 17.0000000000 190.0000000000 -5.0000000000
325710.4993556472 -1433534.9991975664 0.0000000000 17.0000000000 191.0000000000 -5.0000000000
325810.1188254564 -1433543.7147718412 0.0000000000 17.0000000000 192.0000000000 -5.0000000000
325909.7382952656 -1433552.4303461160 0.0000000000 17.0000000000 193.0000000000 -5.0000000000
326009.3577650748 -1433561.1459203907 0.0000000000 17.0000000000 194.0000000000 -5.0000000000
326108.9772348840 -1433569.8614946655 0.0000000000 17.0000000000 195.0000000000 -5.0000000000
326208.5967046932 -1433578.5770689403 0.0000000000 17.0000000000 196.0000000000 -5.0000000000
326308.2161745024 -1433587.2926432150 0.0000000000 17.0000000000 197.0000000000 -5.0000000000
326312.5739616398 -1433537.4829083104 0.0000000000 18.0000000000 198.0000000000 175.0000000000
326212.9544918306 -1433528.7673340356 0.0000000000 18.0000000000 199.0000000000 175.0000000000
326113.3350220214 -1433520.0517597608 0.0000000000 18.0000000000 200.0000000000 175.0000000000
326013.7155522122 -1433511.3361854861 0.0000000000 18.0000000000 201.0000000000 175.0000000000
325914.0960824030 -1433502.6206112113 0.0000000000 18.0000000000 202.0000000000 175.0000000000
325814.4766125938 -1433493.9050369365 0.0000000000 18.0000000000 203.0000000000 175.0000000000
325714.8571427846 -1433485.1894626617 0.0000000000 18.0000000000 204.0000000000 175.0000000000
325615.2376729754 -1433476.4738883870 0.0000000000 18.0000000000 205.0000000000 175.0000000000
325515.6182031662 -1433467.7583141122 0.0000000000 18.0000000000 206.0000000000 175.0000000000
325415.9987333570 -1433459.0427398374 0.0000000000 18.0000000000 207.0000000000 175.0000000000
325316.3792635478 -1433450.3271655627 0.0000000000 18.0000000000 208.0000000000 175.0000000000
325216.7597937386 -1433441.6115912879 0.0000000000 18.0000000000 209.0000000000 175.0000000000
325221.1175808760 -1433391.8018563832 0.0000000000 19.0000000000 210.0000000000 -5.0000000000
325320.7370506852 -1433400.5174306580 0.0000000000 19.0000000000 211.0000000000 -5.0000000000
325420.3565204944 -1433409.2330049328 0.0000000000 19.0000000000 212.0000000000 -5.0000000000
325519.9759903036 -1433417.9485792075 0.0000000000 19.0000000000 213.0000000000 -5.0000000000
325619.5954601128 -1433426.6641534823 0.0000000000 19.0000000000 214.0000000000 -5.0000000000
325719.2149299220 -1433435.3797277571 0.0000000000 19.0000000000 215.0000000000 -5.0000000000
325818.8343997312 -1433444.0953020318 0.0000000000 19.0000000000 216.0000000000 -5.0000000000
325918.4538695404 -1433452.8108763066 0.0000000000 19.0000000000 217.0000000000 -5.0000000000
326018.0733393496 -1433461.5264505814 0.0000000000 19.0000000000 218.0000000000 -5.0000000000
326117.6928091588 -1433470.2420248562 0.0000000000 19.0000000000 219.0000000000 -5.0000000000
326217.3122789680 -1433478.9575991309 0.0000000000 19.0000000000 220.0000000000 -5.0000000000
326316.9317487772 -1433487.6731734057 0.0000000000 19.0000000000 221.0000000000 -5.0000000000
326321.2895359146 -1433437.8634385010 0.0000000000 20.0000000000 222.0000000000 175.0000000000
326221.6700661054 -1433429.1478642263 0.0000000000 20.0000000000 223.0000000000 175.0000000000
326122.0505962962 -1433420.4322899515 0.0000000000 20.0000000000 224.0000000000 175.0000000000
326022.4311264870 -1433411.7167156767 0.0000000000 20.0000000000 225.0000000000 175.0000000000
325922.8116566778 -1433403.0011414019 0.0000000000 20.0000000000 226.0000000000 175.0000000000
325823.1921868686 -1433394.2855671272 0.0000000000 20.0000000000 227.0000000000 175.0000000000
325723.5727170594 -1433385.5699928524 0.0000000000 20.0000000000 228.0000000000 175.0000000000
325623.9532472502 -1433376.8544185776 0.0000000000 20.0000000000 229.0000000000 175.0000000000
325524.3337774410 -1433368.1388443029 0.0000000000 20.0000000000 230.0000000000 175.0000000000
325424.7143076318 -1433359.4232700281 0.0000000000 20.0000000000 231.0000000000 175.0000000000
325325.0948378226 -1433350.7076957533 0.0000000000 20.0000000000 232.0000000000 175.0000000000
325225.4753680134 -1433341.9921214785 0.0000000000 20.0000000000 233.0000000000 175.0000000000
325229.8331551508 -1433292.1823865739 0.0000000000 21.0000000000 234.0000000000 -5.0000000000
325329.4526249600 -1433300.8979608486 0.0000000000 21.0000000000 235.0000000000 -5.0000000000
325429.0720947692 -1433309.6135351234 0.0000000000 21.0000000000 236.0000000000 -5.0000000000
325528.6915645784 -1433318.3291093982 0.0000000000 21.0000000000 237.0000000000 -5.0000000000
325628.3110343876 -1433327.0446836730 0.0000000000 21.0000000000 238.0000000000 -5.0000000000
325727.9305041968 -1433335.7602579477 0.0000000000 21.0000000000 239.0000000000 -5.0000000000
325827.5499740060 -1433344.4758322225 0.0000000000 21.0000000000 240.0000000000 -5.0000000000
325927.1694438152 -1433353.1914064973 0.0000000000 21.0000000000 241.0000000000 -5.0000000000
326026.7889136244 -1433361.9069807720 0.0000000000 21.0000000000 242.0000000000 -5.0000000000
326126.4083834336 -1433370.6225550468 0.0000000000 21.0000000000 243.0000000000 -5.0000000000
326226.0278532428 -1433379.3381293216 0.0000000000 21.0000000000 244.0000000000 -5.0000000000
326325.6473230520 -1433388.0537035963 0.0000000000 21.0000000000 245.0000000000 -5.0000000000
326230.3856403802 -1433329.5283944169 0.0000000000 22.0000000000 246.0000000000 175.0000000000
326130.7661705710 -1433320.8128201421 0.0000000000 22.0000000000 247.0000000000 175.0000000000
326031.1467007618 -1433312.0972458674 0.0000000000 22.0000000000 248.0000000000 175.0000000000
325931.5272309526 -1433303.3816715926 0.0000000000 22.0000000000 249.0000000000 175.0000000000
325831.9077611434 -1433294.6660973178 0.0000000000 22.0000000000 250.0000000000 175.0000000000
325732.2882913342 -1433285.9505230431 0.0000000000 22.0000000000 251.0000000000 175.0000000000
325632.6688215250 -1433277.2349487683 0.0000000000 22.0000000000 252.0000000000 175.0000000000
325533.0493517158 -1433268.5193744935 0.0000000000 22.0000000000 253.0000000000 175.0000000000
325433.4298819066 -1433259.8038002187 0.0000000000 22.0000000000 254.0000000000 175.0000000000
325333.8104120974 -1433251.0882259440 0.0000000000 22.0000000000 255.0000000000 175.0000000000
325234.1909422882 -1433242.3726516692 0.0000000000 22.0000000000 256.0000000000 175.0000000000
325238.5487294256 -1433192.5629167645 0.0000000000 23.0000000000 257.0000000000 -5.0000000000
325338.1681992348 -1433201.2784910393 0.0000000000 23.0000000000 258.0000000000 -5.0000000000
325437.7876690440 -1433209.9940653141 0.0000000000 23.0000000000 259.0000000000 -5.0000000000
325537.4071388532 -1433218.7096395888 0.0000000000 23.0000000000 260.0000000000 -5.0000000000
325637.0266086624 -1433227.4252138636 0.0000000000 23.0000000000 261.0000000000 -5.0000000000
325736.6460784716 -1433236.1407881384 0.0000000000 23.0000000000 262.0000000000 -5.0000000000
325836.2655482808 -1433244.8563624131 0.0000000000 23.0000000000 263.0000000000 -5.0000000000
325935.8850180900 -1433253.5719366879 0.0000000000 23.0000000000 264.0000000000 -5.0000000000
326035.5044878992 -1433262.2875109627 0.0000000000 23.0000000000 265.0000000000 -5.0000000000
326135.1239577084 -1433271.0030852375 0.0000000000 23.0000000000 266.0000000000 -5.0000000000
326234.7434275176 -1433279.7186595122 0.0000000000 23.0000000000 267.0000000000 -5.0000000000
326239.1012146550 -1433229.9089246076 0.0000000000 24.0000000000 268.0000000000 175.0000000000
326139.4817448458 -1433221.1933503328 0.0000000000 24.0000000000 269.0000000000 175.0000000000
326039.8622750366 -1433212.4777760580 0.0000000000 24.0000000000 270.0000000000 175.0000000000
325940.2428052274 -1433203.7622017832 0.0000000000 24.0000000000 271.0000000000 175.0000000000
325840.6233354182 -1433195.0466275085 0.0000000000 24.0000000000 272.0000000000 175.0000000000
325741.0038656090 -1433186.3310532337 0.0000000000 24.0000000000 273.0000000000 175.0000000000
325641.3843957998 -1433177.6154789589 0.0000000000 24.0000000000 274.0000000000 175.0000000000
325541.7649259906 -1433168.8999046842 0.0000000000 24.0000000000 275.0000000000 175.0000000000
325442.1454561814 -1433160.1843304094 0.0000000000 24.0000000000 276.0000000000 175.0000000000
325342.5259863722 -1433151.4687561346 0.0000000000 24.0000000000 277.0000000000 175.0000000000
