341134.5315527340 4576769.6136908252 0.0000000000 1.0000000000 0.0000000000 430.0000000000 1.0000000000
341168.7335670666 4576863.5829529036 0.0000000000 1.0000000000 1.0000000000 430.0000000000 1.0000000000
341202.9355813992 4576957.5522149829 0.0000000000 1.0000000000 2.0000000000 430.0000000000 1.0000000000
341237.1375957318 4577051.5214770604 0.0000000000 1.0000000000 3.0000000000 430.0000000000 1.0000000000
341271.3396100644 4577145.4907391379 0.0000000000 1.0000000000 4.0000000000 430.0000000000 1.0000000000
341305.5416243970 4577239.4600012172 0.0000000000 1.0000000000 5.0000000000 430.0000000000 1.0000000000
341339.7436387296 4577333.4292632965 0.0000000000 1.0000000000 6.0000000000 430.0000000000 1.0000000000
341373.9456530622 4577427.3985253740 0.0000000000 1.0000000000 7.0000000000 430.0000000000 1.0000000000
341400.0233117437 4577499.0463037537 0.0000000000 1.0000000000 8.0000000000 430.0000000000 1.0000000000
341610.0322050785 4577783.6605560593 0.0000000000 2.0000000000 9.0000000000 -430.0000000000 1.0000000000
341590.2765816085 4577729.3824266680 0.0000000000 2.0000000000 10.0000000000 -430.0000000000 1.0000000000
341570.5209581386 4577675.1042972766 0.0000000000 2.0000000000 11.0000000000 250.0000000000 1.0000000000
341536.3189438060 4577581.1350351982 0.0000000000 2.0000000000 12.0000000000 250.0000000000 1.0000000000
341502.1169294734 4577487.1657731198 0.0000000000 2.0000000000 13.0000000000 250.0000000000 1.0000000000
341467.9149151408 4577393.1965110423 0.0000000000 2.0000000000 14.0000000000 250.0000000000 1.0000000000
341433.7129008082 4577299.2272489630 0.0000000000 2.0000000000 15.0000000000 250.0000000000 1.0000000000
341399.5108864756 4577205.2579868846 0.0000000000 2.0000000000 16.0000000000 250.0000000000 1.0000000000
341365.3088721430 4577111.2887248062 0.0000000000 2.0000000000 17.0000000000 250.0000000000 1.0000000000
341331.1068578104 4577017.3194627278 0.0000000000 2.0000000000 18.0000000000 250.0000000000 1.0000000000
341296.9048434778 4576923.3502006494 0.0000000000 2.0000000000 19.0000000000 250.0000000000 1.0000000000
341262.7028291452 4576829.3809385709 0.0000000000 2.0000000000 20.0000000000 250.0000000000 1.0000000000
341228.5008148126 4576735.4116764925 0.0000000000 2.0000000000 21.0000000000 250.0000000000 1.0000000000
341209.7495531107 4576683.8930083802 0.0000000000 2.0000000000 22.0000000000 250.0000000000 1.0000000000
341190.9982914088 4576632.3743402679 0.0000000000 2.0000000000 23.0000000000 250.0000000000 1.0000000000
341289.8755696185 4576611.6569894301 0.0000000000 3.0000000000 24.0000000000 -250.0000000000 1.0000000000
341322.4700768912 4576701.2096621599 0.0000000000 3.0000000000 25.0000000000 430.0000000000 1.0000000000
341356.6720912238 4576795.1789242383 0.0000000000 3.0000000000 26.0000000000 430.0000000000 1.0000000000
341390.8741055564 4576889.1481863167 0.0000000000 3.0000000000 27.0000000000 430.0000000000 1.0000000000
341425.0761198890 4576983.1174483951 0.0000000000 3.0000000000 28.0000000000 430.0000000000 1.0000000000
341459.2781342216 4577077.0867104735 0.0000000000 3.0000000000 29.0000000000 430.0000000000 1.0000000000
341493.4801485542 4577171.0559725519 0.0000000000 3.0000000000 30.0000000000 430.0000000000 1.0000000000
341527.6821628868 4577265.0252346303 0.0000000000 3.0000000000 31.0000000000 430.0000000000 1.0000000000
341561.8841772194 4577358.9944967087 0.0000000000 3.0000000000 32.0000000000 430.0000000000 1.0000000000
341596.0861915520 4577452.9637587871 0.0000000000 3.0000000000 33.0000000000 430.0000000000 1.0000000000
341630.2882058846 4577546.9330208655 0.0000000000 3.0000000000 34.0000000000 430.0000000000 1.0000000000
341664.4902202172 4577640.9022829439 0.0000000000 3.0000000000 35.0000000000 430.0000000000 1.0000000000
341687.2172570108 4577703.3443033453 0.0000000000 3.0000000000 36.0000000000 430.0000000000 1.0000000000
341764.4023089433 4577623.0280506331 0.0000000000 4.0000000000 37.0000000000 -430.0000000000 1.0000000000
341744.3298884532 4577567.8795285830 0.0000000000 4.0000000000 38.0000000000 -430.0000000000 1.0000000000
341724.2574679632 4577512.7310065329 0.0000000000 4.0000000000 39.0000000000 250.0000000000 1.0000000000
341690.0554536306 4577418.7617444554 0.0000000000 4.0000000000 40.0000000000 250.0000000000 1.0000000000
341655.8534392980 4577324.7924823761 0.0000000000 4.0000000000 41.0000000000 250.0000000000 1.0000000000
341621.6514249654 4577230.8232202977 0.0000000000 4.0000000000 42.0000000000 250.0000000000 1.0000000000
341587.4494106328 4577136.8539582193 0.0000000000 4.0000000000 43.0000000000 250.0000000000 1.0000000000
341553.2473963002 4577042.8846961409 0.0000000000 4.0000000000 44.0000000000 250.0000000000 1.0000000000
341519.0453819676 4576948.9154340634 0.0000000000 4.0000000000 45.0000000000 250.0000000000 1.0000000000
341484.8433676350 4576854.9461719841 0.0000000000 4.0000000000 46.0000000000 250.0000000000 1.0000000000
341450.6413533024 4576760.9769099057 0.0000000000 4.0000000000 47.0000000000 250.0000000000 1.0000000000
341416.4393389698 4576667.0076478273 0.0000000000 4.0000000000 48.0000000000 250.0000000000 1.0000000000
341388.7528478284 4576590.9396385923 0.0000000000 4.0000000000 49.0000000000 250.0000000000 1.0000000000
341487.6301260382 4576570.2222877545 0.0000000000 5.0000000000 50.0000000000 -250.0000000000 1.0000000000
341510.4086010484 4576632.8056334946 0.0000000000 5.0000000000 51.0000000000 430.0000000000 1.0000000000
341544.6106153810 4576726.7748955721 0.0000000000 5.0000000000 52.0000000000 430.0000000000 1.0000000000
341578.8126297136 4576820.7441576514 0.0000000000 5.0000000000 53.0000000000 430.0000000000 1.0000000000
341613.0146440462 4576914.7134197289 0.0000000000 5.0000000000 54.0000000000 430.0000000000 1.0000000000
341647.2166583788 4577008.6826818082 0.0000000000 5.0000000000 55.0000000000 430.0000000000 1.0000000000
341681.4186727114 4577102.6519438876 0.0000000000 5.0000000000 56.0000000000 430.0000000000 1.0000000000
341715.6206870440 4577196.6212059651 0.0000000000 5.0000000000 57.0000000000 430.0000000000 1.0000000000
341749.8227013766 4577290.5904680435 0.0000000000 5.0000000000 58.0000000000 430.0000000000 1.0000000000
341784.0247157092 4577384.5597301219 0.0000000000 5.0000000000 59.0000000000 430.0000000000 1.0000000000
341818.2267300418 4577478.5289922003 0.0000000000 5.0000000000 60.0000000000 430.0000000000 1.0000000000
341841.5873608759 4577542.7117979210 0.0000000000 5.0000000000 61.0000000000 430.0000000000 1.0000000000
341918.7724128087 4577462.3955452098 0.0000000000 6.0000000000 62.0000000000 -430.0000000000 1.0000000000
341898.3831952983 4577406.3766304990 0.0000000000 6.0000000000 63.0000000000 -430.0000000000 1.0000000000
341877.9939777878 4577350.3577157883 0.0000000000 6.0000000000 64.0000000000 250.0000000000 1.0000000000
341843.7919634552 4577256.3884537108 0.0000000000 6.0000000000 65.0000000000 250.0000000000 1.0000000000
341809.5899491226 4577162.4191916315 0.0000000000 6.0000000000 66.0000000000 250.0000000000 1.0000000000
341775.3879347900 4577068.4499295540 0.0000000000 6.0000000000 67.0000000000 250.0000000000 1.0000000000
341741.1859204574 4576974.4806674765 0.0000000000 6.0000000000 68.0000000000 250.0000000000 1.0000000000
341706.9839061248 4576880.5114053972 0.0000000000 6.0000000000 69.0000000000 250.0000000000 1.0000000000
341672.7818917922 4576786.5421433197 0.0000000000 6.0000000000 70.0000000000 250.0000000000 1.0000000000
341638.5798774596 4576692.5728812404 0.0000000000 6.0000000000 71.0000000000 250.0000000000 1.0000000000
341604.3778631270 4576598.6036191620 0.0000000000 6.0000000000 72.0000000000 250.0000000000 1.0000000000
341586.5074042480 4576549.5049369168 0.0000000000 6.0000000000 73.0000000000 250.0000000000 1.0000000000
341685.3846824582 4576528.7875860799 0.0000000000 7.0000000000 74.0000000000 -250.0000000000 1.0000000000
341708.9669109982 4576593.5792264938 0.0000000000 7.0000000000 75.0000000000 -250.0000000000 1.0000000000
341732.5491395382 4576658.3708669078 0.0000000000 7.0000000000 76.0000000000 430.0000000000 1.0000000000
341766.7511538708 4576752.3401289852 0.0000000000 7.0000000000 77.0000000000 430.0000000000 1.0000000000
341800.9531682034 4576846.3093910646 0.0000000000 7.0000000000 78.0000000000 430.0000000000 1.0000000000
341835.1551825360 4576940.2786531430 0.0000000000 7.0000000000 79.0000000000 430.0000000000 1.0000000000
341869.3571968686 4577034.2479152204 0.0000000000 7.0000000000 80.0000000000 430.0000000000 1.0000000000
341903.5592112012 4577128.2171772998 0.0000000000 7.0000000000 81.0000000000 430.0000000000 1.0000000000
341937.7612255338 4577222.1864393773 0.0000000000 7.0000000000 82.0000000000 430.0000000000 1.0000000000
341971.9632398664 4577316.1557014566 0.0000000000 7.0000000000 83.0000000000 430.0000000000 1.0000000000
341995.9574647410 4577382.0792924967 0.0000000000 7.0000000000 84.0000000000 430.0000000000 1.0000000000
342073.1425166734 4577301.7630397845 0.0000000000 8.0000000000 85.0000000000 -430.0000000000 1.0000000000
342052.4365021429 4577244.8737324150 0.0000000000 8.0000000000 86.0000000000 -430.0000000000 1.0000000000
342031.7304876124 4577187.9844250455 0.0000000000 8.0000000000 87.0000000000 250.0000000000 1.0000000000
341997.5284732798 4577094.0151629671 0.0000000000 8.0000000000 88.0000000000 250.0000000000 1.0000000000
341963.3264589472 4577000.0459008887 0.0000000000 8.0000000000 89.0000000000 250.0000000000 1.0000000000
341929.1244446146 4576906.0766388094 0.0000000000 8.0000000000 90.0000000000 250.0000000000 1.0000000000
341894.9224302820 4576812.1073767319 0.0000000000 8.0000000000 91.0000000000 250.0000000000 1.0000000000
341860.7204159494 4576718.1381146535 0.0000000000 8.0000000000 92.0000000000 250.0000000000 1.0000000000
341826.5184016168 4576624.1688525751 0.0000000000 8.0000000000 93.0000000000 250.0000000000 1.0000000000
341805.3901811424 4576566.1195439082 0.0000000000 8.0000000000 94.0000000000 250.0000000000 1.0000000000
341784.2619606681 4576508.0702352412 0.0000000000 8.0000000000 95.0000000000 250.0000000000 1.0000000000
341883.1392388780 4576487.3528844044 0.0000000000 9.0000000000 96.0000000000 -250.0000000000 1.0000000000
341901.8134512867 4576538.6598613234 0.0000000000 9.0000000000 97.0000000000 -250.0000000000 1.0000000000
341920.4876636954 4576589.9668382425 0.0000000000 9.0000000000 98.0000000000 430.0000000000 1.0000000000
341954.6896780280 4576683.9361003209 0.0000000000 9.0000000000 99.0000000000 430.0000000000 1.0000000000
341988.8916923606 4576777.9053623993 0.0000000000 9.0000000000 100.0000000000 430.0000000000 1.0000000000
342023.0937066932 4576871.8746244777 0.0000000000 9.0000000000 101.0000000000 430.0000000000 1.0000000000
342057.2957210258 4576965.8438865561 0.0000000000 9.0000000000 102.0000000000 430.0000000000 1.0000000000
342091.4977353584 4577059.8131486345 0.0000000000 9.0000000000 103.0000000000 430.0000000000 1.0000000000
342125.6997496910 4577153.7824107129 0.0000000000 9.0000000000 104.0000000000 430.0000000000 1.0000000000
342150.3275686061 4577221.4467870723 0.0000000000 9.0000000000 105.0000000000 430.0000000000 1.0000000000
342179.6490186370 4577009.6263689222 0.0000000000 10.0000000000 106.0000000000 -430.0000000000 1.0000000000
342151.2649831044 4576931.6418722235 0.0000000000 10.0000000000 107.0000000000 250.0000000000 1.0000000000
342117.0629687718 4576837.6726101451 0.0000000000 10.0000000000 108.0000000000 250.0000000000 1.0000000000
342082.8609544392 4576743.7033480667 0.0000000000 10.0000000000 109.0000000000 250.0000000000 1.0000000000
342048.6589401066 4576649.7340859883 0.0000000000 10.0000000000 110.0000000000 250.0000000000 1.0000000000
342014.4569257740 4576555.7648239089 0.0000000000 10.0000000000 111.0000000000 250.0000000000 1.0000000000
341982.0165170881 4576466.6355335666 0.0000000000 10.0000000000 112.0000000000 250.0000000000 1.0000000000
342080.8937952979 4576445.9181827297 0.0000000000 11.0000000000 113.0000000000 -250.0000000000 1.0000000000
342108.4261878526 4576521.5628095772 0.0000000000 11.0000000000 114.0000000000 430.0000000000 1.0000000000
342142.6282021852 4576615.5320716565 0.0000000000 11.0000000000 115.0000000000 430.0000000000 1.0000000000
