QGC WPL 110
2.0 1 0 22 0 0 0 0 -12.951438 31.3613142 0.0 1
3.0 0 0 16 0 0 0 0 -12.9514409 31.361775 0.0 1
4.0 0 0 16 0 0 0 0 -12.9514438 31.3622358 0.0 1
5.0 0 0 16 0 0 0 0 -12.9514467 31.3626966 0.0 1
6.0 0 0 16 0 0 0 0 -12.9514496 31.3631574 0.0 1
7.0 0 0 16 0 0 0 0 -12.9514525 31.3636182 0.0 1
8.0 0 0 16 0 0 0 0 -12.9514554 31.364079 0.0 1
9.0 0 0 16 0 0 0 0 -12.9514582 31.3645398 0.0 1
10.0 0 0 16 0 0 0 0 -12.9514611 31.3650006 0.0 1
11.0 0 0 16 0 0 0 0 -12.951464 31.3654614 0.0 1
12.0 0 0 16 0 0 0 0 -12.9514669 31.3659222 0.0 1
13.0 0 0 16 0 0 0 0 -12.9514698 31.366383 0.0 1
14.0 0 0 16 0 0 0 0 -12.9514727 31.3668438 0.0 1
15.0 0 0 16 0 0 0 0 -12.9514756 31.3673046 0.0 1
16.0 0 0 16 0 0 0 0 -12.9514785 31.3677654 0.0 1
17.0 0 0 16 0 0 0 0 -12.9514814 31.3682262 0.0 1
18.0 0 0 16 0 0 0 0 -12.9514842 31.368687 0.0 1
19.0 0 0 16 0 0 0 0 -12.9514871 31.3691478 0.0 1
20.0 0 0 16 0 0 0 0 -12.95149 31.3696086 0.0 1
21.0 0 0 16 0 0 0 0 -12.9514929 31.3700694 0.0 1
22.0 0 0 16 0 0 0 0 -12.9514958 31.3705302 0.0 1
23.0 0 0 16 0 0 0 0 -12.9514987 31.370991 0.0 1
24.0 0 0 16 0 0 0 0 -12.9515015 31.3714518 0.0 1
25.0 0 0 16 0 0 0 0 -12.9515033 31.3717267 0.0 1
26.0 0 0 16 0 0 0 0 -12.951505 31.3720016 0.0 1
27.0 0 0 16 0 0 0 0 -12.9510529 31.3719909 0.0 1
28.0 0 0 16 0 0 0 0 -12.9510513 31.3717228 0.0 1
29.0 0 0 16 0 0 0 0 -12.9510496 31.3714548 0.0 1
30.0 0 0 16 0 0 0 0 -12.9510467 31.370994 0.0 1
31.0 0 0 16 0 0 0 0 -12.9510438 31.3705332 0.0 1
32.0 0 0 16 0 0 0 0 -12.9510409 31.3700724 0.0 1
33.0 0 0 16 0 0 0 0 -12.9510381 31.3696116 0.0 1
34.0 0 0 16 0 0 0 0 -12.9510352 31.3691508 0.0 1
35.0 0 0 16 0 0 0 0 -12.9510323 31.36869 0.0 1
36.0 0 0 16 0 0 0 0 -12.9510294 31.3682292 0.0 1
37.0 0 0 16 0 0 0 0 -12.9510265 31.3677684 0.0 1
38.0 0 0 16 0 0 0 0 -12.9510236 31.3673076 0.0 1
39.0 0 0 16 0 0 0 0 -12.9510207 31.3668468 0.0 1
40.0 0 0 16 0 0 0 0 -12.9510179 31.366386 0.0 1
41.0 0 0 16 0 0 0 0 -12.951015 31.3659252 0.0 1
42.0 0 0 16 0 0 0 0 -12.9510121 31.3654644 0.0 1
43.0 0 0 16 0 0 0 0 -12.9510092 31.3650036 0.0 1
44.0 0 0 16 0 0 0 0 -12.9510063 31.3645428 0.0 1
45.0 0 0 16 0 0 0 0 -12.9510034 31.364082 0.0 1
46.0 0 0 16 0 0 0 0 -12.9510005 31.3636212 0.0 1
47.0 0 0 16 0 0 0 0 -12.9509976 31.3631604 0.0 1
48.0 0 0 16 0 0 0 0 -12.9509947 31.3626996 0.0 1
49.0 0 0 16 0 0 0 0 -12.9509918 31.3622388 0.0 1
50.0 0 0 16 0 0 0 0 -12.9509889 31.361778 0.0 1
51.0 0 0 16 0 0 0 0 -12.950986 31.3613172 0.0 1
52.0 0 0 16 0 0 0 0 -12.9509831 31.3608564 0.0 1
53.0 0 0 16 0 0 0 0 -12.950981 31.3605128 0.0 1
54.0 0 0 16 0 0 0 0 -12.9509788 31.3601692 0.0 1
55.0 0 0 16 0 0 0 0 -12.9505268 31.3601692 0.0 1
56.0 0 0 16 0 0 0 0 -12.950529 31.3605143 0.0 1
57.0 0 0 16 0 0 0 0 -12.9505312 31.3608593 0.0 1
58.0 0 0 16 0 0 0 0 -12.9505341 31.3613201 0.0 1
59.0 0 0 16 0 0 0 0 -12.950537 31.3617809 0.0 1
60.0 0 0 16 0 0 0 0 -12.9505399 31.3622417 0.0 1
61.0 0 0 16 0 0 0 0 -12.9505428 31.3627025 0.0 1
62.0 0 0 16 0 0 0 0 -12.9505457 31.3631633 0.0 1
63.0 0 0 16 0 0 0 0 -12.9505486 31.3636241 0.0 1
64.0 0 0 16 0 0 0 0 -12.9505514 31.3640849 0.0 1
65.0 0 0 16 0 0 0 0 -12.9505543 31.3645457 0.0 1
66.0 0 0 16 0 0 0 0 -12.9505572 31.3650065 0.0 1
67.0 0 0 16 0 0 0 0 -12.9505601 31.3654673 0.0 1
68.0 0 0 16 0 0 0 0 -12.950563 31.3659281 0.0 1
69.0 0 0 16 0 0 0 0 -12.9505659 31.3663889 0.0 1
70.0 0 0 16 0 0 0 0 -12.9505688 31.3668497 0.0 1
71.0 0 0 16 0 0 0 0 -12.9505717 31.3673105 0.0 1
72.0 0 0 16 0 0 0 0 -12.9505746 31.3677713 0.0 1
73.0 0 0 16 0 0 0 0 -12.9505774 31.3682321 0.0 1
74.0 0 0 16 0 0 0 0 -12.9505803 31.3686929 0.0 1
75.0 0 0 16 0 0 0 0 -12.9505832 31.3691537 0.0 1
76.0 0 0 16 0 0 0 0 -12.9505861 31.3696145 0.0 1
77.0 0 0 16 0 0 0 0 -12.950589 31.3700753 0.0 1
78.0 0 0 16 0 0 0 0 -12.9505919 31.3705361 0.0 1
79.0 0 0 16 0 0 0 0 -12.9505947 31.3709969 0.0 1
80.0 0 0 16 0 0 0 0 -12.9505976 31.3714577 0.0 1
81.0 0 0 16 0 0 0 0 -12.9505993 31.3717189 0.0 1
82.0 0 0 16 0 0 0 0 -12.9506009 31.3719801 0.0 1
83.0 0 0 16 0 0 0 0 -12.9501489 31.3719694 0.0 1
84.0 0 0 16 0 0 0 0 -12.9501473 31.371715 0.0 1
85.0 0 0 16 0 0 0 0 -12.9501457 31.3714606 0.0 1
86.0 0 0 16 0 0 0 0 -12.9501428 31.3709998 0.0 1
87.0 0 0 16 0 0 0 0 -12.9501399 31.370539 0.0 1
88.0 0 0 16 0 0 0 0 -12.950137 31.3700782 0.0 1
89.0 0 0 16 0 0 0 0 -12.9501341 31.3696174 0.0 1
90.0 0 0 16 0 0 0 0 -12.9501313 31.3691566 0.0 1
91.0 0 0 16 0 0 0 0 -12.9501284 31.3686958 0.0 1
92.0 0 0 16 0 0 0 0 -12.9501255 31.368235 0.0 1
93.0 0 0 16 0 0 0 0 -12.9501226 31.3677742 0.0 1
94.0 0 0 16 0 0 0 0 -12.9501197 31.3673134 0.0 1
95.0 0 0 16 0 0 0 0 -12.9501168 31.3668526 0.0 1
96.0 0 0 16 0 0 0 0 -12.9501139 31.3663918 0.0 1
97.0 0 0 16 0 0 0 0 -12.9501111 31.365931 0.0 1
98.0 0 0 16 0 0 0 0 -12.9501082 31.3654702 0.0 1
99.0 0 0 16 0 0 0 0 -12.9501053 31.3650095 0.0 1
100.0 0 0 16 0 0 0 0 -12.9501024 31.3645487 0.0 1
101.0 0 0 16 0 0 0 0 -12.9500995 31.3640879 0.0 1
102.0 0 0 16 0 0 0 0 -12.9500966 31.3636271 0.0 1
103.0 0 0 16 0 0 0 0 -12.9500937 31.3631663 0.0 1
104.0 0 0 16 0 0 0 0 -12.9500908 31.3627055 0.0 1
105.0 0 0 16 0 0 0 0 -12.9500879 31.3622447 0.0 1
106.0 0 0 16 0 0 0 0 -12.950085 31.3617839 0.0 1
107.0 0 0 16 0 0 0 0 -12.9500821 31.3613231 0.0 1
108.0 0 0 16 0 0 0 0 -12.9500792 31.3608623 0.0 1
109.0 0 0 16 0 0 0 0 -12.950077 31.3605157 0.0 1
110.0 0 0 16 0 0 0 0 -12.9500749 31.3601692 0.0 1
111.0 0 0 16 0 0 0 0 -12.9496229 31.3601692 0.0 1
112.0 0 0 16 0 0 0 0 -12.9496251 31.3605172 0.0 1
113.0 0 0 16 0 0 0 0 -12.9496273 31.3608652 0.0 1
114.0 0 0 16 0 0 0 0 -12.9496302 31.361326 0.0 1
115.0 0 0 16 0 0 0 0 -12.9496331 31.3617868 0.0 1
116.0 0 0 16 0 0 0 0 -12.949636 31.3622476 0.0 1
117.0 0 0 16 0 0 0 0 -12.9496389 31.3627084 0.0 1
118.0 0 0 16 0 0 0 0 -12.9496418 31.3631692 0.0 1
119.0 0 0 16 0 0 0 0 -12.9496447 31.36363 0.0 1
120.0 0 0 16 0 0 0 0 -12.9496475 31.3640908 0.0 1
121.0 0 0 16 0 0 0 0 -12.9496504 31.3645516 0.0 1
122.0 0 0 16 0 0 0 0 -12.9496533 31.3650124 0.0 1
123.0 0 0 16 0 0 0 0 -12.9496562 31.3654732 0.0 1
124.0 0 0 16 0 0 0 0 -12.9496591 31.365934 0.0 1
125.0 0 0 16 0 0 0 0 -12.949662 31.3663948 0.0 1
126.0 0 0 16 0 0 0 0 -12.9496649 31.3668556 0.0 1
127.0 0 0 16 0 0 0 0 -12.9496678 31.3673164 0.0 1
128.0 0 0 16 0 0 0 0 -12.9496707 31.3677772 0.0 1
129.0 0 0 16 0 0 0 0 -12.9496735 31.368238 0.0 1
130.0 0 0 16 0 0 0 0 -12.9496764 31.3686988 0.0 1
131.0 0 0 16 0 0 0 0 -12.9496793 31.3691596 0.0 1
132.0 0 0 16 0 0 0 0 -12.9496822 31.3696204 0.0 1
133.0 0 0 16 0 0 0 0 -12.9496851 31.3700812 0.0 1
134.0 0 0 16 0 0 0 0 -12.949688 31.370542 0.0 1
135.0 0 0 16 0 0 0 0 -12.9496908 31.3710028 0.0 1
136.0 0 0 16 0 0 0 0 -12.9496937 31.3714636 0.0 1
137.0 0 0 16 0 0 0 0 -12.9496953 31.3717111 0.0 1
138.0 0 0 16 0 0 0 0 -12.9496968 31.3719587 0.0 1
139.0 0 0 16 0 0 0 0 -12.9492448 31.3719479 0.0 1
140.0 0 0 16 0 0 0 0 -12.9492433 31.3717072 0.0 1
141.0 0 0 16 0 0 0 0 -12.9492418 31.3714665 0.0 1
142.0 0 0 16 0 0 0 0 -12.9492389 31.3710057 0.0 1
143.0 0 0 16 0 0 0 0 -12.949236 31.3705449 0.0 1
144.0 0 0 16 0 0 0 0 -12.9492331 31.3700841 0.0 1
145.0 0 0 16 0 0 0 0 -12.9492302 31.3696233 0.0 1
146.0 0 0 16 0 0 0 0 -12.9492274 31.3691625 0.0 1
147.0 0 0 16 0 0 0 0 -12.9492245 31.3687017 0.0 1
148.0 0 0 16 0 0 0 0 -12.9492216 31.3682409 0.0 1
149.0 0 0 16 0 0 0 0 -12.9492187 31.3677801 0.0 1
150.0 0 0 16 0 0 0 0 -12.9492158 31.3673193 0.0 1
151.0 0 0 16 0 0 0 0 -12.9492129 31.3668585 0.0 1
152.0 0 0 16 0 0 0 0 -12.94921 31.3663977 0.0 1
153.0 0 0 16 0 0 0 0 -12.9492072 31.3659369 0.0 1
154.0 0 0 16 0 0 0 0 -12.9492043 31.3654761 0.0 1
155.0 0 0 16 0 0 0 0 -12.9492014 31.3650153 0.0 1
156.0 0 0 16 0 0 0 0 -12.9491985 31.3645545 0.0 1
157.0 0 0 16 0 0 0 0 -12.9491956 31.3640938 0.0 1
158.0 0 0 16 0 0 0 0 -12.9491927 31.363633 0.0 1
159.0 0 0 16 0 0 0 0 -12.9491898 31.3631722 0.0 1
160.0 0 0 16 0 0 0 0 -12.9491869 31.3627114 0.0 1
161.0 0 0 16 0 0 0 0 -12.949184 31.3622506 0.0 1
162.0 0 0 16 0 0 0 0 -12.9491811 31.3617898 0.0 1
163.0 0 0 16 0 0 0 0 -12.9491782 31.361329 0.0 1
164.0 0 0 16 0 0 0 0 -12.9491753 31.3608682 0.0 1
165.0 0 0 16 0 0 0 0 -12.9491731 31.3605187 0.0 1
166.0 0 0 16 0 0 0 0 -12.9491709 31.3601692 0.0 1
167.0 0 0 16 0 0 0 0 -12.948719 31.3601692 0.0 1
168.0 0 0 16 0 0 0 0 -12.9487212 31.3605202 0.0 1
169.0 0 0 16 0 0 0 0 -12.9487234 31.3608711 0.0 1
170.0 0 0 16 0 0 0 0 -12.9487263 31.3613319 0.0 1
171.0 0 0 16 0 0 0 0 -12.9487292 31.3617927 0.0 1
172.0 0 0 16 0 0 0 0 -12.9487321 31.3622535 0.0 1
173.0 0 0 16 0 0 0 0 -12.948735 31.3627143 0.0 1
174.0 0 0 16 0 0 0 0 -12.9487379 31.3631751 0.0 1
175.0 0 0 16 0 0 0 0 -12.9487407 31.3636359 0.0 1
176.0 0 0 16 0 0 0 0 -12.9487436 31.3640967 0.0 1
177.0 0 0 16 0 0 0 0 -12.9487465 31.3645575 0.0 1
178.0 0 0 16 0 0 0 0 -12.9487494 31.3650183 0.0 1
179.0 0 0 16 0 0 0 0 -12.9487523 31.3654791 0.0 1
180.0 0 0 16 0 0 0 0 -12.9487552 31.3659399 0.0 1
181.0 0 0 16 0 0 0 0 -12.9487581 31.3664007 0.0 1
182.0 0 0 16 0 0 0 0 -12.948761 31.3668615 0.0 1
183.0 0 0 16 0 0 0 0 -12.9487639 31.3673223 0.0 1
184.0 0 0 16 0 0 0 0 -12.9487668 31.3677831 0.0 1
185.0 0 0 16 0 0 0 0 -12.9487696 31.3682439 0.0 1
186.0 0 0 16 0 0 0 0 -12.9487725 31.3687047 0.0 1
187.0 0 0 16 0 0 0 0 -12.9487754 31.3691655 0.0 1
188.0 0 0 16 0 0 0 0 -12.9487783 31.3696263 0.0 1
189.0 0 0 16 0 0 0 0 -12.9487812 31.370087 0.0 1
190.0 0 0 16 0 0 0 0 -12.9487841 31.3705478 0.0 1
191.0 0 0 16 0 0 0 0 -12.9487869 31.3710086 0.0 1
192.0 0 0 16 0 0 0 0 -12.9487898 31.3714694 0.0 1
193.0 0 0 16 0 0 0 0 -12.9487913 31.3717033 0.0 1
194.0 0 0 16 0 0 0 0 -12.9487927 31.3719372 0.0 1
195.0 0 0 16 0 0 0 0 -12.9483407 31.3719265 0.0 1
196.0 0 0 16 0 0 0 0 -12.9483378 31.371469 0.0 1
197.0 0 0 16 0 0 0 0 -12.948335 31.3710116 0.0 1
198.0 0 0 16 0 0 0 0 -12.9483321 31.3705508 0.0 1
199.0 0 0 16 0 0 0 0 -12.9483292 31.37009 0.0 1
200.0 0 0 16 0 0 0 0 -12.9483263 31.3696292 0.0 1
201.0 0 0 16 0 0 0 0 -12.9483235 31.3691684 0.0 1
202.0 0 0 16 0 0 0 0 -12.9483206 31.3687076 0.0 1
203.0 0 0 16 0 0 0 0 -12.9483177 31.3682468 0.0 1
204.0 0 0 16 0 0 0 0 -12.9483148 31.367786 0.0 1
205.0 0 0 16 0 0 0 0 -12.9483119 31.3673252 0.0 1
206.0 0 0 16 0 0 0 0 -12.948309 31.3668644 0.0 1
207.0 0 0 16 0 0 0 0 -12.9483061 31.3664036 0.0 1
208.0 0 0 16 0 0 0 0 -12.9483032 31.3659428 0.0 1
209.0 0 0 16 0 0 0 0 -12.9483004 31.365482 0.0 1
210.0 0 0 16 0 0 0 0 -12.9482975 31.3650212 0.0 1
211.0 0 0 16 0 0 0 0 -12.9482946 31.3645604 0.0 1
212.0 0 0 16 0 0 0 0 -12.9482917 31.3640997 0.0 1
213.0 0 0 16 0 0 0 0 -12.9482888 31.3636389 0.0 1
214.0 0 0 16 0 0 0 0 -12.9482859 31.3631781 0.0 1
215.0 0 0 16 0 0 0 0 -12.948283 31.3627173 0.0 1
216.0 0 0 16 0 0 0 0 -12.9482801 31.3622565 0.0 1
217.0 0 0 16 0 0 0 0 -12.9482772 31.3617957 0.0 1
218.0 0 0 16 0 0 0 0 -12.9482743 31.3613349 0.0 1
219.0 0 0 16 0 0 0 0 -12.9482714 31.3608741 0.0 1
220.0 0 0 16 0 0 0 0 -12.9482692 31.3605217 0.0 1
221.0 0 0 16 0 0 0 0 -12.948267 31.3601692 0.0 1
222.0 0 0 16 0 0 0 0 -12.947815 31.3601692 0.0 1
223.0 0 0 16 0 0 0 0 -12.9478172 31.3605231 0.0 1
224.0 0 0 16 0 0 0 0 -12.9478195 31.360877 0.0 1
225.0 0 0 16 0 0 0 0 -12.9478224 31.3613378 0.0 1
226.0 0 0 16 0 0 0 0 -12.9478253 31.3617986 0.0 1
227.0 0 0 16 0 0 0 0 -12.9478282 31.3622594 0.0 1
228.0 0 0 16 0 0 0 0 -12.9478311 31.3627202 0.0 1
229.0 0 0 16 0 0 0 0 -12.9478339 31.363181 0.0 1
230.0 0 0 16 0 0 0 0 -12.9478368 31.3636418 0.0 1
231.0 0 0 16 0 0 0 0 -12.9478397 31.3641026 0.0 1
232.0 0 0 16 0 0 0 0 -12.9478426 31.3645634 0.0 1
233.0 0 0 16 0 0 0 0 -12.9478455 31.3650242 0.0 1
234.0 0 0 16 0 0 0 0 -12.9478484 31.365485 0.0 1
235.0 0 0 16 0 0 0 0 -12.9478513 31.3659458 0.0 1
236.0 0 0 16 0 0 0 0 -12.9478542 31.3664066 0.0 1
237.0 0 0 16 0 0 0 0 -12.9478571 31.3668674 0.0 1
238.0 0 0 16 0 0 0 0 -12.94786 31.3673282 0.0 1
239.0 0 0 16 0 0 0 0 -12.9478628 31.367789 0.0 1
240.0 0 0 16 0 0 0 0 -12.9478657 31.3682497 0.0 1
241.0 0 0 16 0 0 0 0 -12.9478686 31.3687105 0.0 1
242.0 0 0 16 0 0 0 0 -12.9478715 31.3691713 0.0 1
243.0 0 0 16 0 0 0 0 -12.9478744 31.3696321 0.0 1
244.0 0 0 16 0 0 0 0 -12.9478773 31.3700929 0.0 1
245.0 0 0 16 0 0 0 0 -12.9478801 31.3705537 0.0 1
246.0 0 0 16 0 0 0 0 -12.947883 31.3710145 0.0 1
247.0 0 0 16 0 0 0 0 -12.9478858 31.3714651 0.0 1
248.0 0 0 16 0 0 0 0 -12.9478887 31.3719157 0.0 1
249.0 0 0 16 0 0 0 0 -12.9474366 31.371905 0.0 1
250.0 0 0 16 0 0 0 0 -12.9474338 31.3714612 0.0 1
251.0 0 0 16 0 0 0 0 -12.9474311 31.3710175 0.0 1
252.0 0 0 16 0 0 0 0 -12.9474282 31.3705567 0.0 1
253.0 0 0 16 0 0 0 0 -12.9474253 31.3700959 0.0 1
254.0 0 0 16 0 0 0 0 -12.9474224 31.3696351 0.0 1
255.0 0 0 16 0 0 0 0 -12.9474195 31.3691743 0.0 1
256.0 0 0 16 0 0 0 0 -12.9474167 31.3687135 0.0 1
257.0 0 0 16 0 0 0 0 -12.9474138 31.3682527 0.0 1
258.0 0 0 16 0 0 0 0 -12.9474109 31.3677919 0.0 1
259.0 0 0 16 0 0 0 0 -12.947408 31.3673311 0.0 1
260.0 0 0 16 0 0 0 0 -12.9474051 31.3668703 0.0 1
261.0 0 0 16 0 0 0 0 -12.9474022 31.3664095 0.0 1
262.0 0 0 16 0 0 0 0 -12.9473993 31.3659487 0.0 1
263.0 0 0 16 0 0 0 0 -12.9473965 31.3654879 0.0 1
264.0 0 0 16 0 0 0 0 -12.9473936 31.3650271 0.0 1
265.0 0 0 16 0 0 0 0 -12.9473907 31.3645663 0.0 1
266.0 0 0 16 0 0 0 0 -12.9473878 31.3641055 0.0 1
267.0 0 0 16 0 0 0 0 -12.9473849 31.3636448 0.0 1
268.0 0 0 16 0 0 0 0 -12.947382 31.363184 0.0 1
269.0 0 0 16 0 0 0 0 -12.9473791 31.3627232 0.0 1
270.0 0 0 16 0 0 0 0 -12.9473762 31.3622624 0.0 1
271.0 0 0 16 0 0 0 0 -12.9473733 31.3618016 0.0 1
272.0 0 0 16 0 0 0 0 -12.9473704 31.3613408 0.0 1
273.0 0 0 16 0 0 0 0 -12.9473675 31.36088 0.0 1
274.0 0 0 16 0 0 0 0 -12.9473653 31.3605246 0.0 1
275.0 0 0 16 0 0 0 0 -12.947363 31.3601692 0.0 1
275.0 0 0 20 0 0 0 0 -12.947363 31.3601692 0.0 1
