31.3608534000 -12.9514351000 0.0000000000 0.0000000000 0.0000000000 1.0000000000
31.3613142000 -12.9514380000 0.0000000000 0.0000000000 1.0000000000 1.0000000000
31.3617750000 -12.9514409000 0.0000000000 0.0000000000 2.0000000000 1.0000000000
31.3622358000 -12.9514438000 0.0000000000 0.0000000000 3.0000000000 1.0000000000
31.3626966000 -12.9514467000 0.0000000000 0.0000000000 4.0000000000 1.0000000000
31.3631574000 -12.9514496000 0.0000000000 0.0000000000 5.0000000000 1.0000000000
31.3636182000 -12.9514525000 0.0000000000 0.0000000000 6.0000000000 1.0000000000
31.3640790000 -12.9514554000 0.0000000000 0.0000000000 7.0000000000 1.0000000000
31.3645398000 -12.9514582000 0.0000000000 0.0000000000 8.0000000000 1.0000000000
31.3650006000 -12.9514611000 0.0000000000 0.0000000000 9.0000000000 1.0000000000
31.3654614000 -12.9514640000 0.0000000000 0.0000000000 10.0000000000 1.0000000000
31.3659222000 -12.9514669000 0.0000000000 0.0000000000 11.0000000000 1.0000000000
31.3663830000 -12.9514698000 0.0000000000 0.0000000000 12.0000000000 1.0000000000
31.3668438000 -12.9514727000 0.0000000000 0.0000000000 13.0000000000 1.0000000000
31.3673046000 -12.9514756000 0.0000000000 0.0000000000 14.0000000000 1.0000000000
31.3677654000 -12.9514785000 0.0000000000 0.0000000000 15.0000000000 1.0000000000
31.3682262000 -12.9514814000 0.0000000000 0.0000000000 16.0000000000 1.0000000000
31.3686870000 -12.9514842000 0.0000000000 0.0000000000 17.0000000000 1.0000000000
31.3691478000 -12.9514871000 0.0000000000 0.0000000000 18.0000000000 1.0000000000
31.3696086000 -12.9514900000 0.0000000000 0.0000000000 19.0000000000 1.0000000000
31.3700694000 -12.9514929000 0.0000000000 0.0000000000 20.0000000000 1.0000000000
31.3705302000 -12.9514958000 0.0000000000 0.0000000000 21.0000000000 1.0000000000
31.3709910000 -12.9514987000 0.0000000000 0.0000000000 22.0000000000 1.0000000000
31.3714518000 -12.9515015000 0.0000000000 0.0000000000 23.0000000000 1.0000000000
31.3717267000 -12.9515033000 0.0000000000 0.0000000000 24.0000000000 1.0000000000
31.3720016000 -12.9515050000 0.0000000000 0.0000000000 25.0000000000 1.0000000000
31.3719909000 -12.9510529000 0.0000000000 0.0000000000 26.0000000000 2.0000000000
31.3717228000 -12.9510513000 0.0000000000 0.0000000000 27.0000000000 2.0000000000
31.3714548000 -12.9510496000 0.0000000000 0.0000000000 28.0000000000 2.0000000000
31.3709940000 -12.9510467000 0.0000000000 0.0000000000 29.0000000000 2.0000000000
31.3705332000 -12.9510438000 0.0000000000 0.0000000000 30.0000000000 2.0000000000
31.3700724000 -12.9510409000 0.0000000000 0.0000000000 31.0000000000 2.0000000000
31.3696116000 -12.9510381000 0.0000000000 0.0000000000 32.0000000000 2.0000000000
31.3691508000 -12.9510352000 0.0000000000 0.0000000000 33.0000000000 2.0000000000
31.3686900000 -12.9510323000 0.0000000000 0.0000000000 34.0000000000 2.0000000000
31.3682292000 -12.9510294000 0.0000000000 0.0000000000 35.0000000000 2.0000000000
31.3677684000 -12.9510265000 0.0000000000 0.0000000000 36.0000000000 2.0000000000
31.3673076000 -12.9510236000 0.0000000000 0.0000000000 37.0000000000 2.0000000000
31.3668468000 -12.9510207000 0.0000000000 0.0000000000 38.0000000000 2.0000000000
31.3663860000 -12.9510179000 0.0000000000 0.0000000000 39.0000000000 2.0000000000
31.3659252000 -12.9510150000 0.0000000000 0.0000000000 40.0000000000 2.0000000000
31.3654644000 -12.9510121000 0.0000000000 0.0000000000 41.0000000000 2.0000000000
31.3650036000 -12.9510092000 0.0000000000 0.0000000000 42.0000000000 2.0000000000
31.3645428000 -12.9510063000 0.0000000000 0.0000000000 43.0000000000 2.0000000000
31.3640820000 -12.9510034000 0.0000000000 0.0000000000 44.0000000000 2.0000000000
31.3636212000 -12.9510005000 0.0000000000 0.0000000000 45.0000000000 2.0000000000
31.3631604000 -12.9509976000 0.0000000000 0.0000000000 46.0000000000 2.0000000000
31.3626996000 -12.9509947000 0.0000000000 0.0000000000 47.0000000000 2.0000000000
31.3622388000 -12.9509918000 0.0000000000 0.0000000000 48.0000000000 2.0000000000
31.3617780000 -12.9509889000 0.0000000000 0.0000000000 49.0000000000 2.0000000000
31.3613172000 -12.9509860000 0.0000000000 0.0000000000 50.0000000000 2.0000000000
31.3608564000 -12.9509831000 0.0000000000 0.0000000000 51.0000000000 2.0000000000
31.3605128000 -12.9509810000 0.0000000000 0.0000000000 52.0000000000 2.0000000000
31.3601692000 -12.9509788000 0.0000000000 0.0000000000 53.0000000000 2.0000000000
31.3601692000 -12.9505268000 0.0000000000 0.0000000000 54.0000000000 3.0000000000
31.3605143000 -12.9505290000 0.0000000000 0.0000000000 55.0000000000 3.0000000000
31.3608593000 -12.9505312000 0.0000000000 0.0000000000 56.0000000000 3.0000000000
31.3613201000 -12.9505341000 0.0000000000 0.0000000000 57.0000000000 3.0000000000
31.3617809000 -12.9505370000 0.0000000000 0.0000000000 58.0000000000 3.0000000000
31.3622417000 -12.9505399000 0.0000000000 0.0000000000 59.0000000000 3.0000000000
31.3627025000 -12.9505428000 0.0000000000 0.0000000000 60.0000000000 3.0000000000
31.3631633000 -12.9505457000 0.0000000000 0.0000000000 61.0000000000 3.0000000000
31.3636241000 -12.9505486000 0.0000000000 0.0000000000 62.0000000000 3.0000000000
31.3640849000 -12.9505514000 0.0000000000 0.0000000000 63.0000000000 3.0000000000
31.3645457000 -12.9505543000 0.0000000000 0.0000000000 64.0000000000 3.0000000000
31.3650065000 -12.9505572000 0.0000000000 0.0000000000 65.0000000000 3.0000000000
31.3654673000 -12.9505601000 0.0000000000 0.0000000000 66.0000000000 3.0000000000
31.3659281000 -12.9505630000 0.0000000000 0.0000000000 67.0000000000 3.0000000000
31.3663889000 -12.9505659000 0.0000000000 0.0000000000 68.0000000000 3.0000000000
31.3668497000 -12.9505688000 0.0000000000 0.0000000000 69.0000000000 3.0000000000
31.3673105000 -12.9505717000 0.0000000000 0.0000000000 70.0000000000 3.0000000000
31.3677713000 -12.9505746000 0.0000000000 0.0000000000 71.0000000000 3.0000000000
31.3682321000 -12.9505774000 0.0000000000 0.0000000000 72.0000000000 3.0000000000
31.3686929000 -12.9505803000 0.0000000000 0.0000000000 73.0000000000 3.0000000000
31.3691537000 -12.9505832000 0.0000000000 0.0000000000 74.0000000000 3.0000000000
31.3696145000 -12.9505861000 0.0000000000 0.0000000000 75.0000000000 3.0000000000
31.3700753000 -12.9505890000 0.0000000000 0.0000000000 76.0000000000 3.0000000000
31.3705361000 -12.9505919000 0.0000000000 0.0000000000 77.0000000000 3.0000000000
31.3709969000 -12.9505947000 0.0000000000 0.0000000000 78.0000000000 3.0000000000
31.3714577000 -12.9505976000 0.0000000000 0.0000000000 79.0000000000 3.0000000000
31.3717189000 -12.9505993000 0.0000000000 0.0000000000 80.0000000000 3.0000000000
31.3719801000 -12.9506009000 0.0000000000 0.0000000000 81.0000000000 3.0000000000
31.3719694000 -12.9501489000 0.0000000000 0.0000000000 82.0000000000 4.0000000000
31.3717150000 -12.9501473000 0.0000000000 0.0000000000 83.0000000000 4.0000000000
31.3714606000 -12.9501457000 0.0000000000 0.0000000000 84.0000000000 4.0000000000
31.3709998000 -12.9501428000 0.0000000000 0.0000000000 85.0000000000 4.0000000000
31.3705390000 -12.9501399000 0.0000000000 0.0000000000 86.0000000000 4.0000000000
31.3700782000 -12.9501370000 0.0000000000 0.0000000000 87.0000000000 4.0000000000
31.3696174000 -12.9501341000 0.0000000000 0.0000000000 88.0000000000 4.0000000000
31.3691566000 -12.9501313000 0.0000000000 0.0000000000 89.0000000000 4.0000000000
31.3686958000 -12.9501284000 0.0000000000 0.0000000000 90.0000000000 4.0000000000
31.3682350000 -12.9501255000 0.0000000000 0.0000000000 91.0000000000 4.0000000000
31.3677742000 -12.9501226000 0.0000000000 0.0000000000 92.0000000000 4.0000000000
31.3673134000 -12.9501197000 0.0000000000 0.0000000000 93.0000000000 4.0000000000
31.3668526000 -12.9501168000 0.0000000000 0.0000000000 94.0000000000 4.0000000000
31.3663918000 -12.9501139000 0.0000000000 0.0000000000 95.0000000000 4.0000000000
31.3659310000 -12.9501111000 0.0000000000 0.0000000000 96.0000000000 4.0000000000
31.3654702000 -12.9501082000 0.0000000000 0.0000000000 97.0000000000 4.0000000000
31.3650095000 -12.9501053000 0.0000000000 0.0000000000 98.0000000000 4.0000000000
31.3645487000 -12.9501024000 0.0000000000 0.0000000000 99.0000000000 4.0000000000
31.3640879000 -12.9500995000 0.0000000000 0.0000000000 100.0000000000 4.0000000000
31.3636271000 -12.9500966000 0.0000000000 0.0000000000 101.0000000000 4.0000000000
31.3631663000 -12.9500937000 0.0000000000 0.0000000000 102.0000000000 4.0000000000
31.3627055000 -12.9500908000 0.0000000000 0.0000000000 103.0000000000 4.0000000000
31.3622447000 -12.9500879000 0.0000000000 0.0000000000 104.0000000000 4.0000000000
31.3617839000 -12.9500850000 0.0000000000 0.0000000000 105.0000000000 4.0000000000
31.3613231000 -12.9500821000 0.0000000000 0.0000000000 106.0000000000 4.0000000000
31.3608623000 -12.9500792000 0.0000000000 0.0000000000 107.0000000000 4.0000000000
31.3605157000 -12.9500770000 0.0000000000 0.0000000000 108.0000000000 4.0000000000
31.3601692000 -12.9500749000 0.0000000000 0.0000000000 109.0000000000 4.0000000000
31.3601692000 -12.9496229000 0.0000000000 0.0000000000 110.0000000000 5.0000000000
31.3605172000 -12.9496251000 0.0000000000 0.0000000000 111.0000000000 5.0000000000
31.3608652000 -12.9496273000 0.0000000000 0.0000000000 112.0000000000 5.0000000000
31.3613260000 -12.9496302000 0.0000000000 0.0000000000 113.0000000000 5.0000000000
31.3617868000 -12.9496331000 0.0000000000 0.0000000000 114.0000000000 5.0000000000
31.3622476000 -12.9496360000 0.0000000000 0.0000000000 115.0000000000 5.0000000000
31.3627084000 -12.9496389000 0.0000000000 0.0000000000 116.0000000000 5.0000000000
31.3631692000 -12.9496418000 0.0000000000 0.0000000000 117.0000000000 5.0000000000
31.3636300000 -12.9496447000 0.0000000000 0.0000000000 118.0000000000 5.0000000000
31.3640908000 -12.9496475000 0.0000000000 0.0000000000 119.0000000000 5.0000000000
31.3645516000 -12.9496504000 0.0000000000 0.0000000000 120.0000000000 5.0000000000
31.3650124000 -12.9496533000 0.0000000000 0.0000000000 121.0000000000 5.0000000000
31.3654732000 -12.9496562000 0.0000000000 0.0000000000 122.0000000000 5.0000000000
31.3659340000 -12.9496591000 0.0000000000 0.0000000000 123.0000000000 5.0000000000
31.3663948000 -12.9496620000 0.0000000000 0.0000000000 124.0000000000 5.0000000000
31.3668556000 -12.9496649000 0.0000000000 0.0000000000 125.0000000000 5.0000000000
31.3673164000 -12.9496678000 0.0000000000 0.0000000000 126.0000000000 5.0000000000
31.3677772000 -12.9496707000 0.0000000000 0.0000000000 127.0000000000 5.0000000000
31.3682380000 -12.9496735000 0.0000000000 0.0000000000 128.0000000000 5.0000000000
31.3686988000 -12.9496764000 0.0000000000 0.0000000000 129.0000000000 5.0000000000
31.3691596000 -12.9496793000 0.0000000000 0.0000000000 130.0000000000 5.0000000000
31.3696204000 -12.9496822000 0.0000000000 0.0000000000 131.0000000000 5.0000000000
31.3700812000 -12.9496851000 0.0000000000 0.0000000000 132.0000000000 5.0000000000
31.3705420000 -12.9496880000 0.0000000000 0.0000000000 133.0000000000 5.0000000000
31.3710028000 -12.9496908000 0.0000000000 0.0000000000 134.0000000000 5.0000000000
31.3714636000 -12.9496937000 0.0000000000 0.0000000000 135.0000000000 5.0000000000
31.3717111000 -12.9496953000 0.0000000000 0.0000000000 136.0000000000 5.0000000000
31.3719587000 -12.9496968000 0.0000000000 0.0000000000 137.0000000000 5.0000000000
31.3719479000 -12.9492448000 0.0000000000 0.0000000000 138.0000000000 6.0000000000
31.3717072000 -12.9492433000 0.0000000000 0.0000000000 139.0000000000 6.0000000000
31.3714665000 -12.9492418000 0.0000000000 0.0000000000 140.0000000000 6.0000000000
31.3710057000 -12.9492389000 0.0000000000 0.0000000000 141.0000000000 6.0000000000
31.3705449000 -12.9492360000 0.0000000000 0.0000000000 142.0000000000 6.0000000000
31.3700841000 -12.9492331000 0.0000000000 0.0000000000 143.0000000000 6.0000000000
31.3696233000 -12.9492302000 0.0000000000 0.0000000000 144.0000000000 6.0000000000
31.3691625000 -12.9492274000 0.0000000000 0.0000000000 145.0000000000 6.0000000000
31.3687017000 -12.9492245000 0.0000000000 0.0000000000 146.0000000000 6.0000000000
31.3682409000 -12.9492216000 0.0000000000 0.0000000000 147.0000000000 6.0000000000
31.3677801000 -12.9492187000 0.0000000000 0.0000000000 148.0000000000 6.0000000000
31.3673193000 -12.9492158000 0.0000000000 0.0000000000 149.0000000000 6.0000000000
31.3668585000 -12.9492129000 0.0000000000 0.0000000000 150.0000000000 6.0000000000
31.3663977000 -12.9492100000 0.0000000000 0.0000000000 151.0000000000 6.0000000000
31.3659369000 -12.9492072000 0.0000000000 0.0000000000 152.0000000000 6.0000000000
31.3654761000 -12.9492043000 0.0000000000 0.0000000000 153.0000000000 6.0000000000
31.3650153000 -12.9492014000 0.0000000000 0.0000000000 154.0000000000 6.0000000000
31.3645545000 -12.9491985000 0.0000000000 0.0000000000 155.0000000000 6.0000000000
31.3640938000 -12.9491956000 0.0000000000 0.0000000000 156.0000000000 6.0000000000
31.3636330000 -12.9491927000 0.0000000000 0.0000000000 157.0000000000 6.0000000000
31.3631722000 -12.9491898000 0.0000000000 0.0000000000 158.0000000000 6.0000000000
31.3627114000 -12.9491869000 0.0000000000 0.0000000000 159.0000000000 6.0000000000
31.3622506000 -12.9491840000 0.0000000000 0.0000000000 160.0000000000 6.0000000000
31.3617898000 -12.9491811000 0.0000000000 0.0000000000 161.0000000000 6.0000000000
31.3613290000 -12.9491782000 0.0000000000 0.0000000000 162.0000000000 6.0000000000
31.3608682000 -12.9491753000 0.0000000000 0.0000000000 163.0000000000 6.0000000000
31.3605187000 -12.9491731000 0.0000000000 0.0000000000 164.0000000000 6.0000000000
31.3601692000 -12.9491709000 0.0000000000 0.0000000000 165.0000000000 6.0000000000
31.3601692000 -12.9487190000 0.0000000000 0.0000000000 166.0000000000 7.0000000000
31.3605202000 -12.9487212000 0.0000000000 0.0000000000 167.0000000000 7.0000000000
31.3608711000 -12.9487234000 0.0000000000 0.0000000000 168.0000000000 7.0000000000
31.3613319000 -12.9487263000 0.0000000000 0.0000000000 169.0000000000 7.0000000000
31.3617927000 -12.9487292000 0.0000000000 0.0000000000 170.0000000000 7.0000000000
31.3622535000 -12.9487321000 0.0000000000 0.0000000000 171.0000000000 7.0000000000
31.3627143000 -12.9487350000 0.0000000000 0.0000000000 172.0000000000 7.0000000000
31.3631751000 -12.9487379000 0.0000000000 0.0000000000 173.0000000000 7.0000000000
31.3636359000 -12.9487407000 0.0000000000 0.0000000000 174.0000000000 7.0000000000
31.3640967000 -12.9487436000 0.0000000000 0.0000000000 175.0000000000 7.0000000000
31.3645575000 -12.9487465000 0.0000000000 0.0000000000 176.0000000000 7.0000000000
31.3650183000 -12.9487494000 0.0000000000 0.0000000000 177.0000000000 7.0000000000
31.3654791000 -12.9487523000 0.0000000000 0.0000000000 178.0000000000 7.0000000000
31.3659399000 -12.9487552000 0.0000000000 0.0000000000 179.0000000000 7.0000000000
31.3664007000 -12.9487581000 0.0000000000 0.0000000000 180.0000000000 7.0000000000
31.3668615000 -12.9487610000 0.0000000000 0.0000000000 181.0000000000 7.0000000000
31.3673223000 -12.9487639000 0.0000000000 0.0000000000 182.0000000000 7.0000000000
31.3677831000 -12.9487668000 0.0000000000 0.0000000000 183.0000000000 7.0000000000
31.3682439000 -12.9487696000 0.0000000000 0.0000000000 184.0000000000 7.0000000000
31.3687047000 -12.9487725000 0.0000000000 0.0000000000 185.0000000000 7.0000000000
31.3691655000 -12.9487754000 0.0000000000 0.0000000000 186.0000000000 7.0000000000
31.3696263000 -12.9487783000 0.0000000000 0.0000000000 187.0000000000 7.0000000000
31.3700870000 -12.9487812000 0.0000000000 0.0000000000 188.0000000000 7.0000000000
31.3705478000 -12.9487841000 0.0000000000 0.0000000000 189.0000000000 7.0000000000
31.3710086000 -12.9487869000 0.0000000000 0.0000000000 190.0000000000 7.0000000000
31.3714694000 -12.9487898000 0.0000000000 0.0000000000 191.0000000000 7.0000000000
31.3717033000 -12.9487913000 0.0000000000 0.0000000000 192.0000000000 7.0000000000
31.3719372000 -12.9487927000 0.0000000000 0.0000000000 193.0000000000 7.0000000000
31.3719265000 -12.9483407000 0.0000000000 0.0000000000 194.0000000000 8.0000000000
31.3714690000 -12.9483378000 0.0000000000 0.0000000000 195.0000000000 8.0000000000
31.3710116000 -12.9483350000 0.0000000000 0.0000000000 196.0000000000 8.0000000000
31.3705508000 -12.9483321000 0.0000000000 0.0000000000 197.0000000000 8.0000000000
31.3700900000 -12.9483292000 0.0000000000 0.0000000000 198.0000000000 8.0000000000
31.3696292000 -12.9483263000 0.0000000000 0.0000000000 199.0000000000 8.0000000000
31.3691684000 -12.9483235000 0.0000000000 0.0000000000 200.0000000000 8.0000000000
31.3687076000 -12.9483206000 0.0000000000 0.0000000000 201.0000000000 8.0000000000
31.3682468000 -12.9483177000 0.0000000000 0.0000000000 202.0000000000 8.0000000000
31.3677860000 -12.9483148000 0.0000000000 0.0000000000 203.0000000000 8.0000000000
31.3673252000 -12.9483119000 0.0000000000 0.0000000000 204.0000000000 8.0000000000
31.3668644000 -12.9483090000 0.0000000000 0.0000000000 205.0000000000 8.0000000000
31.3664036000 -12.9483061000 0.0000000000 0.0000000000 206.0000000000 8.0000000000
31.3659428000 -12.9483032000 0.0000000000 0.0000000000 207.0000000000 8.0000000000
31.3654820000 -12.9483004000 0.0000000000 0.0000000000 208.0000000000 8.0000000000
31.3650212000 -12.9482975000 0.0000000000 0.0000000000 209.0000000000 8.0000000000
31.3645604000 -12.9482946000 0.0000000000 0.0000000000 210.0000000000 8.0000000000
31.3640997000 -12.9482917000 0.0000000000 0.0000000000 211.0000000000 8.0000000000
31.3636389000 -12.9482888000 0.0000000000 0.0000000000 212.0000000000 8.0000000000
31.3631781000 -12.9482859000 0.0000000000 0.0000000000 213.0000000000 8.0000000000
31.3627173000 -12.9482830000 0.0000000000 0.0000000000 214.0000000000 8.0000000000
31.3622565000 -12.9482801000 0.0000000000 0.0000000000 215.0000000000 8.0000000000
31.3617957000 -12.9482772000 0.0000000000 0.0000000000 216.0000000000 8.0000000000
31.3613349000 -12.9482743000 0.0000000000 0.0000000000 217.0000000000 8.0000000000
31.3608741000 -12.9482714000 0.0000000000 0.0000000000 218.0000000000 8.0000000000
31.3605217000 -12.9482692000 0.0000000000 0.0000000000 219.0000000000 8.0000000000
31.3601692000 -12.9482670000 0.0000000000 0.0000000000 220.0000000000 8.0000000000
31.3601692000 -12.9478150000 0.0000000000 0.0000000000 221.0000000000 9.0000000000
31.3605231000 -12.9478172000 0.0000000000 0.0000000000 222.0000000000 9.0000000000
31.3608770000 -12.9478195000 0.0000000000 0.0000000000 223.0000000000 9.0000000000
31.3613378000 -12.9478224000 0.0000000000 0.0000000000 224.0000000000 9.0000000000
31.3617986000 -12.9478253000 0.0000000000 0.0000000000 225.0000000000 9.0000000000
31.3622594000 -12.9478282000 0.0000000000 0.0000000000 226.0000000000 9.0000000000
31.3627202000 -12.9478311000 0.0000000000 0.0000000000 227.0000000000 9.0000000000
31.3631810000 -12.9478339000 0.0000000000 0.0000000000 228.0000000000 9.0000000000
31.3636418000 -12.9478368000 0.0000000000 0.0000000000 229.0000000000 9.0000000000
31.3641026000 -12.9478397000 0.0000000000 0.0000000000 230.0000000000 9.0000000000
31.3645634000 -12.9478426000 0.0000000000 0.0000000000 231.0000000000 9.0000000000
31.3650242000 -12.9478455000 0.0000000000 0.0000000000 232.0000000000 9.0000000000
31.3654850000 -12.9478484000 0.0000000000 0.0000000000 233.0000000000 9.0000000000
31.3659458000 -12.9478513000 0.0000000000 0.0000000000 234.0000000000 9.0000000000
31.3664066000 -12.9478542000 0.0000000000 0.0000000000 235.0000000000 9.0000000000
31.3668674000 -12.9478571000 0.0000000000 0.0000000000 236.0000000000 9.0000000000
31.3673282000 -12.9478600000 0.0000000000 0.0000000000 237.0000000000 9.0000000000
31.3677890000 -12.9478628000 0.0000000000 0.0000000000 238.0000000000 9.0000000000
31.3682497000 -12.9478657000 0.0000000000 0.0000000000 239.0000000000 9.0000000000
31.3687105000 -12.9478686000 0.0000000000 0.0000000000 240.0000000000 9.0000000000
31.3691713000 -12.9478715000 0.0000000000 0.0000000000 241.0000000000 9.0000000000
31.3696321000 -12.9478744000 0.0000000000 0.0000000000 242.0000000000 9.0000000000
31.3700929000 -12.9478773000 0.0000000000 0.0000000000 243.0000000000 9.0000000000
31.3705537000 -12.9478801000 0.0000000000 0.0000000000 244.0000000000 9.0000000000
31.3710145000 -12.9478830000 0.0000000000 0.0000000000 245.0000000000 9.0000000000
31.3714651000 -12.9478858000 0.0000000000 0.0000000000 246.0000000000 9.0000000000
31.3719157000 -12.9478887000 0.0000000000 0.0000000000 247.0000000000 9.0000000000
31.3719050000 -12.9474366000 0.0000000000 0.0000000000 248.0000000000 10.0000000000
31.3714612000 -12.9474338000 0.0000000000 0.0000000000 249.0000000000 10.0000000000
31.3710175000 -12.9474311000 0.0000000000 0.0000000000 250.0000000000 10.0000000000
31.3705567000 -12.9474282000 0.0000000000 0.0000000000 251.0000000000 10.0000000000
31.3700959000 -12.9474253000 0.0000000000 0.0000000000 252.0000000000 10.0000000000
31.3696351000 -12.9474224000 0.0000000000 0.0000000000 253.0000000000 10.0000000000
31.3691743000 -12.9474195000 0.0000000000 0.0000000000 254.0000000000 10.0000000000
31.3687135000 -12.9474167000 0.0000000000 0.0000000000 255.0000000000 10.0000000000
31.3682527000 -12.9474138000 0.0000000000 0.0000000000 256.0000000000 10.0000000000
31.3677919000 -12.9474109000 0.0000000000 0.0000000000 257.0000000000 10.0000000000
31.3673311000 -12.9474080000 0.0000000000 0.0000000000 258.0000000000 10.0000000000
31.3668703000 -12.9474051000 0.0000000000 0.0000000000 259.0000000000 10.0000000000
31.3664095000 -12.9474022000 0.0000000000 0.0000000000 260.0000000000 10.0000000000
31.3659487000 -12.9473993000 0.0000000000 0.0000000000 261.0000000000 10.0000000000
31.3654879000 -12.9473965000 0.0000000000 0.0000000000 262.0000000000 10.0000000000
31.3650271000 -12.9473936000 0.0000000000 0.0000000000 263.0000000000 10.0000000000
31.3645663000 -12.9473907000 0.0000000000 0.0000000000 264.0000000000 10.0000000000
31.3641055000 -12.9473878000 0.0000000000 0.0000000000 265.0000000000 10.0000000000
31.3636448000 -12.9473849000 0.0000000000 0.0000000000 266.0000000000 10.0000000000
31.3631840000 -12.9473820000 0.0000000000 0.0000000000 267.0000000000 10.0000000000
31.3627232000 -12.9473791000 0.0000000000 0.0000000000 268.0000000000 10.0000000000
31.3622624000 -12.9473762000 0.0000000000 0.0000000000 269.0000000000 10.0000000000
31.3618016000 -12.9473733000 0.0000000000 0.0000000000 270.0000000000 10.0000000000
31.3613408000 -12.9473704000 0.0000000000 0.0000000000 271.0000000000 10.0000000000
31.3608800000 -12.9473675000 0.0000000000 0.0000000000 272.0000000000 10.0000000000
31.3605246000 -12.9473653000 0.0000000000 0.0000000000 273.0000000000 10.0000000000
31.3601692000 -12.9473630000 0.0000000000 0.0000000000 274.0000000000 10.0000000000
