31.4027550000 -12.9110621000 30.0000000000 10.0000000000 0.0000000000 1.0000000000
31.3992152000 -12.9110404000 30.0000000000 10.0000000000 1.0000000000 1.0000000000
31.3955294000 -12.9110178000 30.0000000000 10.0000000000 2.0000000000 1.0000000000
31.3949160000 -12.9110140000 30.0000000000 10.0000000000 3.0000000000 1.0000000000
31.3900131000 -12.9087240000 30.0000000000 10.0000000000 4.0000000000 2.0000000000
31.3918579000 -12.9087354000 30.0000000000 10.0000000000 5.0000000000 2.0000000000
31.3955438000 -12.9087580000 30.0000000000 10.0000000000 6.0000000000 2.0000000000
31.3992296000 -12.9087806000 30.0000000000 10.0000000000 7.0000000000 2.0000000000
31.4029154000 -12.9088032000 30.0000000000 10.0000000000 8.0000000000 2.0000000000
31.4036268000 -12.9088075000 30.0000000000 10.0000000000 9.0000000000 2.0000000000
31.4044986000 -12.9065529000 30.0000000000 10.0000000000 10.0000000000 3.0000000000
31.4029298000 -12.9065433000 30.0000000000 10.0000000000 11.0000000000 3.0000000000
31.3992440000 -12.9065208000 30.0000000000 10.0000000000 12.0000000000 3.0000000000
31.3955582000 -12.9064982000 30.0000000000 10.0000000000 13.0000000000 3.0000000000
31.3918724000 -12.9064756000 30.0000000000 10.0000000000 14.0000000000 3.0000000000
31.3881866000 -12.9064529000 30.0000000000 10.0000000000 15.0000000000 3.0000000000
31.3851103000 -12.9064339000 30.0000000000 10.0000000000 16.0000000000 3.0000000000
31.3802076000 -12.9041437000 30.0000000000 10.0000000000 17.0000000000 4.0000000000
31.3808296000 -12.9041475000 30.0000000000 10.0000000000 18.0000000000 4.0000000000
31.3845153000 -12.9041703000 30.0000000000 10.0000000000 19.0000000000 4.0000000000
31.3882011000 -12.9041931000 30.0000000000 10.0000000000 20.0000000000 4.0000000000
31.3918868000 -12.9042158000 30.0000000000 10.0000000000 21.0000000000 4.0000000000
31.3955726000 -12.9042384000 30.0000000000 10.0000000000 22.0000000000 4.0000000000
31.3992584000 -12.9042610000 30.0000000000 10.0000000000 23.0000000000 4.0000000000
31.4029441000 -12.9042835000 30.0000000000 10.0000000000 24.0000000000 4.0000000000
31.4053703000 -12.9042983000 30.0000000000 10.0000000000 25.0000000000 4.0000000000
