QGC WPL 110
2.0 1 0 22 0 0 0 0 -12.9110404 31.3992152 30.0 1
3.0 0 0 16 0 0 0 0 -12.9110178 31.3955294 30.0 1
4.0 0 0 16 0 0 0 0 -12.911014 31.394916 30.0 1
5.0 0 0 16 0 0 0 0 -12.908724 31.3900131 30.0 1
6.0 0 0 16 0 0 0 0 -12.9087354 31.3918579 30.0 1
7.0 0 0 16 0 0 0 0 -12.908758 31.3955438 30.0 1
8.0 0 0 16 0 0 0 0 -12.9087806 31.3992296 30.0 1
9.0 0 0 16 0 0 0 0 -12.9088032 31.4029154 30.0 1
10.0 0 0 16 0 0 0 0 -12.9088075 31.4036268 30.0 1
11.0 0 0 16 0 0 0 0 -12.9065529 31.4044986 30.0 1
12.0 0 0 16 0 0 0 0 -12.9065433 31.4029298 30.0 1
13.0 0 0 16 0 0 0 0 -12.9065208 31.399244 30.0 1
14.0 0 0 16 0 0 0 0 -12.9064982 31.3955582 30.0 1
15.0 0 0 16 0 0 0 0 -12.9064756 31.3918724 30.0 1
16.0 0 0 16 0 0 0 0 -12.9064529 31.3881866 30.0 1
17.0 0 0 16 0 0 0 0 -12.9064339 31.3851103 30.0 1
18.0 0 0 16 0 0 0 0 -12.9041437 31.3802076 30.0 1
19.0 0 0 16 0 0 0 0 -12.9041475 31.3808296 30.0 1
20.0 0 0 16 0 0 0 0 -12.9041703 31.3845153 30.0 1
21.0 0 0 16 0 0 0 0 -12.9041931 31.3882011 30.0 1
22.0 0 0 16 0 0 0 0 -12.9042158 31.3918868 30.0 1
23.0 0 0 16 0 0 0 0 -12.9042384 31.3955726 30.0 1
24.0 0 0 16 0 0 0 0 -12.904261 31.3992584 30.0 1
25.0 0 0 16 0 0 0 0 -12.9042835 31.4029441 30.0 1
26.0 0 0 16 0 0 0 0 -12.9042983 31.4053703 30.0 1
26.0 0 0 20 0 0 0 0 -12.9042983 31.4053703 30.0 1
