341852.1187794262 4578383.3201879216 0.0000000000 1.0000000000 0.0000000000 240.0000000000 1.0000000000
341824.3512642856 4578335.2254408970 0.0000000000 1.0000000000 1.0000000000 240.0000000000 1.0000000000
341796.5837491450 4578287.1306938734 0.0000000000 1.0000000000 2.0000000000 240.0000000000 1.0000000000
341910.7313277100 4578284.8400995098 0.0000000000 2.0000000000 3.0000000000 -240.0000000000 1.0000000000
341938.7213198046 4578333.3201879216 0.0000000000 2.0000000000 4.0000000000 420.0000000000 1.0000000000
341988.7213198046 4578419.9227283001 0.0000000000 2.0000000000 5.0000000000 420.0000000000 1.0000000000
342017.0326826155 4578468.9594471203 0.0000000000 2.0000000000 6.0000000000 60.0000000000 1.0000000000
342045.3440454264 4578517.9961659405 0.0000000000 2.0000000000 7.0000000000 60.0000000000 1.0000000000
342212.0496906347 4578606.7388133490 0.0000000000 3.0000000000 8.0000000000 -60.0000000000 1.0000000000
342175.3238601830 4578543.1278090570 0.0000000000 3.0000000000 9.0000000000 240.0000000000 1.0000000000
342125.3238601830 4578456.5252686804 0.0000000000 3.0000000000 10.0000000000 240.0000000000 1.0000000000
342075.3238601830 4578369.9227283001 0.0000000000 3.0000000000 11.0000000000 240.0000000000 1.0000000000
342050.1013832287 4578326.2361167222 0.0000000000 3.0000000000 12.0000000000 240.0000000000 1.0000000000
342024.8789062743 4578282.5495051434 0.0000000000 3.0000000000 13.0000000000 240.0000000000 1.0000000000
342139.0264848392 4578280.2589107808 0.0000000000 4.0000000000 14.0000000000 -240.0000000000 1.0000000000
342175.4764427003 4578343.3920897292 0.0000000000 4.0000000000 15.0000000000 -240.0000000000 1.0000000000
342211.9264005614 4578406.5252686804 0.0000000000 4.0000000000 16.0000000000 420.0000000000 1.0000000000
342261.9264005614 4578493.1278090570 0.0000000000 4.0000000000 17.0000000000 420.0000000000 1.0000000000
342311.9264005614 4578579.7303494373 0.0000000000 4.0000000000 18.0000000000 420.0000000000 1.0000000000
342345.3408682017 4578637.6059050970 0.0000000000 4.0000000000 19.0000000000 60.0000000000 1.0000000000
342378.7553358420 4578695.4814607576 0.0000000000 4.0000000000 20.0000000000 60.0000000000 1.0000000000
