326291.8848643560 -1427741.3246733272 0.0000000000 1.0000000000 0.0000000000 90.0000000000
326291.8848643560 -1427341.3246733272 0.0000000000 1.0000000000 1.0000000000 90.0000000000
326291.8848643560 -1426941.3246733272 0.0000000000 1.0000000000 2.0000000000 90.0000000000
326291.8848643560 -1426541.3246733272 0.0000000000 1.0000000000 3.0000000000 90.0000000000
326291.8848643560 -1426141.3246733272 0.0000000000 1.0000000000 4.0000000000 90.0000000000
326291.8848643560 -1425741.3246733272 0.0000000000 1.0000000000 5.0000000000 90.0000000000
325691.8848643560 -1425741.3246733272 0.0000000000 2.0000000000 6.0000000000 270.0000000000
325691.8848643560 -1426141.3246733272 0.0000000000 2.0000000000 7.0000000000 270.0000000000
325691.8848643560 -1426541.3246733272 0.0000000000 2.0000000000 8.0000000000 270.0000000000
325691.8848643560 -1426941.3246733272 0.0000000000 2.0000000000 9.0000000000 270.0000000000
325691.8848643560 -1427341.3246733272 0.0000000000 2.0000000000 10.0000000000 270.0000000000
325091.8848643560 -1427341.3246733272 0.0000000000 3.0000000000 11.0000000000 90.0000000000
325091.8848643560 -1426941.3246733272 0.0000000000 3.0000000000 12.0000000000 90.0000000000
325091.8848643560 -1426541.3246733272 0.0000000000 3.0000000000 13.0000000000 90.0000000000
325091.8848643560 -1426141.3246733272 0.0000000000 3.0000000000 14.0000000000 90.0000000000
325091.8848643560 -1425741.3246733272 0.0000000000 3.0000000000 15.0000000000 90.0000000000
325091.8848643560 -1425341.3246733272 0.0000000000 3.0000000000 16.0000000000 90.0000000000
324491.8848643560 -1424941.3246733272 0.0000000000 4.0000000000 17.0000000000 270.0000000000
324491.8848643560 -1425341.3246733272 0.0000000000 4.0000000000 18.0000000000 270.0000000000
324491.8848643560 -1425741.3246733272 0.0000000000 4.0000000000 19.0000000000 270.0000000000
324491.8848643560 -1426141.3246733272 0.0000000000 4.0000000000 20.0000000000 270.0000000000
324491.8848643560 -1426541.3246733272 0.0000000000 4.0000000000 21.0000000000 270.0000000000
324491.8848643560 -1426941.3246733272 0.0000000000 4.0000000000 22.0000000000 270.0000000000
323891.8848643560 -1426541.3246733272 0.0000000000 5.0000000000 23.0000000000 90.0000000000
323891.8848643560 -1426141.3246733272 0.0000000000 5.0000000000 24.0000000000 90.0000000000
323891.8848643560 -1425741.3246733272 0.0000000000 5.0000000000 25.0000000000 90.0000000000
323891.8848643560 -1425341.3246733272 0.0000000000 5.0000000000 26.0000000000 90.0000000000
323891.8848643560 -1424941.3246733272 0.0000000000 5.0000000000 27.0000000000 90.0000000000
323291.8848643560 -1424541.3246733272 0.0000000000 6.0000000000 28.0000000000 270.0000000000
323291.8848643560 -1424941.3246733272 0.0000000000 6.0000000000 29.0000000000 270.0000000000
323291.8848643560 -1425341.3246733272 0.0000000000 6.0000000000 30.0000000000 270.0000000000
323291.8848643560 -1425741.3246733272 0.0000000000 6.0000000000 31.0000000000 270.0000000000
323291.8848643560 -1426141.3246733272 0.0000000000 6.0000000000 32.0000000000 270.0000000000
323291.8848643560 -1426541.3246733272 0.0000000000 6.0000000000 33.0000000000 270.0000000000
322691.8848643560 -1426141.3246733272 0.0000000000 7.0000000000 34.0000000000 90.0000000000
