411470.7034240655 7430654.9020411773 0.0000000000 1.0000000000 0.0000000000 0.0000000000 1.0000000000
411570.7034240655 7430654.9020411773 0.0000000000 1.0000000000 1.0000000000 0.0000000000 1.0000000000
411670.7034240655 7430654.9020411773 0.0000000000 1.0000000000 2.0000000000 0.0000000000 1.0000000000
411770.7034240655 7430654.9020411773 0.0000000000 1.0000000000 3.0000000000 0.0000000000 1.0000000000
411870.7034240655 7430654.9020411773 0.0000000000 1.0000000000 4.0000000000 0.0000000000 1.0000000000
411970.7034240655 7430654.9020411773 0.0000000000 1.0000000000 5.0000000000 0.0000000000 1.0000000000
412070.7034240655 7430654.9020411773 0.0000000000 1.0000000000 6.0000000000 0.0000000000 1.0000000000
412170.7034240655 7430654.9020411773 0.0000000000 1.0000000000 7.0000000000 0.0000000000 1.0000000000
412270.7034240655 7430654.9020411773 0.0000000000 1.0000000000 8.0000000000 0.0000000000 1.0000000000
412370.7034240655 7430654.9020411773 0.0000000000 1.0000000000 9.0000000000 0.0000000000 1.0000000000
412470.7034240655 7430654.9020411773 0.0000000000 1.0000000000 10.0000000000 0.0000000000 1.0000000000
412570.7034240655 7430654.9020411773 0.0000000000 1.0000000000 11.0000000000 0.0000000000 1.0000000000
412670.7034240655 7430654.9020411773 0.0000000000 1.0000000000 12.0000000000 0.0000000000 1.0000000000
412770.7034240655 7430654.9020411773 0.0000000000 1.0000000000 13.0000000000 0.0000000000 1.0000000000
412870.7034240655 7430654.9020411773 0.0000000000 1.0000000000 14.0000000000 0.0000000000 1.0000000000
412947.4516716155 7430654.9020411773 0.0000000000 1.0000000000 15.0000000000 0.0000000000 1.0000000000
414440.2836528811 7430754.9020411773 0.0000000000 2.0000000000 16.0000000000 -0.0000000000 1.0000000000
414342.3116376267 7430754.9020411773 0.0000000000 2.0000000000 17.0000000000 -0.0000000000 1.0000000000
414244.3396223724 7430754.9020411773 0.0000000000 2.0000000000 18.0000000000 -0.0000000000 1.0000000000
414146.3676071180 7430754.9020411773 0.0000000000 2.0000000000 19.0000000000 -0.0000000000 1.0000000000
414048.3955918636 7430754.9020411773 0.0000000000 2.0000000000 20.0000000000 -0.0000000000 1.0000000000
413950.4235766092 7430754.9020411773 0.0000000000 2.0000000000 21.0000000000 -0.0000000000 1.0000000000
413852.4515613549 7430754.9020411773 0.0000000000 2.0000000000 22.0000000000 -0.0000000000 1.0000000000
413754.4795461005 7430754.9020411773 0.0000000000 2.0000000000 23.0000000000 -0.0000000000 1.0000000000
413656.5075308461 7430754.9020411773 0.0000000000 2.0000000000 24.0000000000 -0.0000000000 1.0000000000
413558.5355155917 7430754.9020411773 0.0000000000 2.0000000000 25.0000000000 -0.0000000000 1.0000000000
413460.5635003374 7430754.9020411773 0.0000000000 2.0000000000 26.0000000000 -0.0000000000 1.0000000000
413362.5914850830 7430754.9020411773 0.0000000000 2.0000000000 27.0000000000 -0.0000000000 1.0000000000
413264.6194698286 7430754.9020411773 0.0000000000 2.0000000000 28.0000000000 -0.0000000000 1.0000000000
413166.6474545742 7430754.9020411773 0.0000000000 2.0000000000 29.0000000000 -0.0000000000 1.0000000000
413068.6754393199 7430754.9020411773 0.0000000000 2.0000000000 30.0000000000 -0.0000000000 1.0000000000
412970.7034240655 7430754.9020411773 0.0000000000 2.0000000000 31.0000000000 90.0000000000 1.0000000000
412870.7034240655 7430754.9020411773 0.0000000000 2.0000000000 32.0000000000 180.0000000000 1.0000000000
412770.7034240655 7430754.9020411773 0.0000000000 2.0000000000 33.0000000000 180.0000000000 1.0000000000
412670.7034240655 7430754.9020411773 0.0000000000 2.0000000000 34.0000000000 180.0000000000 1.0000000000
412570.7034240655 7430754.9020411773 0.0000000000 2.0000000000 35.0000000000 180.0000000000 1.0000000000
412470.7034240655 7430754.9020411773 0.0000000000 2.0000000000 36.0000000000 180.0000000000 1.0000000000
412370.7034240655 7430754.9020411773 0.0000000000 2.0000000000 37.0000000000 180.0000000000 1.0000000000
412270.7034240655 7430754.9020411773 0.0000000000 2.0000000000 38.0000000000 180.0000000000 1.0000000000
412170.7034240655 7430754.9020411773 0.0000000000 2.0000000000 39.0000000000 180.0000000000 1.0000000000
412070.7034240655 7430754.9020411773 0.0000000000 2.0000000000 40.0000000000 180.0000000000 1.0000000000
411970.7034240655 7430754.9020411773 0.0000000000 2.0000000000 41.0000000000 180.0000000000 1.0000000000
411870.7034240655 7430754.9020411773 0.0000000000 2.0000000000 42.0000000000 180.0000000000 1.0000000000
411770.7034240655 7430754.9020411773 0.0000000000 2.0000000000 43.0000000000 180.0000000000 1.0000000000
411670.7034240655 7430754.9020411773 0.0000000000 2.0000000000 44.0000000000 180.0000000000 1.0000000000
411570.7034240655 7430754.9020411773 0.0000000000 2.0000000000 45.0000000000 180.0000000000 1.0000000000
411501.1231952495 7430754.9020411773 0.0000000000 2.0000000000 46.0000000000 -180.0000000000 1.0000000000
411605.2053044522 7430854.9020411773 0.0000000000 3.0000000000 47.0000000000 180.0000000000 1.0000000000
411670.7034240655 7430854.9020411773 0.0000000000 3.0000000000 48.0000000000 0.0000000000 1.0000000000
411770.7034240655 7430854.9020411773 0.0000000000 3.0000000000 49.0000000000 0.0000000000 1.0000000000
411870.7034240655 7430854.9020411773 0.0000000000 3.0000000000 50.0000000000 0.0000000000 1.0000000000
411970.7034240655 7430854.9020411773 0.0000000000 3.0000000000 51.0000000000 0.0000000000 1.0000000000
412070.7034240655 7430854.9020411773 0.0000000000 3.0000000000 52.0000000000 0.0000000000 1.0000000000
412170.7034240655 7430854.9020411773 0.0000000000 3.0000000000 53.0000000000 0.0000000000 1.0000000000
412270.7034240655 7430854.9020411773 0.0000000000 3.0000000000 54.0000000000 0.0000000000 1.0000000000
412370.7034240655 7430854.9020411773 0.0000000000 3.0000000000 55.0000000000 0.0000000000 1.0000000000
412470.7034240655 7430854.9020411773 0.0000000000 3.0000000000 56.0000000000 0.0000000000 1.0000000000
412570.7034240655 7430854.9020411773 0.0000000000 3.0000000000 57.0000000000 0.0000000000 1.0000000000
412670.7034240655 7430854.9020411773 0.0000000000 3.0000000000 58.0000000000 0.0000000000 1.0000000000
412770.7034240655 7430854.9020411773 0.0000000000 3.0000000000 59.0000000000 0.0000000000 1.0000000000
412870.7034240655 7430854.9020411773 0.0000000000 3.0000000000 60.0000000000 0.0000000000 1.0000000000
412970.7034240655 7430854.9020411773 0.0000000000 3.0000000000 61.0000000000 0.0000000000 1.0000000000
413070.7034240655 7430854.9020411773 0.0000000000 3.0000000000 62.0000000000 0.0000000000 1.0000000000
413170.7034240655 7430854.9020411773 0.0000000000 3.0000000000 63.0000000000 0.0000000000 1.0000000000
413270.7034240655 7430854.9020411773 0.0000000000 3.0000000000 64.0000000000 0.0000000000 1.0000000000
413370.7034240655 7430854.9020411773 0.0000000000 3.0000000000 65.0000000000 0.0000000000 1.0000000000
413470.7034240655 7430854.9020411773 0.0000000000 3.0000000000 66.0000000000 0.0000000000 1.0000000000
413570.7034240655 7430854.9020411773 0.0000000000 3.0000000000 67.0000000000 0.0000000000 1.0000000000
413670.7034240655 7430854.9020411773 0.0000000000 3.0000000000 68.0000000000 0.0000000000 1.0000000000
413770.7034240655 7430854.9020411773 0.0000000000 3.0000000000 69.0000000000 0.0000000000 1.0000000000
413870.7034240655 7430854.9020411773 0.0000000000 3.0000000000 70.0000000000 0.0000000000 1.0000000000
413970.7034240655 7430854.9020411773 0.0000000000 3.0000000000 71.0000000000 0.0000000000 1.0000000000
414070.7034240655 7430854.9020411773 0.0000000000 3.0000000000 72.0000000000 0.0000000000 1.0000000000
414170.7034240655 7430854.9020411773 0.0000000000 3.0000000000 73.0000000000 0.0000000000 1.0000000000
414270.7034240655 7430854.9020411773 0.0000000000 3.0000000000 74.0000000000 0.0000000000 1.0000000000
414370.7034240655 7430854.9020411773 0.0000000000 3.0000000000 75.0000000000 0.0000000000 1.0000000000
414470.7034240655 7430854.9020411773 0.0000000000 3.0000000000 76.0000000000 0.0000000000 1.0000000000
414524.5870479883 7430854.9020411773 0.0000000000 3.0000000000 77.0000000000 0.0000000000 1.0000000000
414578.4706719111 7430854.9020411773 0.0000000000 3.0000000000 78.0000000000 0.0000000000 1.0000000000
415073.6463824455 7430954.9020411773 0.0000000000 4.0000000000 79.0000000000 -0.0000000000 1.0000000000
414989.8225560488 7430954.9020411773 0.0000000000 4.0000000000 80.0000000000 -0.0000000000 1.0000000000
414905.9987296521 7430954.9020411773 0.0000000000 4.0000000000 81.0000000000 -0.0000000000 1.0000000000
414822.1749032555 7430954.9020411773 0.0000000000 4.0000000000 82.0000000000 -0.0000000000 1.0000000000
414738.3510768588 7430954.9020411773 0.0000000000 4.0000000000 83.0000000000 -0.0000000000 1.0000000000
414654.5272504622 7430954.9020411773 0.0000000000 4.0000000000 84.0000000000 -0.0000000000 1.0000000000
414570.7034240655 7430954.9020411773 0.0000000000 4.0000000000 85.0000000000 90.0000000000 1.0000000000
414470.7034240655 7430954.9020411773 0.0000000000 4.0000000000 86.0000000000 180.0000000000 1.0000000000
414370.7034240655 7430954.9020411773 0.0000000000 4.0000000000 87.0000000000 180.0000000000 1.0000000000
414270.7034240655 7430954.9020411773 0.0000000000 4.0000000000 88.0000000000 180.0000000000 1.0000000000
414170.7034240655 7430954.9020411773 0.0000000000 4.0000000000 89.0000000000 180.0000000000 1.0000000000
414070.7034240655 7430954.9020411773 0.0000000000 4.0000000000 90.0000000000 180.0000000000 1.0000000000
413970.7034240655 7430954.9020411773 0.0000000000 4.0000000000 91.0000000000 180.0000000000 1.0000000000
413870.7034240655 7430954.9020411773 0.0000000000 4.0000000000 92.0000000000 180.0000000000 1.0000000000
413770.7034240655 7430954.9020411773 0.0000000000 4.0000000000 93.0000000000 180.0000000000 1.0000000000
413670.7034240655 7430954.9020411773 0.0000000000 4.0000000000 94.0000000000 180.0000000000 1.0000000000
413570.7034240655 7430954.9020411773 0.0000000000 4.0000000000 95.0000000000 180.0000000000 1.0000000000
413470.7034240655 7430954.9020411773 0.0000000000 4.0000000000 96.0000000000 180.0000000000 1.0000000000
413370.7034240655 7430954.9020411773 0.0000000000 4.0000000000 97.0000000000 180.0000000000 1.0000000000
413270.7034240655 7430954.9020411773 0.0000000000 4.0000000000 98.0000000000 180.0000000000 1.0000000000
413170.7034240655 7430954.9020411773 0.0000000000 4.0000000000 99.0000000000 180.0000000000 1.0000000000
413070.7034240655 7430954.9020411773 0.0000000000 4.0000000000 100.0000000000 180.0000000000 1.0000000000
412970.7034240655 7430954.9020411773 0.0000000000 4.0000000000 101.0000000000 180.0000000000 1.0000000000
412870.7034240655 7430954.9020411773 0.0000000000 4.0000000000 102.0000000000 180.0000000000 1.0000000000
412770.7034240655 7430954.9020411773 0.0000000000 4.0000000000 103.0000000000 180.0000000000 1.0000000000
412670.7034240655 7430954.9020411773 0.0000000000 4.0000000000 104.0000000000 180.0000000000 1.0000000000
412570.7034240655 7430954.9020411773 0.0000000000 4.0000000000 105.0000000000 180.0000000000 1.0000000000
412470.7034240655 7430954.9020411773 0.0000000000 4.0000000000 106.0000000000 180.0000000000 1.0000000000
412370.7034240655 7430954.9020411773 0.0000000000 4.0000000000 107.0000000000 180.0000000000 1.0000000000
412270.7034240655 7430954.9020411773 0.0000000000 4.0000000000 108.0000000000 180.0000000000 1.0000000000
412170.7034240655 7430954.9020411773 0.0000000000 4.0000000000 109.0000000000 180.0000000000 1.0000000000
412070.7034240655 7430954.9020411773 0.0000000000 4.0000000000 110.0000000000 180.0000000000 1.0000000000
411970.7034240655 7430954.9020411773 0.0000000000 4.0000000000 111.0000000000 180.0000000000 1.0000000000
411870.7034240655 7430954.9020411773 0.0000000000 4.0000000000 112.0000000000 180.0000000000 1.0000000000
411770.7034240655 7430954.9020411773 0.0000000000 4.0000000000 113.0000000000 180.0000000000 1.0000000000
411709.2874136548 7430954.9020411773 0.0000000000 4.0000000000 114.0000000000 -180.0000000000 1.0000000000
411813.3695228575 7431054.9020411773 0.0000000000 5.0000000000 115.0000000000 180.0000000000 1.0000000000
411892.0364734615 7431054.9020411773 0.0000000000 5.0000000000 116.0000000000 180.0000000000 1.0000000000
411970.7034240655 7431054.9020411773 0.0000000000 5.0000000000 117.0000000000 0.0000000000 1.0000000000
412070.7034240655 7431054.9020411773 0.0000000000 5.0000000000 118.0000000000 0.0000000000 1.0000000000
412170.7034240655 7431054.9020411773 0.0000000000 5.0000000000 119.0000000000 0.0000000000 1.0000000000
412270.7034240655 7431054.9020411773 0.0000000000 5.0000000000 120.0000000000 0.0000000000 1.0000000000
412370.7034240655 7431054.9020411773 0.0000000000 5.0000000000 121.0000000000 0.0000000000 1.0000000000
412470.7034240655 7431054.9020411773 0.0000000000 5.0000000000 122.0000000000 0.0000000000 1.0000000000
412570.7034240655 7431054.9020411773 0.0000000000 5.0000000000 123.0000000000 0.0000000000 1.0000000000
412670.7034240655 7431054.9020411773 0.0000000000 5.0000000000 124.0000000000 0.0000000000 1.0000000000
412770.7034240655 7431054.9020411773 0.0000000000 5.0000000000 125.0000000000 0.0000000000 1.0000000000
412870.7034240655 7431054.9020411773 0.0000000000 5.0000000000 126.0000000000 0.0000000000 1.0000000000
412970.7034240655 7431054.9020411773 0.0000000000 5.0000000000 127.0000000000 0.0000000000 1.0000000000
413070.7034240655 7431054.9020411773 0.0000000000 5.0000000000 128.0000000000 0.0000000000 1.0000000000
413170.7034240655 7431054.9020411773 0.0000000000 5.0000000000 129.0000000000 0.0000000000 1.0000000000
413270.7034240655 7431054.9020411773 0.0000000000 5.0000000000 130.0000000000 0.0000000000 1.0000000000
413370.7034240655 7431054.9020411773 0.0000000000 5.0000000000 131.0000000000 0.0000000000 1.0000000000
413470.7034240655 7431054.9020411773 0.0000000000 5.0000000000 132.0000000000 0.0000000000 1.0000000000
413570.7034240655 7431054.9020411773 0.0000000000 5.0000000000 133.0000000000 0.0000000000 1.0000000000
413670.7034240655 7431054.9020411773 0.0000000000 5.0000000000 134.0000000000 0.0000000000 1.0000000000
413770.7034240655 7431054.9020411773 0.0000000000 5.0000000000 135.0000000000 0.0000000000 1.0000000000
413870.7034240655 7431054.9020411773 0.0000000000 5.0000000000 136.0000000000 0.0000000000 1.0000000000
413970.7034240655 7431054.9020411773 0.0000000000 5.0000000000 137.0000000000 0.0000000000 1.0000000000
414070.7034240655 7431054.9020411773 0.0000000000 5.0000000000 138.0000000000 0.0000000000 1.0000000000
414170.7034240655 7431054.9020411773 0.0000000000 5.0000000000 139.0000000000 0.0000000000 1.0000000000
414270.7034240655 7431054.9020411773 0.0000000000 5.0000000000 140.0000000000 0.0000000000 1.0000000000
414370.7034240655 7431054.9020411773 0.0000000000 5.0000000000 141.0000000000 0.0000000000 1.0000000000
414470.7034240655 7431054.9020411773 0.0000000000 5.0000000000 142.0000000000 0.0000000000 1.0000000000
414570.7034240655 7431054.9020411773 0.0000000000 5.0000000000 143.0000000000 0.0000000000 1.0000000000
414670.7034240655 7431054.9020411773 0.0000000000 5.0000000000 144.0000000000 0.0000000000 1.0000000000
414770.7034240655 7431054.9020411773 0.0000000000 5.0000000000 145.0000000000 0.0000000000 1.0000000000
414870.7034240655 7431054.9020411773 0.0000000000 5.0000000000 146.0000000000 0.0000000000 1.0000000000
414970.7034240655 7431054.9020411773 0.0000000000 5.0000000000 147.0000000000 0.0000000000 1.0000000000
415043.2860179328 7431054.9020411773 0.0000000000 5.0000000000 148.0000000000 0.0000000000 1.0000000000
415012.9256534199 7431154.9020411773 0.0000000000 6.0000000000 149.0000000000 -0.0000000000 1.0000000000
414941.8145387427 7431154.9020411773 0.0000000000 6.0000000000 150.0000000000 -0.0000000000 1.0000000000
414870.7034240655 7431154.9020411773 0.0000000000 6.0000000000 151.0000000000 180.0000000000 1.0000000000
414770.7034240655 7431154.9020411773 0.0000000000 6.0000000000 152.0000000000 180.0000000000 1.0000000000
414670.7034240655 7431154.9020411773 0.0000000000 6.0000000000 153.0000000000 180.0000000000 1.0000000000
414570.7034240655 7431154.9020411773 0.0000000000 6.0000000000 154.0000000000 180.0000000000 1.0000000000
414470.7034240655 7431154.9020411773 0.0000000000 6.0000000000 155.0000000000 180.0000000000 1.0000000000
414370.7034240655 7431154.9020411773 0.0000000000 6.0000000000 156.0000000000 180.0000000000 1.0000000000
414270.7034240655 7431154.9020411773 0.0000000000 6.0000000000 157.0000000000 180.0000000000 1.0000000000
414170.7034240655 7431154.9020411773 0.0000000000 6.0000000000 158.0000000000 180.0000000000 1.0000000000
414070.7034240655 7431154.9020411773 0.0000000000 6.0000000000 159.0000000000 180.0000000000 1.0000000000
413970.7034240655 7431154.9020411773 0.0000000000 6.0000000000 160.0000000000 180.0000000000 1.0000000000
413870.7034240655 7431154.9020411773 0.0000000000 6.0000000000 161.0000000000 180.0000000000 1.0000000000
413770.7034240655 7431154.9020411773 0.0000000000 6.0000000000 162.0000000000 180.0000000000 1.0000000000
413670.7034240655 7431154.9020411773 0.0000000000 6.0000000000 163.0000000000 180.0000000000 1.0000000000
413570.7034240655 7431154.9020411773 0.0000000000 6.0000000000 164.0000000000 180.0000000000 1.0000000000
413470.7034240655 7431154.9020411773 0.0000000000 6.0000000000 165.0000000000 180.0000000000 1.0000000000
413370.7034240655 7431154.9020411773 0.0000000000 6.0000000000 166.0000000000 180.0000000000 1.0000000000
413270.7034240655 7431154.9020411773 0.0000000000 6.0000000000 167.0000000000 180.0000000000 1.0000000000
413170.7034240655 7431154.9020411773 0.0000000000 6.0000000000 168.0000000000 180.0000000000 1.0000000000
413070.7034240655 7431154.9020411773 0.0000000000 6.0000000000 169.0000000000 180.0000000000 1.0000000000
412970.7034240655 7431154.9020411773 0.0000000000 6.0000000000 170.0000000000 180.0000000000 1.0000000000
412870.7034240655 7431154.9020411773 0.0000000000 6.0000000000 171.0000000000 180.0000000000 1.0000000000
412770.7034240655 7431154.9020411773 0.0000000000 6.0000000000 172.0000000000 180.0000000000 1.0000000000
412670.7034240655 7431154.9020411773 0.0000000000 6.0000000000 173.0000000000 180.0000000000 1.0000000000
412570.7034240655 7431154.9020411773 0.0000000000 6.0000000000 174.0000000000 180.0000000000 1.0000000000
412470.7034240655 7431154.9020411773 0.0000000000 6.0000000000 175.0000000000 180.0000000000 1.0000000000
412370.7034240655 7431154.9020411773 0.0000000000 6.0000000000 176.0000000000 180.0000000000 1.0000000000
412270.7034240655 7431154.9020411773 0.0000000000 6.0000000000 177.0000000000 180.0000000000 1.0000000000
412170.7034240655 7431154.9020411773 0.0000000000 6.0000000000 178.0000000000 180.0000000000 1.0000000000
412070.7034240655 7431154.9020411773 0.0000000000 6.0000000000 179.0000000000 180.0000000000 1.0000000000
411994.0775280628 7431154.9020411773 0.0000000000 6.0000000000 180.0000000000 -180.0000000000 1.0000000000
411917.4516320601 7431154.9020411773 0.0000000000 6.0000000000 181.0000000000 -180.0000000000 1.0000000000
412021.5337412627 7431254.9020411773 0.0000000000 7.0000000000 182.0000000000 180.0000000000 1.0000000000
412096.1185826641 7431254.9020411773 0.0000000000 7.0000000000 183.0000000000 180.0000000000 1.0000000000
412170.7034240655 7431254.9020411773 0.0000000000 7.0000000000 184.0000000000 0.0000000000 1.0000000000
412270.7034240655 7431254.9020411773 0.0000000000 7.0000000000 185.0000000000 0.0000000000 1.0000000000
412370.7034240655 7431254.9020411773 0.0000000000 7.0000000000 186.0000000000 0.0000000000 1.0000000000
412470.7034240655 7431254.9020411773 0.0000000000 7.0000000000 187.0000000000 0.0000000000 1.0000000000
412570.7034240655 7431254.9020411773 0.0000000000 7.0000000000 188.0000000000 0.0000000000 1.0000000000
412670.7034240655 7431254.9020411773 0.0000000000 7.0000000000 189.0000000000 0.0000000000 1.0000000000
412770.7034240655 7431254.9020411773 0.0000000000 7.0000000000 190.0000000000 0.0000000000 1.0000000000
412870.7034240655 7431254.9020411773 0.0000000000 7.0000000000 191.0000000000 0.0000000000 1.0000000000
412970.7034240655 7431254.9020411773 0.0000000000 7.0000000000 192.0000000000 0.0000000000 1.0000000000
413070.7034240655 7431254.9020411773 0.0000000000 7.0000000000 193.0000000000 0.0000000000 1.0000000000
413170.7034240655 7431254.9020411773 0.0000000000 7.0000000000 194.0000000000 0.0000000000 1.0000000000
413270.7034240655 7431254.9020411773 0.0000000000 7.0000000000 195.0000000000 0.0000000000 1.0000000000
413370.7034240655 7431254.9020411773 0.0000000000 7.0000000000 196.0000000000 0.0000000000 1.0000000000
413470.7034240655 7431254.9020411773 0.0000000000 7.0000000000 197.0000000000 0.0000000000 1.0000000000
413570.7034240655 7431254.9020411773 0.0000000000 7.0000000000 198.0000000000 0.0000000000 1.0000000000
413670.7034240655 7431254.9020411773 0.0000000000 7.0000000000 199.0000000000 0.0000000000 1.0000000000
413770.7034240655 7431254.9020411773 0.0000000000 7.0000000000 200.0000000000 0.0000000000 1.0000000000
413870.7034240655 7431254.9020411773 0.0000000000 7.0000000000 201.0000000000 0.0000000000 1.0000000000
413970.7034240655 7431254.9020411773 0.0000000000 7.0000000000 202.0000000000 0.0000000000 1.0000000000
414070.7034240655 7431254.9020411773 0.0000000000 7.0000000000 203.0000000000 0.0000000000 1.0000000000
414170.7034240655 7431254.9020411773 0.0000000000 7.0000000000 204.0000000000 0.0000000000 1.0000000000
414270.7034240655 7431254.9020411773 0.0000000000 7.0000000000 205.0000000000 0.0000000000 1.0000000000
414370.7034240655 7431254.9020411773 0.0000000000 7.0000000000 206.0000000000 0.0000000000 1.0000000000
414470.7034240655 7431254.9020411773 0.0000000000 7.0000000000 207.0000000000 0.0000000000 1.0000000000
414570.7034240655 7431254.9020411773 0.0000000000 7.0000000000 208.0000000000 0.0000000000 1.0000000000
414670.7034240655 7431254.9020411773 0.0000000000 7.0000000000 209.0000000000 0.0000000000 1.0000000000
414770.7034240655 7431254.9020411773 0.0000000000 7.0000000000 210.0000000000 0.0000000000 1.0000000000
414870.7034240655 7431254.9020411773 0.0000000000 7.0000000000 211.0000000000 0.0000000000 1.0000000000
414926.6343564863 7431254.9020411773 0.0000000000 7.0000000000 212.0000000000 0.0000000000 1.0000000000
414982.5652889070 7431254.9020411773 0.0000000000 7.0000000000 213.0000000000 0.0000000000 1.0000000000
414952.2049243943 7431354.9020411773 0.0000000000 8.0000000000 214.0000000000 -0.0000000000 1.0000000000
414870.7034240655 7431354.9020411773 0.0000000000 8.0000000000 215.0000000000 180.0000000000 1.0000000000
414770.7034240655 7431354.9020411773 0.0000000000 8.0000000000 216.0000000000 180.0000000000 1.0000000000
414670.7034240655 7431354.9020411773 0.0000000000 8.0000000000 217.0000000000 180.0000000000 1.0000000000
414570.7034240655 7431354.9020411773 0.0000000000 8.0000000000 218.0000000000 180.0000000000 1.0000000000
414470.7034240655 7431354.9020411773 0.0000000000 8.0000000000 219.0000000000 180.0000000000 1.0000000000
414370.7034240655 7431354.9020411773 0.0000000000 8.0000000000 220.0000000000 180.0000000000 1.0000000000
414270.7034240655 7431354.9020411773 0.0000000000 8.0000000000 221.0000000000 180.0000000000 1.0000000000
414170.7034240655 7431354.9020411773 0.0000000000 8.0000000000 222.0000000000 180.0000000000 1.0000000000
414070.7034240655 7431354.9020411773 0.0000000000 8.0000000000 223.0000000000 180.0000000000 1.0000000000
413970.7034240655 7431354.9020411773 0.0000000000 8.0000000000 224.0000000000 180.0000000000 1.0000000000
413870.7034240655 7431354.9020411773 0.0000000000 8.0000000000 225.0000000000 180.0000000000 1.0000000000
413770.7034240655 7431354.9020411773 0.0000000000 8.0000000000 226.0000000000 180.0000000000 1.0000000000
413670.7034240655 7431354.9020411773 0.0000000000 8.0000000000 227.0000000000 180.0000000000 1.0000000000
413570.7034240655 7431354.9020411773 0.0000000000 8.0000000000 228.0000000000 180.0000000000 1.0000000000
413470.7034240655 7431354.9020411773 0.0000000000 8.0000000000 229.0000000000 180.0000000000 1.0000000000
413370.7034240655 7431354.9020411773 0.0000000000 8.0000000000 230.0000000000 180.0000000000 1.0000000000
413270.7034240655 7431354.9020411773 0.0000000000 8.0000000000 231.0000000000 180.0000000000 1.0000000000
413170.7034240655 7431354.9020411773 0.0000000000 8.0000000000 232.0000000000 180.0000000000 1.0000000000
413070.7034240655 7431354.9020411773 0.0000000000 8.0000000000 233.0000000000 180.0000000000 1.0000000000
412970.7034240655 7431354.9020411773 0.0000000000 8.0000000000 234.0000000000 180.0000000000 1.0000000000
412870.7034240655 7431354.9020411773 0.0000000000 8.0000000000 235.0000000000 180.0000000000 1.0000000000
412770.7034240655 7431354.9020411773 0.0000000000 8.0000000000 236.0000000000 180.0000000000 1.0000000000
412670.7034240655 7431354.9020411773 0.0000000000 8.0000000000 237.0000000000 180.0000000000 1.0000000000
412570.7034240655 7431354.9020411773 0.0000000000 8.0000000000 238.0000000000 180.0000000000 1.0000000000
412470.7034240655 7431354.9020411773 0.0000000000 8.0000000000 239.0000000000 180.0000000000 1.0000000000
412370.7034240655 7431354.9020411773 0.0000000000 8.0000000000 240.0000000000 180.0000000000 1.0000000000
412270.7034240655 7431354.9020411773 0.0000000000 8.0000000000 241.0000000000 180.0000000000 1.0000000000
