413111.3542100898 7432135.4236292429 0.0000000000 1.0000000000 0.0000000000 -10.0000000000
413209.8349853910 7432118.0588114765 0.0000000000 1.0000000000 1.0000000000 -10.0000000000
413308.3157606922 7432100.6939937100 0.0000000000 1.0000000000 2.0000000000 -10.0000000000
413406.7965359934 7432083.3291759444 0.0000000000 1.0000000000 3.0000000000 -10.0000000000
413505.2773112946 7432065.9643581780 0.0000000000 1.0000000000 4.0000000000 -10.0000000000
413603.7580865958 7432048.5995404115 0.0000000000 1.0000000000 5.0000000000 -10.0000000000
413702.2388618970 7432031.2347226450 0.0000000000 1.0000000000 6.0000000000 -10.0000000000
413800.7196371982 7432013.8699048785 0.0000000000 1.0000000000 7.0000000000 -10.0000000000
413899.2004124994 7431996.5050871121 0.0000000000 1.0000000000 8.0000000000 -10.0000000000
413997.6811878006 7431979.1402693456 0.0000000000 1.0000000000 9.0000000000 -10.0000000000
414096.1619631018 7431961.7754515791 0.0000000000 1.0000000000 10.0000000000 -10.0000000000
414194.6427384030 7431944.4106338127 0.0000000000 1.0000000000 11.0000000000 -10.0000000000
414293.1235137042 7431927.0458160462 0.0000000000 1.0000000000 12.0000000000 -10.0000000000
414391.6042890054 7431909.6809982797 0.0000000000 1.0000000000 13.0000000000 -10.0000000000
414490.0850643066 7431892.3161805132 0.0000000000 1.0000000000 14.0000000000 -10.0000000000
414588.5658396078 7431874.9513627468 0.0000000000 1.0000000000 15.0000000000 -10.0000000000
414687.0466149090 7431857.5865449812 0.0000000000 1.0000000000 16.0000000000 -10.0000000000
414768.1625724435 7431741.7409519134 0.0000000000 2.0000000000 17.0000000000 -190.0000000000
414669.6817971422 7431759.1057696799 0.0000000000 2.0000000000 18.0000000000 -190.0000000000
414571.2010218410 7431776.4705874464 0.0000000000 2.0000000000 19.0000000000 -190.0000000000
414472.7202465398 7431793.8354052128 0.0000000000 2.0000000000 20.0000000000 -190.0000000000
414374.2394712386 7431811.2002229793 0.0000000000 2.0000000000 21.0000000000 -190.0000000000
414275.7586959374 7431828.5650407458 0.0000000000 2.0000000000 22.0000000000 -190.0000000000
414177.2779206362 7431845.9298585122 0.0000000000 2.0000000000 23.0000000000 -190.0000000000
414078.7971453350 7431863.2946762787 0.0000000000 2.0000000000 24.0000000000 -190.0000000000
413980.3163700338 7431880.6594940452 0.0000000000 2.0000000000 25.0000000000 -190.0000000000
413881.8355947326 7431898.0243118117 0.0000000000 2.0000000000 26.0000000000 -190.0000000000
413783.3548194314 7431915.3891295772 0.0000000000 2.0000000000 27.0000000000 -190.0000000000
413684.8740441302 7431932.7539473437 0.0000000000 2.0000000000 28.0000000000 -190.0000000000
413586.3932688290 7431950.1187651101 0.0000000000 2.0000000000 29.0000000000 -190.0000000000
413487.9124935278 7431967.4835828766 0.0000000000 2.0000000000 30.0000000000 -190.0000000000
413389.4317182266 7431984.8484006431 0.0000000000 2.0000000000 31.0000000000 -190.0000000000
413290.9509429254 7432002.2132184096 0.0000000000 2.0000000000 32.0000000000 -190.0000000000
413192.4701676242 7432019.5780361760 0.0000000000 2.0000000000 33.0000000000 -190.0000000000
413093.9893923230 7432036.9428539425 0.0000000000 2.0000000000 34.0000000000 -190.0000000000
412995.5086170218 7432054.3076717090 0.0000000000 2.0000000000 35.0000000000 -190.0000000000
412879.6630239539 7431973.1917141741 0.0000000000 3.0000000000 36.0000000000 -10.0000000000
412978.1437992552 7431955.8268964076 0.0000000000 3.0000000000 37.0000000000 -10.0000000000
413076.6245745564 7431938.4620786412 0.0000000000 3.0000000000 38.0000000000 -10.0000000000
413175.1053498576 7431921.0972608756 0.0000000000 3.0000000000 39.0000000000 -10.0000000000
413273.5861251588 7431903.7324431092 0.0000000000 3.0000000000 40.0000000000 -10.0000000000
413372.0669004600 7431886.3676253427 0.0000000000 3.0000000000 41.0000000000 -10.0000000000
413470.5476757612 7431869.0028075762 0.0000000000 3.0000000000 42.0000000000 -10.0000000000
413569.0284510624 7431851.6379898097 0.0000000000 3.0000000000 43.0000000000 -10.0000000000
413667.5092263636 7431834.2731720433 0.0000000000 3.0000000000 44.0000000000 -10.0000000000
413765.9900016648 7431816.9083542768 0.0000000000 3.0000000000 45.0000000000 -10.0000000000
413864.4707769660 7431799.5435365103 0.0000000000 3.0000000000 46.0000000000 -10.0000000000
413962.9515522672 7431782.1787187438 0.0000000000 3.0000000000 47.0000000000 -10.0000000000
414061.4323275684 7431764.8139009774 0.0000000000 3.0000000000 48.0000000000 -10.0000000000
414159.9131028696 7431747.4490832109 0.0000000000 3.0000000000 49.0000000000 -10.0000000000
414258.3938781708 7431730.0842654444 0.0000000000 3.0000000000 50.0000000000 -10.0000000000
414356.8746534720 7431712.7194476780 0.0000000000 3.0000000000 51.0000000000 -10.0000000000
414455.3554287732 7431695.3546299124 0.0000000000 3.0000000000 52.0000000000 -10.0000000000
414553.8362040744 7431677.9898121459 0.0000000000 3.0000000000 53.0000000000 -10.0000000000
414652.3169793756 7431660.6249943795 0.0000000000 3.0000000000 54.0000000000 -10.0000000000
414750.7977546768 7431643.2601766130 0.0000000000 3.0000000000 55.0000000000 -10.0000000000
414831.9137122112 7431527.4145835452 0.0000000000 4.0000000000 56.0000000000 -190.0000000000
414733.4329369100 7431544.7794013117 0.0000000000 4.0000000000 57.0000000000 -190.0000000000
414634.9521616088 7431562.1442190781 0.0000000000 4.0000000000 58.0000000000 -190.0000000000
414536.4713863076 7431579.5090368446 0.0000000000 4.0000000000 59.0000000000 -190.0000000000
414437.9906110064 7431596.8738546111 0.0000000000 4.0000000000 60.0000000000 -190.0000000000
414339.5098357052 7431614.2386723775 0.0000000000 4.0000000000 61.0000000000 -190.0000000000
414241.0290604040 7431631.6034901440 0.0000000000 4.0000000000 62.0000000000 -190.0000000000
414142.5482851028 7431648.9683079105 0.0000000000 4.0000000000 63.0000000000 -190.0000000000
414044.0675098016 7431666.3331256770 0.0000000000 4.0000000000 64.0000000000 -190.0000000000
413945.5867345004 7431683.6979434434 0.0000000000 4.0000000000 65.0000000000 -190.0000000000
413847.1059591992 7431701.0627612099 0.0000000000 4.0000000000 66.0000000000 -190.0000000000
413748.6251838980 7431718.4275789764 0.0000000000 4.0000000000 67.0000000000 -190.0000000000
413650.1444085968 7431735.7923967429 0.0000000000 4.0000000000 68.0000000000 -190.0000000000
413551.6636332956 7431753.1572145084 0.0000000000 4.0000000000 69.0000000000 -190.0000000000
413453.1828579944 7431770.5220322749 0.0000000000 4.0000000000 70.0000000000 -190.0000000000
413354.7020826932 7431787.8868500413 0.0000000000 4.0000000000 71.0000000000 -190.0000000000
413256.2213073920 7431805.2516678078 0.0000000000 4.0000000000 72.0000000000 -190.0000000000
413157.7405320908 7431822.6164855743 0.0000000000 4.0000000000 73.0000000000 -190.0000000000
413059.2597567896 7431839.9813033408 0.0000000000 4.0000000000 74.0000000000 -190.0000000000
412960.7789814884 7431857.3461211072 0.0000000000 4.0000000000 75.0000000000 -190.0000000000
412862.2982061872 7431874.7109388737 0.0000000000 4.0000000000 76.0000000000 -190.0000000000
412763.8174308860 7431892.0757566402 0.0000000000 4.0000000000 77.0000000000 -190.0000000000
412746.4526131194 7431793.5949813388 0.0000000000 5.0000000000 78.0000000000 -10.0000000000
412844.9333884206 7431776.2301635724 0.0000000000 5.0000000000 79.0000000000 -10.0000000000
412943.4141637218 7431758.8653458068 0.0000000000 5.0000000000 80.0000000000 -10.0000000000
413041.8949390230 7431741.5005280403 0.0000000000 5.0000000000 81.0000000000 -10.0000000000
413140.3757143242 7431724.1357102739 0.0000000000 5.0000000000 82.0000000000 -10.0000000000
413238.8564896254 7431706.7708925074 0.0000000000 5.0000000000 83.0000000000 -10.0000000000
413337.3372649266 7431689.4060747409 0.0000000000 5.0000000000 84.0000000000 -10.0000000000
413435.8180402278 7431672.0412569745 0.0000000000 5.0000000000 85.0000000000 -10.0000000000
413534.2988155290 7431654.6764392080 0.0000000000 5.0000000000 86.0000000000 -10.0000000000
413632.7795908302 7431637.3116214415 0.0000000000 5.0000000000 87.0000000000 -10.0000000000
413731.2603661314 7431619.9468036750 0.0000000000 5.0000000000 88.0000000000 -10.0000000000
413829.7411414326 7431602.5819859086 0.0000000000 5.0000000000 89.0000000000 -10.0000000000
413928.2219167338 7431585.2171681421 0.0000000000 5.0000000000 90.0000000000 -10.0000000000
414026.7026920350 7431567.8523503756 0.0000000000 5.0000000000 91.0000000000 -10.0000000000
414125.1834673362 7431550.4875326091 0.0000000000 5.0000000000 92.0000000000 -10.0000000000
414223.6642426374 7431533.1227148436 0.0000000000 5.0000000000 93.0000000000 -10.0000000000
414322.1450179386 7431515.7578970771 0.0000000000 5.0000000000 94.0000000000 -10.0000000000
414420.6257932398 7431498.3930793107 0.0000000000 5.0000000000 95.0000000000 -10.0000000000
414519.1065685410 7431481.0282615442 0.0000000000 5.0000000000 96.0000000000 -10.0000000000
414617.5873438422 7431463.6634437777 0.0000000000 5.0000000000 97.0000000000 -10.0000000000
414716.0681191434 7431446.2986260112 0.0000000000 5.0000000000 98.0000000000 -10.0000000000
414814.5488944446 7431428.9338082448 0.0000000000 5.0000000000 99.0000000000 -10.0000000000
414895.6648519790 7431313.0882151779 0.0000000000 6.0000000000 100.0000000000 -190.0000000000
414797.1840766778 7431330.4530329444 0.0000000000 6.0000000000 101.0000000000 -190.0000000000
414698.7033013766 7431347.8178507108 0.0000000000 6.0000000000 102.0000000000 -190.0000000000
414600.2225260754 7431365.1826684764 0.0000000000 6.0000000000 103.0000000000 -190.0000000000
414501.7417507742 7431382.5474862428 0.0000000000 6.0000000000 104.0000000000 -190.0000000000
414403.2609754730 7431399.9123040093 0.0000000000 6.0000000000 105.0000000000 -190.0000000000
414304.7802001718 7431417.2771217758 0.0000000000 6.0000000000 106.0000000000 -190.0000000000
414206.2994248706 7431434.6419395423 0.0000000000 6.0000000000 107.0000000000 -190.0000000000
414107.8186495694 7431452.0067573087 0.0000000000 6.0000000000 108.0000000000 -190.0000000000
414009.3378742682 7431469.3715750752 0.0000000000 6.0000000000 109.0000000000 -190.0000000000
413910.8570989670 7431486.7363928417 0.0000000000 6.0000000000 110.0000000000 -190.0000000000
413812.3763236658 7431504.1012106081 0.0000000000 6.0000000000 111.0000000000 -190.0000000000
413713.8955483646 7431521.4660283746 0.0000000000 6.0000000000 112.0000000000 -190.0000000000
413615.4147730634 7431538.8308461411 0.0000000000 6.0000000000 113.0000000000 -190.0000000000
413516.9339977622 7431556.1956639076 0.0000000000 6.0000000000 114.0000000000 -190.0000000000
413418.4532224610 7431573.5604816740 0.0000000000 6.0000000000 115.0000000000 -190.0000000000
413319.9724471598 7431590.9252994396 0.0000000000 6.0000000000 116.0000000000 -190.0000000000
413221.4916718586 7431608.2901172061 0.0000000000 6.0000000000 117.0000000000 -190.0000000000
413123.0108965574 7431625.6549349725 0.0000000000 6.0000000000 118.0000000000 -190.0000000000
413024.5301212562 7431643.0197527390 0.0000000000 6.0000000000 119.0000000000 -190.0000000000
412926.0493459550 7431660.3845705055 0.0000000000 6.0000000000 120.0000000000 -190.0000000000
412827.5685706538 7431677.7493882719 0.0000000000 6.0000000000 121.0000000000 -190.0000000000
412729.0877953526 7431695.1142060384 0.0000000000 6.0000000000 122.0000000000 -190.0000000000
412630.6070200514 7431712.4790238049 0.0000000000 6.0000000000 123.0000000000 -190.0000000000
412514.7614269835 7431631.3630662700 0.0000000000 7.0000000000 124.0000000000 -10.0000000000
412613.2422022848 7431613.9982485035 0.0000000000 7.0000000000 125.0000000000 -10.0000000000
412711.7229775860 7431596.6334307380 0.0000000000 7.0000000000 126.0000000000 -10.0000000000
412810.2037528872 7431579.2686129715 0.0000000000 7.0000000000 127.0000000000 -10.0000000000
412908.6845281884 7431561.9037952051 0.0000000000 7.0000000000 128.0000000000 -10.0000000000
413007.1653034896 7431544.5389774386 0.0000000000 7.0000000000 129.0000000000 -10.0000000000
413105.6460787908 7431527.1741596721 0.0000000000 7.0000000000 130.0000000000 -10.0000000000
413204.1268540920 7431509.8093419056 0.0000000000 7.0000000000 131.0000000000 -10.0000000000
413302.6076293932 7431492.4445241392 0.0000000000 7.0000000000 132.0000000000 -10.0000000000
413401.0884046944 7431475.0797063727 0.0000000000 7.0000000000 133.0000000000 -10.0000000000
413499.5691799956 7431457.7148886062 0.0000000000 7.0000000000 134.0000000000 -10.0000000000
413598.0499552968 7431440.3500708397 0.0000000000 7.0000000000 135.0000000000 -10.0000000000
413696.5307305980 7431422.9852530733 0.0000000000 7.0000000000 136.0000000000 -10.0000000000
413795.0115058992 7431405.6204353068 0.0000000000 7.0000000000 137.0000000000 -10.0000000000
413893.4922812004 7431388.2556175413 0.0000000000 7.0000000000 138.0000000000 -10.0000000000
413991.9730565016 7431370.8907997748 0.0000000000 7.0000000000 139.0000000000 -10.0000000000
414090.4538318028 7431353.5259820083 0.0000000000 7.0000000000 140.0000000000 -10.0000000000
414188.9346071040 7431336.1611642418 0.0000000000 7.0000000000 141.0000000000 -10.0000000000
414287.4153824052 7431318.7963464754 0.0000000000 7.0000000000 142.0000000000 -10.0000000000
414385.8961577064 7431301.4315287089 0.0000000000 7.0000000000 143.0000000000 -10.0000000000
414484.3769330076 7431284.0667109424 0.0000000000 7.0000000000 144.0000000000 -10.0000000000
414582.8577083088 7431266.7018931760 0.0000000000 7.0000000000 145.0000000000 -10.0000000000
414681.3384836100 7431249.3370754095 0.0000000000 7.0000000000 146.0000000000 -10.0000000000
414779.8192589112 7431231.9722576430 0.0000000000 7.0000000000 147.0000000000 -10.0000000000
414878.3000342124 7431214.6074398765 0.0000000000 7.0000000000 148.0000000000 -10.0000000000
414959.4159917469 7431098.7618468078 0.0000000000 8.0000000000 149.0000000000 -190.0000000000
414860.9352164456 7431116.1266645743 0.0000000000 8.0000000000 150.0000000000 -190.0000000000
414762.4544411444 7431133.4914823407 0.0000000000 8.0000000000 151.0000000000 -190.0000000000
414663.9736658432 7431150.8563001072 0.0000000000 8.0000000000 152.0000000000 -190.0000000000
414565.4928905420 7431168.2211178737 0.0000000000 8.0000000000 153.0000000000 -190.0000000000
414467.0121152408 7431185.5859356401 0.0000000000 8.0000000000 154.0000000000 -190.0000000000
414368.5313399396 7431202.9507534066 0.0000000000 8.0000000000 155.0000000000 -190.0000000000
414270.0505646384 7431220.3155711731 0.0000000000 8.0000000000 156.0000000000 -190.0000000000
414171.5697893372 7431237.6803889396 0.0000000000 8.0000000000 157.0000000000 -190.0000000000
414073.0890140360 7431255.0452067060 0.0000000000 8.0000000000 158.0000000000 -190.0000000000
413974.6082387348 7431272.4100244716 0.0000000000 8.0000000000 159.0000000000 -190.0000000000
413876.1274634336 7431289.7748422381 0.0000000000 8.0000000000 160.0000000000 -190.0000000000
413777.6466881324 7431307.1396600045 0.0000000000 8.0000000000 161.0000000000 -190.0000000000
413679.1659128312 7431324.5044777710 0.0000000000 8.0000000000 162.0000000000 -190.0000000000
413580.6851375300 7431341.8692955375 0.0000000000 8.0000000000 163.0000000000 -190.0000000000
413482.2043622288 7431359.2341133039 0.0000000000 8.0000000000 164.0000000000 -190.0000000000
413383.7235869276 7431376.5989310704 0.0000000000 8.0000000000 165.0000000000 -190.0000000000
413285.2428116264 7431393.9637488369 0.0000000000 8.0000000000 166.0000000000 -190.0000000000
413186.7620363252 7431411.3285666034 0.0000000000 8.0000000000 167.0000000000 -190.0000000000
413088.2812610240 7431428.6933843698 0.0000000000 8.0000000000 168.0000000000 -190.0000000000
412989.8004857228 7431446.0582021363 0.0000000000 8.0000000000 169.0000000000 -190.0000000000
412891.3197104216 7431463.4230199028 0.0000000000 8.0000000000 170.0000000000 -190.0000000000
412792.8389351204 7431480.7878376693 0.0000000000 8.0000000000 171.0000000000 -190.0000000000
412694.3581598192 7431498.1526554348 0.0000000000 8.0000000000 172.0000000000 -190.0000000000
412595.8773845180 7431515.5174732013 0.0000000000 8.0000000000 173.0000000000 -190.0000000000
412497.3966092168 7431532.8822909677 0.0000000000 8.0000000000 174.0000000000 -190.0000000000
412398.9158339156 7431550.2471087342 0.0000000000 8.0000000000 175.0000000000 -190.0000000000
412381.5510161490 7431451.7663334338 0.0000000000 9.0000000000 176.0000000000 -10.0000000000
412480.0317914502 7431434.4015156673 0.0000000000 9.0000000000 177.0000000000 -10.0000000000
412578.5125667514 7431417.0366979009 0.0000000000 9.0000000000 178.0000000000 -10.0000000000
412676.9933420526 7431399.6718801344 0.0000000000 9.0000000000 179.0000000000 -10.0000000000
412775.4741173538 7431382.3070623679 0.0000000000 9.0000000000 180.0000000000 -10.0000000000
412873.9548926550 7431364.9422446014 0.0000000000 9.0000000000 181.0000000000 -10.0000000000
412972.4356679562 7431347.5774268350 0.0000000000 9.0000000000 182.0000000000 -10.0000000000
413070.9164432574 7431330.2126090685 0.0000000000 9.0000000000 183.0000000000 -10.0000000000
413169.3972185586 7431312.8477913020 0.0000000000 9.0000000000 184.0000000000 -10.0000000000
413267.8779938598 7431295.4829735355 0.0000000000 9.0000000000 185.0000000000 -10.0000000000
413366.3587691610 7431278.1181557700 0.0000000000 9.0000000000 186.0000000000 -10.0000000000
413464.8395444622 7431260.7533380035 0.0000000000 9.0000000000 187.0000000000 -10.0000000000
413563.3203197634 7431243.3885202371 0.0000000000 9.0000000000 188.0000000000 -10.0000000000
413661.8010950646 7431226.0237024706 0.0000000000 9.0000000000 189.0000000000 -10.0000000000
413760.2818703658 7431208.6588847041 0.0000000000 9.0000000000 190.0000000000 -10.0000000000
413858.7626456670 7431191.2940669376 0.0000000000 9.0000000000 191.0000000000 -10.0000000000
413957.2434209682 7431173.9292491712 0.0000000000 9.0000000000 192.0000000000 -10.0000000000
414055.7241962694 7431156.5644314047 0.0000000000 9.0000000000 193.0000000000 -10.0000000000
414154.2049715706 7431139.1996136382 0.0000000000 9.0000000000 194.0000000000 -10.0000000000
414252.6857468718 7431121.8347958717 0.0000000000 9.0000000000 195.0000000000 -10.0000000000
414351.1665221730 7431104.4699781053 0.0000000000 9.0000000000 196.0000000000 -10.0000000000
414449.6472974742 7431087.1051603388 0.0000000000 9.0000000000 197.0000000000 -10.0000000000
414548.1280727754 7431069.7403425733 0.0000000000 9.0000000000 198.0000000000 -10.0000000000
414646.6088480766 7431052.3755248068 0.0000000000 9.0000000000 199.0000000000 -10.0000000000
414745.0896233778 7431035.0107070403 0.0000000000 9.0000000000 200.0000000000 -10.0000000000
414843.5703986790 7431017.6458892738 0.0000000000 9.0000000000 201.0000000000 -10.0000000000
414942.0511739802 7431000.2810715074 0.0000000000 9.0000000000 202.0000000000 -10.0000000000
414826.2055809122 7430919.1651139725 0.0000000000 10.0000000000 203.0000000000 -190.0000000000
414727.7248056110 7430936.5299317390 0.0000000000 10.0000000000 204.0000000000 -190.0000000000
414629.2440303098 7430953.8947495054 0.0000000000 10.0000000000 205.0000000000 -190.0000000000
414530.7632550086 7430971.2595672719 0.0000000000 10.0000000000 206.0000000000 -190.0000000000
414432.2824797074 7430988.6243850384 0.0000000000 10.0000000000 207.0000000000 -190.0000000000
414333.8017044062 7431005.9892028049 0.0000000000 10.0000000000 208.0000000000 -190.0000000000
414235.3209291050 7431023.3540205713 0.0000000000 10.0000000000 209.0000000000 -190.0000000000
414136.8401538038 7431040.7188383378 0.0000000000 10.0000000000 210.0000000000 -190.0000000000
414038.3593785026 7431058.0836561043 0.0000000000 10.0000000000 211.0000000000 -190.0000000000
413939.8786032014 7431075.4484738708 0.0000000000 10.0000000000 212.0000000000 -190.0000000000
413841.3978279002 7431092.8132916372 0.0000000000 10.0000000000 213.0000000000 -190.0000000000
413742.9170525990 7431110.1781094028 0.0000000000 10.0000000000 214.0000000000 -190.0000000000
413644.4362772978 7431127.5429271692 0.0000000000 10.0000000000 215.0000000000 -190.0000000000
413545.9555019966 7431144.9077449357 0.0000000000 10.0000000000 216.0000000000 -190.0000000000
413447.4747266954 7431162.2725627022 0.0000000000 10.0000000000 217.0000000000 -190.0000000000
413348.9939513942 7431179.6373804687 0.0000000000 10.0000000000 218.0000000000 -190.0000000000
413250.5131760930 7431197.0021982351 0.0000000000 10.0000000000 219.0000000000 -190.0000000000
413152.0324007918 7431214.3670160016 0.0000000000 10.0000000000 220.0000000000 -190.0000000000
413053.5516254906 7431231.7318337681 0.0000000000 10.0000000000 221.0000000000 -190.0000000000
412955.0708501894 7431249.0966515345 0.0000000000 10.0000000000 222.0000000000 -190.0000000000
412856.5900748882 7431266.4614693010 0.0000000000 10.0000000000 223.0000000000 -190.0000000000
412758.1092995870 7431283.8262870675 0.0000000000 10.0000000000 224.0000000000 -190.0000000000
412659.6285242858 7431301.1911048340 0.0000000000 10.0000000000 225.0000000000 -190.0000000000
412561.1477489846 7431318.5559226004 0.0000000000 10.0000000000 226.0000000000 -190.0000000000
412462.6669736834 7431335.9207403660 0.0000000000 10.0000000000 227.0000000000 -190.0000000000
412364.1861983822 7431353.2855581325 0.0000000000 10.0000000000 228.0000000000 -190.0000000000
412265.7054230810 7431370.6503758989 0.0000000000 10.0000000000 229.0000000000 -190.0000000000
412149.8598300132 7431289.5344183650 0.0000000000 11.0000000000 230.0000000000 -10.0000000000
412248.3406053144 7431272.1696005985 0.0000000000 11.0000000000 231.0000000000 -10.0000000000
412346.8213806156 7431254.8047828320 0.0000000000 11.0000000000 232.0000000000 -10.0000000000
412445.3021559168 7431237.4399650656 0.0000000000 11.0000000000 233.0000000000 -10.0000000000
412543.7829312180 7431220.0751472991 0.0000000000 11.0000000000 234.0000000000 -10.0000000000
412642.2637065192 7431202.7103295326 0.0000000000 11.0000000000 235.0000000000 -10.0000000000
412740.7444818204 7431185.3455117662 0.0000000000 11.0000000000 236.0000000000 -10.0000000000
412839.2252571216 7431167.9806939997 0.0000000000 11.0000000000 237.0000000000 -10.0000000000
412937.7060324228 7431150.6158762332 0.0000000000 11.0000000000 238.0000000000 -10.0000000000
413036.1868077240 7431133.2510584677 0.0000000000 11.0000000000 239.0000000000 -10.0000000000
413134.6675830252 7431115.8862407012 0.0000000000 11.0000000000 240.0000000000 -10.0000000000
413233.1483583264 7431098.5214229347 0.0000000000 11.0000000000 241.0000000000 -10.0000000000
413331.6291336276 7431081.1566051682 0.0000000000 11.0000000000 242.0000000000 -10.0000000000
413430.1099089288 7431063.7917874018 0.0000000000 11.0000000000 243.0000000000 -10.0000000000
413528.5906842300 7431046.4269696353 0.0000000000 11.0000000000 244.0000000000 -10.0000000000
413627.0714595312 7431029.0621518688 0.0000000000 11.0000000000 245.0000000000 -10.0000000000
413725.5522348324 7431011.6973341024 0.0000000000 11.0000000000 246.0000000000 -10.0000000000
413824.0330101336 7430994.3325163359 0.0000000000 11.0000000000 247.0000000000 -10.0000000000
413922.5137854348 7430976.9676985694 0.0000000000 11.0000000000 248.0000000000 -10.0000000000
414020.9945607360 7430959.6028808029 0.0000000000 11.0000000000 249.0000000000 -10.0000000000
414119.4753360372 7430942.2380630365 0.0000000000 11.0000000000 250.0000000000 -10.0000000000
414217.9561113384 7430924.8732452700 0.0000000000 11.0000000000 251.0000000000 -10.0000000000
414316.4368866396 7430907.5084275045 0.0000000000 11.0000000000 252.0000000000 -10.0000000000
414414.9176619408 7430890.1436097380 0.0000000000 11.0000000000 253.0000000000 -10.0000000000
414513.3984372420 7430872.7787919715 0.0000000000 11.0000000000 254.0000000000 -10.0000000000
414200.5912935716 7430826.3924699696 0.0000000000 12.0000000000 255.0000000000 -190.0000000000
414102.1105182704 7430843.7572877361 0.0000000000 12.0000000000 256.0000000000 -190.0000000000
414003.6297429692 7430861.1221055025 0.0000000000 12.0000000000 257.0000000000 -190.0000000000
413905.1489676680 7430878.4869232690 0.0000000000 12.0000000000 258.0000000000 -190.0000000000
413806.6681923668 7430895.8517410355 0.0000000000 12.0000000000 259.0000000000 -190.0000000000
413708.1874170656 7430913.2165588019 0.0000000000 12.0000000000 260.0000000000 -190.0000000000
413609.7066417644 7430930.5813765684 0.0000000000 12.0000000000 261.0000000000 -190.0000000000
413511.2258664632 7430947.9461943340 0.0000000000 12.0000000000 262.0000000000 -190.0000000000
413412.7450911620 7430965.3110121004 0.0000000000 12.0000000000 263.0000000000 -190.0000000000
413314.2643158608 7430982.6758298669 0.0000000000 12.0000000000 264.0000000000 -190.0000000000
413215.7835405596 7431000.0406476334 0.0000000000 12.0000000000 265.0000000000 -190.0000000000
413117.3027652584 7431017.4054653998 0.0000000000 12.0000000000 266.0000000000 -190.0000000000
413018.8219899572 7431034.7702831663 0.0000000000 12.0000000000 267.0000000000 -190.0000000000
412920.3412146560 7431052.1351009328 0.0000000000 12.0000000000 268.0000000000 -190.0000000000
412821.8604393548 7431069.4999186993 0.0000000000 12.0000000000 269.0000000000 -190.0000000000
412723.3796640536 7431086.8647364657 0.0000000000 12.0000000000 270.0000000000 -190.0000000000
412624.8988887524 7431104.2295542322 0.0000000000 12.0000000000 271.0000000000 -190.0000000000
412526.4181134512 7431121.5943719987 0.0000000000 12.0000000000 272.0000000000 -190.0000000000
412427.9373381500 7431138.9591897652 0.0000000000 12.0000000000 273.0000000000 -190.0000000000
412329.4565628488 7431156.3240075316 0.0000000000 12.0000000000 274.0000000000 -190.0000000000
412230.9757875476 7431173.6888252972 0.0000000000 12.0000000000 275.0000000000 -190.0000000000
412132.4950122464 7431191.0536430636 0.0000000000 12.0000000000 276.0000000000 -190.0000000000
412034.0142369452 7431208.4184608301 0.0000000000 12.0000000000 277.0000000000 -190.0000000000
412016.6494191786 7431109.9376855297 0.0000000000 13.0000000000 278.0000000000 -10.0000000000
412115.1301944798 7431092.5728677632 0.0000000000 13.0000000000 279.0000000000 -10.0000000000
412213.6109697810 7431075.2080499968 0.0000000000 13.0000000000 280.0000000000 -10.0000000000
412312.0917450822 7431057.8432322303 0.0000000000 13.0000000000 281.0000000000 -10.0000000000
412410.5725203834 7431040.4784144638 0.0000000000 13.0000000000 282.0000000000 -10.0000000000
412509.0532956846 7431023.1135966973 0.0000000000 13.0000000000 283.0000000000 -10.0000000000
412607.5340709858 7431005.7487789309 0.0000000000 13.0000000000 284.0000000000 -10.0000000000
412706.0148462870 7430988.3839611644 0.0000000000 13.0000000000 285.0000000000 -10.0000000000
412804.4956215882 7430971.0191433989 0.0000000000 13.0000000000 286.0000000000 -10.0000000000
412902.9763968894 7430953.6543256324 0.0000000000 13.0000000000 287.0000000000 -10.0000000000
413001.4571721906 7430936.2895078659 0.0000000000 13.0000000000 288.0000000000 -10.0000000000
413099.9379474918 7430918.9246900994 0.0000000000 13.0000000000 289.0000000000 -10.0000000000
413198.4187227930 7430901.5598723330 0.0000000000 13.0000000000 290.0000000000 -10.0000000000
413296.8994980942 7430884.1950545665 0.0000000000 13.0000000000 291.0000000000 -10.0000000000
413395.3802733954 7430866.8302368000 0.0000000000 13.0000000000 292.0000000000 -10.0000000000
413493.8610486966 7430849.4654190335 0.0000000000 13.0000000000 293.0000000000 -10.0000000000
413592.3418239978 7430832.1006012671 0.0000000000 13.0000000000 294.0000000000 -10.0000000000
413690.8225992990 7430814.7357835006 0.0000000000 13.0000000000 295.0000000000 -10.0000000000
413789.3033746002 7430797.3709657341 0.0000000000 13.0000000000 296.0000000000 -10.0000000000
413887.7841499014 7430780.0061479677 0.0000000000 13.0000000000 297.0000000000 -10.0000000000
413476.4962309298 7430750.9846437313 0.0000000000 14.0000000000 298.0000000000 -190.0000000000
413378.0154556286 7430768.3494614977 0.0000000000 14.0000000000 299.0000000000 -190.0000000000
413279.5346803274 7430785.7142792642 0.0000000000 14.0000000000 300.0000000000 -190.0000000000
413181.0539050262 7430803.0790970307 0.0000000000 14.0000000000 301.0000000000 -190.0000000000
413082.5731297250 7430820.4439147972 0.0000000000 14.0000000000 302.0000000000 -190.0000000000
412984.0923544238 7430837.8087325636 0.0000000000 14.0000000000 303.0000000000 -190.0000000000
412885.6115791226 7430855.1735503292 0.0000000000 14.0000000000 304.0000000000 -190.0000000000
412787.1308038214 7430872.5383680956 0.0000000000 14.0000000000 305.0000000000 -190.0000000000
412688.6500285202 7430889.9031858621 0.0000000000 14.0000000000 306.0000000000 -190.0000000000
412590.1692532190 7430907.2680036286 0.0000000000 14.0000000000 307.0000000000 -190.0000000000
412491.6884779178 7430924.6328213951 0.0000000000 14.0000000000 308.0000000000 -190.0000000000
412393.2077026166 7430941.9976391615 0.0000000000 14.0000000000 309.0000000000 -190.0000000000
412294.7269273154 7430959.3624569280 0.0000000000 14.0000000000 310.0000000000 -190.0000000000
412196.2461520142 7430976.7272746945 0.0000000000 14.0000000000 311.0000000000 -190.0000000000
412097.7653767130 7430994.0920924610 0.0000000000 14.0000000000 312.0000000000 -190.0000000000
411999.2846014118 7431011.4569102274 0.0000000000 14.0000000000 313.0000000000 -190.0000000000
411900.8038261106 7431028.8217279939 0.0000000000 14.0000000000 314.0000000000 -190.0000000000
411784.9582330427 7430947.7057704590 0.0000000000 15.0000000000 315.0000000000 -100.0000000000
411883.4390083439 7430930.3409526926 0.0000000000 15.0000000000 316.0000000000 -10.0000000000
411981.9197836452 7430912.9761349261 0.0000000000 15.0000000000 317.0000000000 -10.0000000000
412080.4005589464 7430895.6113171596 0.0000000000 15.0000000000 318.0000000000 -10.0000000000
412178.8813342476 7430878.2464993931 0.0000000000 15.0000000000 319.0000000000 -10.0000000000
412277.3621095488 7430860.8816816276 0.0000000000 15.0000000000 320.0000000000 -10.0000000000
412375.8428848500 7430843.5168638611 0.0000000000 15.0000000000 321.0000000000 -10.0000000000
412474.3236601512 7430826.1520460946 0.0000000000 15.0000000000 322.0000000000 -10.0000000000
412572.8044354524 7430808.7872283282 0.0000000000 15.0000000000 323.0000000000 -10.0000000000
412671.2852107536 7430791.4224105617 0.0000000000 15.0000000000 324.0000000000 -10.0000000000
412769.7659860548 7430774.0575927952 0.0000000000 15.0000000000 325.0000000000 -10.0000000000
412868.2467613560 7430756.6927750288 0.0000000000 15.0000000000 326.0000000000 -10.0000000000
412966.7275366572 7430739.3279572623 0.0000000000 15.0000000000 327.0000000000 -10.0000000000
413065.2083119584 7430721.9631394958 0.0000000000 15.0000000000 328.0000000000 -10.0000000000
413163.6890872596 7430704.5983217293 0.0000000000 15.0000000000 329.0000000000 -10.0000000000
412850.8819435892 7430658.2119997265 0.0000000000 16.0000000000 330.0000000000 -190.0000000000
412752.4011682880 7430675.5768174930 0.0000000000 16.0000000000 331.0000000000 -190.0000000000
412653.9203929868 7430692.9416352594 0.0000000000 16.0000000000 332.0000000000 -190.0000000000
412555.4396176856 7430710.3064530259 0.0000000000 16.0000000000 333.0000000000 -190.0000000000
412456.9588423844 7430727.6712707924 0.0000000000 16.0000000000 334.0000000000 -190.0000000000
412358.4780670832 7430745.0360885588 0.0000000000 16.0000000000 335.0000000000 -190.0000000000
412259.9972917820 7430762.4009063244 0.0000000000 16.0000000000 336.0000000000 -190.0000000000
412161.5165164808 7430779.7657240909 0.0000000000 16.0000000000 337.0000000000 -190.0000000000
412063.0357411796 7430797.1305418573 0.0000000000 16.0000000000 338.0000000000 -190.0000000000
411964.5549658784 7430814.4953596238 0.0000000000 16.0000000000 339.0000000000 -190.0000000000
411866.0741905772 7430831.8601773903 0.0000000000 16.0000000000 340.0000000000 -190.0000000000
411767.5934152760 7430849.2249951568 0.0000000000 16.0000000000 341.0000000000 -190.0000000000
411651.7478222080 7430768.1090376228 0.0000000000 17.0000000000 342.0000000000 -10.0000000000
411750.2285975092 7430750.7442198563 0.0000000000 17.0000000000 343.0000000000 -10.0000000000
411848.7093728104 7430733.3794020899 0.0000000000 17.0000000000 344.0000000000 -10.0000000000
411947.1901481116 7430716.0145843234 0.0000000000 17.0000000000 345.0000000000 -10.0000000000
412045.6709234128 7430698.6497665569 0.0000000000 17.0000000000 346.0000000000 -10.0000000000
412144.1516987140 7430681.2849487904 0.0000000000 17.0000000000 347.0000000000 -10.0000000000
412242.6324740152 7430663.9201310240 0.0000000000 17.0000000000 348.0000000000 -10.0000000000
412341.1132493164 7430646.5553132575 0.0000000000 17.0000000000 349.0000000000 -10.0000000000
412439.5940246176 7430629.1904954910 0.0000000000 17.0000000000 350.0000000000 -10.0000000000
412126.7868809472 7430582.8041734882 0.0000000000 18.0000000000 351.0000000000 -190.0000000000
412028.3061056460 7430600.1689912546 0.0000000000 18.0000000000 352.0000000000 -190.0000000000
411929.8253303448 7430617.5338090211 0.0000000000 18.0000000000 353.0000000000 -190.0000000000
411831.3445550436 7430634.8986267876 0.0000000000 18.0000000000 354.0000000000 -190.0000000000
411732.8637797424 7430652.2634445541 0.0000000000 18.0000000000 355.0000000000 -190.0000000000
411634.3830044412 7430669.6282623196 0.0000000000 18.0000000000 356.0000000000 -190.0000000000
411535.9022291400 7430686.9930800861 0.0000000000 18.0000000000 357.0000000000 -190.0000000000
411420.0566360721 7430605.8771225521 0.0000000000 19.0000000000 358.0000000000 -100.0000000000
411518.5374113734 7430588.5123047857 0.0000000000 19.0000000000 359.0000000000 -10.0000000000
411617.0181866746 7430571.1474870192 0.0000000000 19.0000000000 360.0000000000 -10.0000000000
411715.4989619758 7430553.7826692527 0.0000000000 19.0000000000 361.0000000000 -10.0000000000
411813.9797372770 7430536.4178514862 0.0000000000 19.0000000000 362.0000000000 -10.0000000000
411501.1725936066 7430490.0315294852 0.0000000000 20.0000000000 363.0000000000 -190.0000000000
411402.6918183054 7430507.3963472508 0.0000000000 20.0000000000 364.0000000000 -190.0000000000
