217261.9261373767 3314035.5680402895 0.0000000000 1.0000000000 0.0000000000 -90.0000000000 3.0000000000
217261.9261373767 3313746.3263264480 0.0000000000 1.0000000000 1.0000000000 -90.0000000000 5.0000000000
217261.9261373767 3313446.3263264480 0.0000000000 1.0000000000 2.0000000000 -90.0000000000 5.0000000000
217261.9261373767 3313146.3263264480 0.0000000000 1.0000000000 3.0000000000 -90.0000000000 5.0000000000
217261.9261373767 3312902.4648587052 0.0000000000 1.0000000000 4.0000000000 -90.0000000000 3.0000000000
217361.9261373767 3312827.8093397501 0.0000000000 2.0000000000 5.0000000000 90.0000000000 3.0000000000
217361.9261373767 3312987.0678330995 0.0000000000 2.0000000000 6.0000000000 90.0000000000 3.0000000000
217361.9261373767 3313146.3263264480 0.0000000000 2.0000000000 7.0000000000 90.0000000000 5.0000000000
217361.9261373767 3313446.3263264480 0.0000000000 2.0000000000 8.0000000000 90.0000000000 5.0000000000
217361.9261373767 3313746.3263264480 0.0000000000 2.0000000000 9.0000000000 90.0000000000 5.0000000000
217361.9261373767 3313984.9997621370 0.0000000000 2.0000000000 10.0000000000 -270.0000000000 3.0000000000
217559.6294416244 3313002.1807316840 0.0000000000 1.0000000000 11.0000000000 180.0000000000 3.0000000000
217299.8367120573 3313002.1807316840 0.0000000000 1.0000000000 12.0000000000 180.0000000000 5.0000000000
217162.3067214582 3313002.1807316840 0.0000000000 1.0000000000 13.0000000000 180.0000000000 3.0000000000
217097.8296907055 3313302.1807316840 0.0000000000 2.0000000000 14.0000000000 360.0000000000 3.0000000000
217299.8367120573 3313302.1807316840 0.0000000000 2.0000000000 15.0000000000 0.0000000000 5.0000000000
217468.4544537296 3313302.1807316840 0.0000000000 2.0000000000 16.0000000000 360.0000000000 3.0000000000
217637.0721954018 3313302.1807316840 0.0000000000 2.0000000000 17.0000000000 360.0000000000 3.0000000000
