66.0713402000 29.9245849000 1210.1499023000 152.7032318000 0.0000000000 1.0000000000
66.0714166000 29.9219780000 1221.8323975000 152.7032318000 1.0000000000 1.0000000000
66.0714958000 29.9192742000 1224.3179932000 152.7032318000 2.0000000000 1.0000000000
66.0715750000 29.9165703000 1215.7891846000 152.7032318000 3.0000000000 1.0000000000
66.0716393000 29.9143724000 1222.6807861000 152.7032318000 4.0000000000 1.0000000000
66.0726936000 29.9137225000 1230.9766846000 152.7032318000 5.0000000000 2.0000000000
66.0726516000 29.9151579000 1225.1208496000 152.7032318000 6.0000000000 2.0000000000
66.0726096000 29.9165933000 1219.3524170000 152.7032318000 7.0000000000 2.0000000000
66.0725304000 29.9192972000 1229.0799561000 152.7032318000 8.0000000000 2.0000000000
66.0724512000 29.9220010000 1225.6560059000 152.7032318000 9.0000000000 2.0000000000
66.0723882000 29.9241522000 1215.6464844000 152.7032318000 10.0000000000 2.0000000000
66.0746931000 29.9153395000 30.0000000000 10.0000000000 11.0000000000 1.0000000000
66.0720053000 29.9152798000 30.0000000000 10.0000000000 12.0000000000 1.0000000000
66.0705824000 29.9152482000 30.0000000000 10.0000000000 13.0000000000 1.0000000000
66.0698361000 29.9179372000 30.0000000000 10.0000000000 14.0000000000 2.0000000000
66.0719261000 29.9179837000 30.0000000000 10.0000000000 15.0000000000 2.0000000000
66.0736706000 29.9180225000 30.0000000000 10.0000000000 16.0000000000 2.0000000000
66.0754152000 29.9180612000 30.0000000000 10.0000000000 17.0000000000 2.0000000000
