QGC WPL 110
2.0 1 0 22 0 0 0 0 29.921978 66.0714166 1221.8323975 1
3.0 0 0 16 0 0 0 0 29.9192742 66.0714958 1224.3179932 1
4.0 0 0 16 0 0 0 0 29.9165703 66.071575 1215.7891846 1
5.0 0 0 16 0 0 0 0 29.9143724 66.0716393 1222.6807861 1
6.0 0 0 16 0 0 0 0 29.9137225 66.0726936 1230.9766846 1
7.0 0 0 16 0 0 0 0 29.9151579 66.0726516 1225.1208496 1
8.0 0 0 16 0 0 0 0 29.9165933 66.0726096 1219.352417 1
9.0 0 0 16 0 0 0 0 29.9192972 66.0725304 1229.0799561 1
10.0 0 0 16 0 0 0 0 29.922001 66.0724512 1225.6560059 1
11.0 0 0 16 0 0 0 0 29.9241522 66.0723882 1215.6464844 1
12.0 0 0 16 0 0 0 0 29.9153395 66.0746931 30.0 1
13.0 0 0 16 0 0 0 0 29.9152798 66.0720053 30.0 1
14.0 0 0 16 0 0 0 0 29.9152482 66.0705824 30.0 1
15.0 0 0 16 0 0 0 0 29.9179372 66.0698361 30.0 1
16.0 0 0 16 0 0 0 0 29.9179837 66.0719261 30.0 1
17.0 0 0 16 0 0 0 0 29.9180225 66.0736706 30.0 1
18.0 0 0 16 0 0 0 0 29.9180612 66.0754152 30.0 1
18.0 0 0 20 0 0 0 0 29.9180612 66.0754152 30.0 1
