323231.6530096766 -1428246.2773110203 0.0000000000 1.0000000000 0.0000000000 20.0000000000 1.0000000000
323364.5139400924 -1428197.9198870522 0.0000000000 1.0000000000 1.0000000000 20.0000000000 1.0000000000
323497.3748705082 -1428149.5624630838 0.0000000000 1.0000000000 2.0000000000 20.0000000000 1.0000000000
323685.3133946654 -1428081.1584344187 0.0000000000 1.0000000000 3.0000000000 20.0000000000 1.0000000000
323873.2519188226 -1428012.7544057537 0.0000000000 1.0000000000 4.0000000000 20.0000000000 1.0000000000
324061.1904429798 -1427944.3503770886 0.0000000000 1.0000000000 5.0000000000 20.0000000000 1.0000000000
324249.1289671370 -1427875.9463484238 0.0000000000 1.0000000000 6.0000000000 20.0000000000 1.0000000000
324404.5208785507 -1427819.3883180236 0.0000000000 1.0000000000 7.0000000000 20.0000000000 1.0000000000
324304.0648914438 -1428340.2061271775 0.0000000000 1.0000000000 8.0000000000 110.0000000000 1.0000000000
324246.3771317060 -1428181.7103099190 0.0000000000 1.0000000000 9.0000000000 110.0000000000 1.0000000000
324177.9731030408 -1427993.7717857619 0.0000000000 1.0000000000 10.0000000000 110.0000000000 1.0000000000
324109.5690743756 -1427805.8332616047 0.0000000000 1.0000000000 11.0000000000 110.0000000000 1.0000000000
324052.0202690000 -1427647.7192183188 0.0000000000 1.0000000000 12.0000000000 110.0000000000 1.0000000000
