QGC WPL 110
2.0 1 0 22 0 0 0 0 -12.9141049 31.3718996 70.0 1
3.0 0 0 16 0 0 0 0 -12.9136754 31.3731267 70.0 1
4.0 0 0 16 0 0 0 0 -12.9130679 31.3748625 70.0 1
5.0 0 0 16 0 0 0 0 -12.9124603 31.3765983 70.0 1
6.0 0 0 16 0 0 0 0 -12.9118528 31.378334 70.0 1
7.0 0 0 16 0 0 0 0 -12.9112452 31.3800698 70.0 1
8.0 0 0 16 0 0 0 0 -12.9107428 31.381505 70.0 1
9.0 0 0 16 0 0 0 0 -12.9154448 31.380549 70.0 1
10.0 0 0 16 0 0 0 0 -12.9140089 31.3800266 70.0 1
11.0 0 0 16 0 0 0 0 -12.9123062 31.3794073 70.0 1
12.0 0 0 16 0 0 0 0 -12.9106034 31.3787879 70.0 1
13.0 0 0 16 0 0 0 0 -12.9091709 31.3782668 70.0 1
13.0 0 0 20 0 0 0 0 -12.9091709 31.3782668 70.0 1
