31.3706725000 -12.9145344000 70.0000000000 10.0000000000 0.0000000000 1.0000000000
31.3718996000 -12.9141049000 70.0000000000 10.0000000000 1.0000000000 1.0000000000
31.3731267000 -12.9136754000 70.0000000000 10.0000000000 2.0000000000 1.0000000000
31.3748625000 -12.9130679000 70.0000000000 10.0000000000 3.0000000000 1.0000000000
31.3765983000 -12.9124603000 70.0000000000 10.0000000000 4.0000000000 1.0000000000
31.3783340000 -12.9118528000 70.0000000000 10.0000000000 5.0000000000 1.0000000000
31.3800698000 -12.9112452000 70.0000000000 10.0000000000 6.0000000000 1.0000000000
31.3815050000 -12.9107428000 70.0000000000 10.0000000000 7.0000000000 1.0000000000
31.3805490000 -12.9154448000 70.0000000000 10.0000000000 8.0000000000 1.0000000000
31.3800266000 -12.9140089000 70.0000000000 10.0000000000 9.0000000000 1.0000000000
31.3794073000 -12.9123062000 70.0000000000 10.0000000000 10.0000000000 1.0000000000
31.3787879000 -12.9106034000 70.0000000000 10.0000000000 11.0000000000 1.0000000000
31.3782668000 -12.9091709000 70.0000000000 10.0000000000 12.0000000000 1.0000000000
