341984.4170059863 4578582.3423729725 0.0000000000 1.0000000000 0.0000000000 280.0000000000
342001.7818237530 4578483.8615976712 0.0000000000 1.0000000000 1.0000000000 280.0000000000
342019.1466415197 4578385.3808223698 0.0000000000 1.0000000000 2.0000000000 280.0000000000
342036.5114592864 4578286.9000470685 0.0000000000 1.0000000000 3.0000000000 280.0000000000
342053.8762770531 4578188.4192717671 0.0000000000 1.0000000000 4.0000000000 280.0000000000
342071.2410948198 4578089.9384964658 0.0000000000 1.0000000000 5.0000000000 280.0000000000
342088.6059125865 4577991.4577211645 0.0000000000 1.0000000000 6.0000000000 280.0000000000
342105.9707303532 4577892.9769458631 0.0000000000 1.0000000000 7.0000000000 280.0000000000
342123.3355481199 4577794.4961705618 0.0000000000 1.0000000000 8.0000000000 280.0000000000
342140.7003658866 4577696.0153952604 0.0000000000 1.0000000000 9.0000000000 280.0000000000
342158.0651836533 4577597.5346199591 0.0000000000 1.0000000000 10.0000000000 280.0000000000
342175.4300014200 4577499.0538446577 0.0000000000 1.0000000000 11.0000000000 280.0000000000
342192.7948191868 4577400.5730693564 0.0000000000 1.0000000000 12.0000000000 280.0000000000
342210.1596369535 4577302.0922940550 0.0000000000 1.0000000000 13.0000000000 280.0000000000
342227.5244547202 4577203.6115187537 0.0000000000 1.0000000000 14.0000000000 280.0000000000
342146.4084971857 4577087.7659256859 0.0000000000 2.0000000000 15.0000000000 190.0000000000
342129.0436794190 4577186.2467009872 0.0000000000 2.0000000000 16.0000000000 100.0000000000
342111.6788616522 4577284.7274762886 0.0000000000 2.0000000000 17.0000000000 100.0000000000
342094.3140438855 4577383.2082515899 0.0000000000 2.0000000000 18.0000000000 100.0000000000
342076.9492261188 4577481.6890268913 0.0000000000 2.0000000000 19.0000000000 100.0000000000
342059.5844083521 4577580.1698021926 0.0000000000 2.0000000000 20.0000000000 100.0000000000
342042.2195905854 4577678.6505774939 0.0000000000 2.0000000000 21.0000000000 100.0000000000
342024.8547728187 4577777.1313527953 0.0000000000 2.0000000000 22.0000000000 100.0000000000
342007.4899550520 4577875.6121280966 0.0000000000 2.0000000000 23.0000000000 100.0000000000
341990.1251372852 4577974.0929033980 0.0000000000 2.0000000000 24.0000000000 100.0000000000
341972.7603195185 4578072.5736786993 0.0000000000 2.0000000000 25.0000000000 100.0000000000
341955.3955017518 4578171.0544540007 0.0000000000 2.0000000000 26.0000000000 100.0000000000
341938.0306839851 4578269.5352293020 0.0000000000 2.0000000000 27.0000000000 100.0000000000
341920.6658662184 4578368.0160046034 0.0000000000 2.0000000000 28.0000000000 100.0000000000
341903.3010484517 4578466.4967799047 0.0000000000 2.0000000000 29.0000000000 100.0000000000
341885.9362306850 4578564.9775552060 0.0000000000 2.0000000000 30.0000000000 100.0000000000
341787.4554553837 4578547.6127374396 0.0000000000 3.0000000000 31.0000000000 280.0000000000
341804.8202731504 4578449.1319621382 0.0000000000 3.0000000000 32.0000000000 280.0000000000
341822.1850909171 4578350.6511868369 0.0000000000 3.0000000000 33.0000000000 280.0000000000
341839.5499086838 4578252.1704115355 0.0000000000 3.0000000000 34.0000000000 280.0000000000
341856.9147264505 4578153.6896362342 0.0000000000 3.0000000000 35.0000000000 280.0000000000
341874.2795442172 4578055.2088609328 0.0000000000 3.0000000000 36.0000000000 280.0000000000
341891.6443619840 4577956.7280856315 0.0000000000 3.0000000000 37.0000000000 280.0000000000
341909.0091797507 4577858.2473103302 0.0000000000 3.0000000000 38.0000000000 280.0000000000
341926.3739975174 4577759.7665350288 0.0000000000 3.0000000000 39.0000000000 280.0000000000
341943.7388152841 4577661.2857597275 0.0000000000 3.0000000000 40.0000000000 280.0000000000
341961.1036330508 4577562.8049844261 0.0000000000 3.0000000000 41.0000000000 280.0000000000
341978.4684508175 4577464.3242091248 0.0000000000 3.0000000000 42.0000000000 280.0000000000
341995.8332685842 4577365.8434338234 0.0000000000 3.0000000000 43.0000000000 280.0000000000
342013.1980863509 4577267.3626585221 0.0000000000 3.0000000000 44.0000000000 280.0000000000
342030.5629041176 4577168.8818832207 0.0000000000 3.0000000000 45.0000000000 280.0000000000
342047.9277218844 4577070.4011079194 0.0000000000 3.0000000000 46.0000000000 280.0000000000
342065.2925396511 4576971.9203326181 0.0000000000 3.0000000000 47.0000000000 280.0000000000
342082.6573574178 4576873.4395573167 0.0000000000 3.0000000000 48.0000000000 280.0000000000
342100.0221751845 4576774.9587820154 0.0000000000 3.0000000000 49.0000000000 280.0000000000
342117.3869929512 4576676.4780067140 0.0000000000 3.0000000000 50.0000000000 280.0000000000
342134.7518107179 4576577.9972314127 0.0000000000 3.0000000000 51.0000000000 280.0000000000
342036.2710354168 4576560.6324136462 0.0000000000 4.0000000000 52.0000000000 100.0000000000
342018.9062176501 4576659.1131889476 0.0000000000 4.0000000000 53.0000000000 100.0000000000
342001.5413998834 4576757.5939642489 0.0000000000 4.0000000000 54.0000000000 100.0000000000
341984.1765821167 4576856.0747395502 0.0000000000 4.0000000000 55.0000000000 100.0000000000
341966.8117643500 4576954.5555148516 0.0000000000 4.0000000000 56.0000000000 100.0000000000
341949.4469465833 4577053.0362901529 0.0000000000 4.0000000000 57.0000000000 100.0000000000
341932.0821288166 4577151.5170654543 0.0000000000 4.0000000000 58.0000000000 100.0000000000
341914.7173110498 4577249.9978407556 0.0000000000 4.0000000000 59.0000000000 100.0000000000
341897.3524932831 4577348.4786160570 0.0000000000 4.0000000000 60.0000000000 100.0000000000
341879.9876755164 4577446.9593913583 0.0000000000 4.0000000000 61.0000000000 100.0000000000
341862.6228577497 4577545.4401666597 0.0000000000 4.0000000000 62.0000000000 100.0000000000
341845.2580399830 4577643.9209419610 0.0000000000 4.0000000000 63.0000000000 100.0000000000
341827.8932222163 4577742.4017172623 0.0000000000 4.0000000000 64.0000000000 100.0000000000
341810.5284044496 4577840.8824925637 0.0000000000 4.0000000000 65.0000000000 100.0000000000
341793.1635866828 4577939.3632678650 0.0000000000 4.0000000000 66.0000000000 100.0000000000
341775.7987689161 4578037.8440431664 0.0000000000 4.0000000000 67.0000000000 100.0000000000
341758.4339511494 4578136.3248184677 0.0000000000 4.0000000000 68.0000000000 100.0000000000
341741.0691333827 4578234.8055937691 0.0000000000 4.0000000000 69.0000000000 100.0000000000
341723.7043156160 4578333.2863690704 0.0000000000 4.0000000000 70.0000000000 100.0000000000
341706.3394978493 4578431.7671443718 0.0000000000 4.0000000000 71.0000000000 100.0000000000
341625.2235403147 4578315.9215513039 0.0000000000 5.0000000000 72.0000000000 280.0000000000
341642.5883580814 4578217.4407760026 0.0000000000 5.0000000000 73.0000000000 280.0000000000
341659.9531758481 4578118.9600007012 0.0000000000 5.0000000000 74.0000000000 280.0000000000
341677.3179936148 4578020.4792253999 0.0000000000 5.0000000000 75.0000000000 280.0000000000
341694.6828113816 4577921.9984500986 0.0000000000 5.0000000000 76.0000000000 280.0000000000
341712.0476291483 4577823.5176747972 0.0000000000 5.0000000000 77.0000000000 280.0000000000
341729.4124469150 4577725.0368994959 0.0000000000 5.0000000000 78.0000000000 280.0000000000
341746.7772646817 4577626.5561241945 0.0000000000 5.0000000000 79.0000000000 280.0000000000
341764.1420824484 4577528.0753488932 0.0000000000 5.0000000000 80.0000000000 280.0000000000
341781.5069002151 4577429.5945735918 0.0000000000 5.0000000000 81.0000000000 280.0000000000
341798.8717179818 4577331.1137982905 0.0000000000 5.0000000000 82.0000000000 280.0000000000
341816.2365357486 4577232.6330229891 0.0000000000 5.0000000000 83.0000000000 280.0000000000
341833.6013535153 4577134.1522476878 0.0000000000 5.0000000000 84.0000000000 280.0000000000
341850.9661712820 4577035.6714723865 0.0000000000 5.0000000000 85.0000000000 280.0000000000
341868.3309890487 4576937.1906970851 0.0000000000 5.0000000000 86.0000000000 280.0000000000
341885.6958068154 4576838.7099217838 0.0000000000 5.0000000000 87.0000000000 280.0000000000
341903.0606245821 4576740.2291464824 0.0000000000 5.0000000000 88.0000000000 280.0000000000
341920.4254423488 4576641.7483711811 0.0000000000 5.0000000000 89.0000000000 280.0000000000
341937.7902601155 4576543.2675958797 0.0000000000 5.0000000000 90.0000000000 280.0000000000
341821.9446670476 4576624.3835534146 0.0000000000 6.0000000000 91.0000000000 100.0000000000
341804.5798492809 4576722.8643287160 0.0000000000 6.0000000000 92.0000000000 100.0000000000
341787.2150315142 4576821.3451040173 0.0000000000 6.0000000000 93.0000000000 100.0000000000
341769.8502137474 4576919.8258793186 0.0000000000 6.0000000000 94.0000000000 100.0000000000
341752.4853959807 4577018.3066546200 0.0000000000 6.0000000000 95.0000000000 100.0000000000
341735.1205782140 4577116.7874299213 0.0000000000 6.0000000000 96.0000000000 100.0000000000
341717.7557604473 4577215.2682052227 0.0000000000 6.0000000000 97.0000000000 100.0000000000
341700.3909426806 4577313.7489805240 0.0000000000 6.0000000000 98.0000000000 100.0000000000
341683.0261249139 4577412.2297558254 0.0000000000 6.0000000000 99.0000000000 100.0000000000
341665.6613071472 4577510.7105311267 0.0000000000 6.0000000000 100.0000000000 100.0000000000
341648.2964893804 4577609.1913064281 0.0000000000 6.0000000000 101.0000000000 100.0000000000
341630.9316716137 4577707.6720817294 0.0000000000 6.0000000000 102.0000000000 100.0000000000
341613.5668538470 4577806.1528570307 0.0000000000 6.0000000000 103.0000000000 100.0000000000
341596.2020360803 4577904.6336323321 0.0000000000 6.0000000000 104.0000000000 100.0000000000
341578.8372183136 4578003.1144076334 0.0000000000 6.0000000000 105.0000000000 100.0000000000
341561.4724005469 4578101.5951829348 0.0000000000 6.0000000000 106.0000000000 100.0000000000
341544.1075827802 4578200.0759582361 0.0000000000 6.0000000000 107.0000000000 100.0000000000
341526.7427650135 4578298.5567335375 0.0000000000 6.0000000000 108.0000000000 100.0000000000
341445.6268074790 4578182.7111404696 0.0000000000 7.0000000000 109.0000000000 280.0000000000
341462.9916252457 4578084.2303651683 0.0000000000 7.0000000000 110.0000000000 280.0000000000
341480.3564430124 4577985.7495898670 0.0000000000 7.0000000000 111.0000000000 280.0000000000
341497.7212607792 4577887.2688145656 0.0000000000 7.0000000000 112.0000000000 280.0000000000
341515.0860785459 4577788.7880392643 0.0000000000 7.0000000000 113.0000000000 280.0000000000
341532.4508963126 4577690.3072639629 0.0000000000 7.0000000000 114.0000000000 280.0000000000
341549.8157140793 4577591.8264886616 0.0000000000 7.0000000000 115.0000000000 280.0000000000
341567.1805318460 4577493.3457133602 0.0000000000 7.0000000000 116.0000000000 280.0000000000
341584.5453496127 4577394.8649380589 0.0000000000 7.0000000000 117.0000000000 280.0000000000
341601.9101673794 4577296.3841627575 0.0000000000 7.0000000000 118.0000000000 280.0000000000
341619.2749851462 4577197.9033874562 0.0000000000 7.0000000000 119.0000000000 280.0000000000
341636.6398029129 4577099.4226121549 0.0000000000 7.0000000000 120.0000000000 280.0000000000
341654.0046206796 4577000.9418368535 0.0000000000 7.0000000000 121.0000000000 280.0000000000
341671.3694384463 4576902.4610615522 0.0000000000 7.0000000000 122.0000000000 280.0000000000
341688.7342562130 4576803.9802862508 0.0000000000 7.0000000000 123.0000000000 280.0000000000
341706.0990739797 4576705.4995109495 0.0000000000 7.0000000000 124.0000000000 280.0000000000
341723.4638917464 4576607.0187356481 0.0000000000 7.0000000000 125.0000000000 280.0000000000
341607.6182986785 4576688.1346931830 0.0000000000 8.0000000000 126.0000000000 100.0000000000
341590.2534809118 4576786.6154684843 0.0000000000 8.0000000000 127.0000000000 100.0000000000
341572.8886631450 4576885.0962437857 0.0000000000 8.0000000000 128.0000000000 100.0000000000
341555.5238453783 4576983.5770190870 0.0000000000 8.0000000000 129.0000000000 100.0000000000
341538.1590276116 4577082.0577943884 0.0000000000 8.0000000000 130.0000000000 100.0000000000
341520.7942098449 4577180.5385696897 0.0000000000 8.0000000000 131.0000000000 100.0000000000
341503.4293920782 4577279.0193449911 0.0000000000 8.0000000000 132.0000000000 100.0000000000
341486.0645743115 4577377.5001202924 0.0000000000 8.0000000000 133.0000000000 100.0000000000
341468.6997565448 4577475.9808955938 0.0000000000 8.0000000000 134.0000000000 100.0000000000
341451.3349387781 4577574.4616708951 0.0000000000 8.0000000000 135.0000000000 100.0000000000
341433.9701210114 4577672.9424461965 0.0000000000 8.0000000000 136.0000000000 100.0000000000
341416.6053032447 4577771.4232214978 0.0000000000 8.0000000000 137.0000000000 100.0000000000
341399.2404854780 4577869.9039967991 0.0000000000 8.0000000000 138.0000000000 100.0000000000
341381.8756677113 4577968.3847721005 0.0000000000 8.0000000000 139.0000000000 100.0000000000
341364.5108499446 4578066.8655474018 0.0000000000 8.0000000000 140.0000000000 100.0000000000
341283.3948924102 4577951.0199543340 0.0000000000 9.0000000000 141.0000000000 280.0000000000
341300.7597101769 4577852.5391790327 0.0000000000 9.0000000000 142.0000000000 280.0000000000
341318.1245279436 4577754.0584037313 0.0000000000 9.0000000000 143.0000000000 280.0000000000
341335.4893457103 4577655.5776284300 0.0000000000 9.0000000000 144.0000000000 280.0000000000
341352.8541634770 4577557.0968531286 0.0000000000 9.0000000000 145.0000000000 280.0000000000
341370.2189812438 4577458.6160778273 0.0000000000 9.0000000000 146.0000000000 280.0000000000
341387.5837990105 4577360.1353025259 0.0000000000 9.0000000000 147.0000000000 280.0000000000
341404.9486167772 4577261.6545272246 0.0000000000 9.0000000000 148.0000000000 280.0000000000
341422.3134345439 4577163.1737519233 0.0000000000 9.0000000000 149.0000000000 280.0000000000
341439.6782523106 4577064.6929766219 0.0000000000 9.0000000000 150.0000000000 280.0000000000
341457.0430700773 4576966.2122013206 0.0000000000 9.0000000000 151.0000000000 280.0000000000
341474.4078878440 4576867.7314260192 0.0000000000 9.0000000000 152.0000000000 280.0000000000
341491.7727056108 4576769.2506507179 0.0000000000 9.0000000000 153.0000000000 280.0000000000
341509.1375233775 4576670.7698754165 0.0000000000 9.0000000000 154.0000000000 280.0000000000
341410.6567480762 4576653.4050576501 0.0000000000 10.0000000000 155.0000000000 100.0000000000
341393.2919303095 4576751.8858329514 0.0000000000 10.0000000000 156.0000000000 100.0000000000
341375.9271125428 4576850.3666082527 0.0000000000 10.0000000000 157.0000000000 100.0000000000
341358.5622947761 4576948.8473835541 0.0000000000 10.0000000000 158.0000000000 100.0000000000
341341.1974770094 4577047.3281588554 0.0000000000 10.0000000000 159.0000000000 100.0000000000
341323.8326592426 4577145.8089341568 0.0000000000 10.0000000000 160.0000000000 100.0000000000
341306.4678414759 4577244.2897094581 0.0000000000 10.0000000000 161.0000000000 100.0000000000
341289.1030237092 4577342.7704847595 0.0000000000 10.0000000000 162.0000000000 100.0000000000
341271.7382059425 4577441.2512600608 0.0000000000 10.0000000000 163.0000000000 100.0000000000
341254.3733881758 4577539.7320353622 0.0000000000 10.0000000000 164.0000000000 100.0000000000
341237.0085704091 4577638.2128106635 0.0000000000 10.0000000000 165.0000000000 100.0000000000
341219.6437526424 4577736.6935859649 0.0000000000 10.0000000000 166.0000000000 100.0000000000
341202.2789348757 4577835.1743612662 0.0000000000 10.0000000000 167.0000000000 100.0000000000
341184.9141171090 4577933.6551365675 0.0000000000 10.0000000000 168.0000000000 100.0000000000
341103.7981595744 4577817.8095434997 0.0000000000 11.0000000000 169.0000000000 280.0000000000
341121.1629773411 4577719.3287681984 0.0000000000 11.0000000000 170.0000000000 280.0000000000
341138.5277951078 4577620.8479928970 0.0000000000 11.0000000000 171.0000000000 280.0000000000
341155.8926128745 4577522.3672175957 0.0000000000 11.0000000000 172.0000000000 280.0000000000
341173.2574306412 4577423.8864422943 0.0000000000 11.0000000000 173.0000000000 280.0000000000
341190.6222484079 4577325.4056669930 0.0000000000 11.0000000000 174.0000000000 280.0000000000
341207.9870661746 4577226.9248916917 0.0000000000 11.0000000000 175.0000000000 280.0000000000
341225.3518839414 4577128.4441163903 0.0000000000 11.0000000000 176.0000000000 280.0000000000
341242.7167017081 4577029.9633410890 0.0000000000 11.0000000000 177.0000000000 280.0000000000
341260.0815194748 4576931.4825657876 0.0000000000 11.0000000000 178.0000000000 280.0000000000
341277.4463372415 4576833.0017904863 0.0000000000 11.0000000000 179.0000000000 280.0000000000
341294.8111550082 4576734.5210151849 0.0000000000 11.0000000000 180.0000000000 280.0000000000
341196.3303797070 4576717.1561974185 0.0000000000 12.0000000000 181.0000000000 100.0000000000
341178.9655619403 4576815.6369727198 0.0000000000 12.0000000000 182.0000000000 100.0000000000
341161.6007441736 4576914.1177480211 0.0000000000 12.0000000000 183.0000000000 100.0000000000
341144.2359264068 4577012.5985233225 0.0000000000 12.0000000000 184.0000000000 100.0000000000
341126.8711086401 4577111.0792986238 0.0000000000 12.0000000000 185.0000000000 100.0000000000
341109.5062908734 4577209.5600739252 0.0000000000 12.0000000000 186.0000000000 100.0000000000
341092.1414731067 4577308.0408492265 0.0000000000 12.0000000000 187.0000000000 100.0000000000
341074.7766553400 4577406.5216245279 0.0000000000 12.0000000000 188.0000000000 100.0000000000
341057.4118375733 4577505.0023998292 0.0000000000 12.0000000000 189.0000000000 100.0000000000
341040.0470198066 4577603.4831751306 0.0000000000 12.0000000000 190.0000000000 100.0000000000
341022.6822020398 4577701.9639504319 0.0000000000 12.0000000000 191.0000000000 100.0000000000
340924.2014267386 4577684.5991326654 0.0000000000 13.0000000000 192.0000000000 280.0000000000
340941.5662445053 4577586.1183573641 0.0000000000 13.0000000000 193.0000000000 280.0000000000
340958.9310622720 4577487.6375820627 0.0000000000 13.0000000000 194.0000000000 280.0000000000
340976.2958800387 4577389.1568067614 0.0000000000 13.0000000000 195.0000000000 280.0000000000
340993.6606978054 4577290.6760314601 0.0000000000 13.0000000000 196.0000000000 280.0000000000
341011.0255155721 4577192.1952561587 0.0000000000 13.0000000000 197.0000000000 280.0000000000
341028.3903333388 4577093.7144808574 0.0000000000 13.0000000000 198.0000000000 280.0000000000
341045.7551511055 4576995.2337055560 0.0000000000 13.0000000000 199.0000000000 280.0000000000
341063.1199688722 4576896.7529302547 0.0000000000 13.0000000000 200.0000000000 280.0000000000
341080.4847866390 4576798.2721549533 0.0000000000 13.0000000000 201.0000000000 280.0000000000
340982.0040113377 4576780.9073371869 0.0000000000 14.0000000000 202.0000000000 100.0000000000
340964.6391935710 4576879.3881124882 0.0000000000 14.0000000000 203.0000000000 100.0000000000
340947.2743758043 4576977.8688877895 0.0000000000 14.0000000000 204.0000000000 100.0000000000
340929.9095580376 4577076.3496630909 0.0000000000 14.0000000000 205.0000000000 100.0000000000
340912.5447402709 4577174.8304383922 0.0000000000 14.0000000000 206.0000000000 100.0000000000
340895.1799225042 4577273.3112136936 0.0000000000 14.0000000000 207.0000000000 100.0000000000
340877.8151047374 4577371.7919889949 0.0000000000 14.0000000000 208.0000000000 100.0000000000
340860.4502869707 4577470.2727642963 0.0000000000 14.0000000000 209.0000000000 100.0000000000
340843.0854692040 4577568.7535395976 0.0000000000 14.0000000000 210.0000000000 100.0000000000
340761.9695116694 4577452.9079465298 0.0000000000 15.0000000000 211.0000000000 280.0000000000
340779.3343294362 4577354.4271712285 0.0000000000 15.0000000000 212.0000000000 280.0000000000
340796.6991472029 4577255.9463959271 0.0000000000 15.0000000000 213.0000000000 280.0000000000
340814.0639649696 4577157.4656206258 0.0000000000 15.0000000000 214.0000000000 280.0000000000
340831.4287827363 4577058.9848453244 0.0000000000 15.0000000000 215.0000000000 280.0000000000
340848.7936005030 4576960.5040700231 0.0000000000 15.0000000000 216.0000000000 280.0000000000
340866.1584182697 4576862.0232947217 0.0000000000 15.0000000000 217.0000000000 280.0000000000
340883.5232360364 4576763.5425194204 0.0000000000 15.0000000000 218.0000000000 280.0000000000
340767.6776429685 4576844.6584769553 0.0000000000 16.0000000000 219.0000000000 100.0000000000
340750.3128252018 4576943.1392522566 0.0000000000 16.0000000000 220.0000000000 100.0000000000
340732.9480074350 4577041.6200275579 0.0000000000 16.0000000000 221.0000000000 100.0000000000
340715.5831896683 4577140.1008028593 0.0000000000 16.0000000000 222.0000000000 100.0000000000
340698.2183719016 4577238.5815781606 0.0000000000 16.0000000000 223.0000000000 100.0000000000
340680.8535541349 4577337.0623534620 0.0000000000 16.0000000000 224.0000000000 100.0000000000
