31.3888488 -12.9693435 0.0000000 0.0000000 0.0000000 1.0000000
31.3897665 -12.9694280 0.0000000 0.0000000 1.0000000 1.0000000
31.3906841 -12.9695125 0.0000000 0.0000000 2.0000000 1.0000000
31.3916018 -12.9695969 0.0000000 0.0000000 3.0000000 1.0000000
31.3925195 -12.9696814 0.0000000 0.0000000 4.0000000 1.0000000
31.3934371 -12.9697658 0.0000000 0.0000000 5.0000000 1.0000000
31.3943548 -12.9698503 0.0000000 0.0000000 6.0000000 1.0000000
31.3952725 -12.9699347 0.0000000 0.0000000 7.0000000 1.0000000
31.3961901 -12.9700192 0.0000000 0.0000000 8.0000000 1.0000000
31.3971078 -12.9701036 0.0000000 0.0000000 9.0000000 1.0000000
31.3980255 -12.9701880 0.0000000 0.0000000 10.0000000 1.0000000
31.3989216 -12.9702705 0.0000000 0.0000000 11.0000000 1.0000000
31.3989436 -12.9698186 0.0000000 0.0000000 12.0000000 2.0000000
31.3980685 -12.9697380 0.0000000 0.0000000 13.0000000 2.0000000
31.3971509 -12.9696536 0.0000000 0.0000000 14.0000000 2.0000000
31.3962332 -12.9695692 0.0000000 0.0000000 15.0000000 2.0000000
31.3953155 -12.9694847 0.0000000 0.0000000 16.0000000 2.0000000
31.3943978 -12.9694003 0.0000000 0.0000000 17.0000000 2.0000000
31.3934802 -12.9693158 0.0000000 0.0000000 18.0000000 2.0000000
31.3925625 -12.9692314 0.0000000 0.0000000 19.0000000 2.0000000
31.3916448 -12.9691469 0.0000000 0.0000000 20.0000000 2.0000000
31.3907272 -12.9690625 0.0000000 0.0000000 21.0000000 2.0000000
31.3898095 -12.9689780 0.0000000 0.0000000 22.0000000 2.0000000
31.3888919 -12.9688935 0.0000000 0.0000000 23.0000000 2.0000000
31.3882828 -12.9688375 0.0000000 0.0000000 24.0000000 2.0000000
31.3876738 -12.9687814 0.0000000 0.0000000 25.0000000 2.0000000
31.3876809 -12.9683281 0.0000000 0.0000000 26.0000000 3.0000000
31.3883079 -12.9683858 0.0000000 0.0000000 27.0000000 3.0000000
31.3889349 -12.9684436 0.0000000 0.0000000 28.0000000 3.0000000
31.3898526 -12.9685280 0.0000000 0.0000000 29.0000000 3.0000000
31.3907702 -12.9686125 0.0000000 0.0000000 30.0000000 3.0000000
31.3916879 -12.9686969 0.0000000 0.0000000 31.0000000 3.0000000
31.3926056 -12.9687814 0.0000000 0.0000000 32.0000000 3.0000000
31.3935232 -12.9688658 0.0000000 0.0000000 33.0000000 3.0000000
31.3944409 -12.9689503 0.0000000 0.0000000 34.0000000 3.0000000
31.3953586 -12.9690347 0.0000000 0.0000000 35.0000000 3.0000000
31.3962762 -12.9691192 0.0000000 0.0000000 36.0000000 3.0000000
31.3971939 -12.9692036 0.0000000 0.0000000 37.0000000 3.0000000
31.3981116 -12.9692880 0.0000000 0.0000000 38.0000000 3.0000000
31.3989657 -12.9693666 0.0000000 0.0000000 39.0000000 3.0000000
31.3989877 -12.9689147 0.0000000 0.0000000 40.0000000 4.0000000
31.3981546 -12.9688381 0.0000000 0.0000000 41.0000000 4.0000000
31.3972369 -12.9687536 0.0000000 0.0000000 42.0000000 4.0000000
31.3963193 -12.9686692 0.0000000 0.0000000 43.0000000 4.0000000
31.3954016 -12.9685847 0.0000000 0.0000000 44.0000000 4.0000000
31.3944839 -12.9685003 0.0000000 0.0000000 45.0000000 4.0000000
31.3935663 -12.9684159 0.0000000 0.0000000 46.0000000 4.0000000
31.3926486 -12.9683314 0.0000000 0.0000000 47.0000000 4.0000000
31.3917310 -12.9682469 0.0000000 0.0000000 48.0000000 4.0000000
31.3908133 -12.9681625 0.0000000 0.0000000 49.0000000 4.0000000
31.3898956 -12.9680780 0.0000000 0.0000000 50.0000000 4.0000000
31.3889780 -12.9679936 0.0000000 0.0000000 51.0000000 4.0000000
31.3883330 -12.9679342 0.0000000 0.0000000 52.0000000 4.0000000
31.3876881 -12.9678748 0.0000000 0.0000000 53.0000000 4.0000000
31.3876953 -12.9674215 0.0000000 0.0000000 54.0000000 5.0000000
31.3883582 -12.9674826 0.0000000 0.0000000 55.0000000 5.0000000
31.3890210 -12.9675436 0.0000000 0.0000000 56.0000000 5.0000000
31.3899387 -12.9676280 0.0000000 0.0000000 57.0000000 5.0000000
31.3908564 -12.9677125 0.0000000 0.0000000 58.0000000 5.0000000
31.3917740 -12.9677970 0.0000000 0.0000000 59.0000000 5.0000000
31.3926917 -12.9678814 0.0000000 0.0000000 60.0000000 5.0000000
31.3936093 -12.9679659 0.0000000 0.0000000 61.0000000 5.0000000
31.3945270 -12.9680503 0.0000000 0.0000000 62.0000000 5.0000000
31.3954447 -12.9681348 0.0000000 0.0000000 63.0000000 5.0000000
31.3963623 -12.9682192 0.0000000 0.0000000 64.0000000 5.0000000
31.3972800 -12.9683036 0.0000000 0.0000000 65.0000000 5.0000000
31.3981977 -12.9683881 0.0000000 0.0000000 66.0000000 5.0000000
31.3990097 -12.9684628 0.0000000 0.0000000 67.0000000 5.0000000
31.3990318 -12.9680109 0.0000000 0.0000000 68.0000000 6.0000000
31.3982407 -12.9679381 0.0000000 0.0000000 69.0000000 6.0000000
31.3973230 -12.9678536 0.0000000 0.0000000 70.0000000 6.0000000
31.3964054 -12.9677692 0.0000000 0.0000000 71.0000000 6.0000000
31.3954877 -12.9676848 0.0000000 0.0000000 72.0000000 6.0000000
31.3945701 -12.9676003 0.0000000 0.0000000 73.0000000 6.0000000
31.3936524 -12.9675159 0.0000000 0.0000000 74.0000000 6.0000000
31.3927347 -12.9674314 0.0000000 0.0000000 75.0000000 6.0000000
31.3918171 -12.9673470 0.0000000 0.0000000 76.0000000 6.0000000
31.3908994 -12.9672625 0.0000000 0.0000000 77.0000000 6.0000000
31.3899818 -12.9671781 0.0000000 0.0000000 78.0000000 6.0000000
31.3890641 -12.9670936 0.0000000 0.0000000 79.0000000 6.0000000
31.3883833 -12.9670309 0.0000000 0.0000000 80.0000000 6.0000000
31.3877024 -12.9669683 0.0000000 0.0000000 81.0000000 6.0000000
31.3877096 -12.9665150 0.0000000 0.0000000 82.0000000 7.0000000
31.3881895 -12.9665591 0.0000000 0.0000000 83.0000000 7.0000000
31.3891072 -12.9666436 0.0000000 0.0000000 84.0000000 7.0000000
31.3900248 -12.9667281 0.0000000 0.0000000 85.0000000 7.0000000
31.3909425 -12.9668125 0.0000000 0.0000000 86.0000000 7.0000000
31.3918601 -12.9668970 0.0000000 0.0000000 87.0000000 7.0000000
31.3927778 -12.9669814 0.0000000 0.0000000 88.0000000 7.0000000
31.3936954 -12.9670659 0.0000000 0.0000000 89.0000000 7.0000000
31.3946131 -12.9671503 0.0000000 0.0000000 90.0000000 7.0000000
31.3955308 -12.9672348 0.0000000 0.0000000 91.0000000 7.0000000
31.3964484 -12.9673192 0.0000000 0.0000000 92.0000000 7.0000000
31.3973661 -12.9674036 0.0000000 0.0000000 93.0000000 7.0000000
31.3982838 -12.9674881 0.0000000 0.0000000 94.0000000 7.0000000
31.3990538 -12.9675589 0.0000000 0.0000000 95.0000000 7.0000000
31.3990758 -12.9671070 0.0000000 0.0000000 96.0000000 8.0000000
31.3983268 -12.9670381 0.0000000 0.0000000 97.0000000 8.0000000
31.3974091 -12.9669537 0.0000000 0.0000000 98.0000000 8.0000000
31.3964915 -12.9668692 0.0000000 0.0000000 99.0000000 8.0000000
31.3955738 -12.9667848 0.0000000 0.0000000 100.0000000 8.0000000
31.3946562 -12.9667003 0.0000000 0.0000000 101.0000000 8.0000000
31.3937385 -12.9666159 0.0000000 0.0000000 102.0000000 8.0000000
31.3928208 -12.9665314 0.0000000 0.0000000 103.0000000 8.0000000
31.3919032 -12.9664470 0.0000000 0.0000000 104.0000000 8.0000000
31.3909855 -12.9663625 0.0000000 0.0000000 105.0000000 8.0000000
31.3900679 -12.9662781 0.0000000 0.0000000 106.0000000 8.0000000
31.3891502 -12.9661936 0.0000000 0.0000000 107.0000000 8.0000000
31.3882326 -12.9661091 0.0000000 0.0000000 108.0000000 8.0000000
31.3877168 -12.9660617 0.0000000 0.0000000 109.0000000 8.0000000
31.3877240 -12.9656084 0.0000000 0.0000000 110.0000000 9.0000000
31.3882756 -12.9656592 0.0000000 0.0000000 111.0000000 9.0000000
31.3891933 -12.9657436 0.0000000 0.0000000 112.0000000 9.0000000
31.3901109 -12.9658281 0.0000000 0.0000000 113.0000000 9.0000000
31.3910286 -12.9659125 0.0000000 0.0000000 114.0000000 9.0000000
31.3919462 -12.9659970 0.0000000 0.0000000 115.0000000 9.0000000
31.3928639 -12.9660815 0.0000000 0.0000000 116.0000000 9.0000000
31.3937816 -12.9661659 0.0000000 0.0000000 117.0000000 9.0000000
31.3946992 -12.9662503 0.0000000 0.0000000 118.0000000 9.0000000
31.3956169 -12.9663348 0.0000000 0.0000000 119.0000000 9.0000000
31.3965345 -12.9664192 0.0000000 0.0000000 120.0000000 9.0000000
31.3974522 -12.9665037 0.0000000 0.0000000 121.0000000 9.0000000
31.3983698 -12.9665881 0.0000000 0.0000000 122.0000000 9.0000000
31.3990979 -12.9666551 0.0000000 0.0000000 123.0000000 9.0000000
31.3991199 -12.9662032 0.0000000 0.0000000 124.0000000 10.0000000
31.3984129 -12.9661381 0.0000000 0.0000000 125.0000000 10.0000000
31.3974952 -12.9660537 0.0000000 0.0000000 126.0000000 10.0000000
31.3965776 -12.9659692 0.0000000 0.0000000 127.0000000 10.0000000
31.3956599 -12.9658848 0.0000000 0.0000000 128.0000000 10.0000000
31.3947423 -12.9658004 0.0000000 0.0000000 129.0000000 10.0000000
31.3938246 -12.9657159 0.0000000 0.0000000 130.0000000 10.0000000
31.3929070 -12.9656315 0.0000000 0.0000000 131.0000000 10.0000000
31.3919893 -12.9655470 0.0000000 0.0000000 132.0000000 10.0000000
31.3910716 -12.9654626 0.0000000 0.0000000 133.0000000 10.0000000
31.3901540 -12.9653781 0.0000000 0.0000000 134.0000000 10.0000000
31.3892363 -12.9652936 0.0000000 0.0000000 135.0000000 10.0000000
31.3883187 -12.9652092 0.0000000 0.0000000 136.0000000 10.0000000
31.3877311 -12.9651551 0.0000000 0.0000000 137.0000000 10.0000000
31.3877383 -12.9647018 0.0000000 0.0000000 138.0000000 11.0000000
31.3883618 -12.9647592 0.0000000 0.0000000 139.0000000 11.0000000
31.3892794 -12.9648436 0.0000000 0.0000000 140.0000000 11.0000000
31.3901971 -12.9649281 0.0000000 0.0000000 141.0000000 11.0000000
31.3911147 -12.9650126 0.0000000 0.0000000 142.0000000 11.0000000
31.3920324 -12.9650970 0.0000000 0.0000000 143.0000000 11.0000000
31.3929500 -12.9651815 0.0000000 0.0000000 144.0000000 11.0000000
31.3938677 -12.9652659 0.0000000 0.0000000 145.0000000 11.0000000
31.3947853 -12.9653504 0.0000000 0.0000000 146.0000000 11.0000000
31.3957030 -12.9654348 0.0000000 0.0000000 147.0000000 11.0000000
31.3966206 -12.9655192 0.0000000 0.0000000 148.0000000 11.0000000
31.3975383 -12.9656037 0.0000000 0.0000000 149.0000000 11.0000000
31.3984559 -12.9656881 0.0000000 0.0000000 150.0000000 11.0000000
31.3991420 -12.9657512 0.0000000 0.0000000 151.0000000 11.0000000
31.3991640 -12.9652993 0.0000000 0.0000000 152.0000000 12.0000000
31.3984990 -12.9652381 0.0000000 0.0000000 153.0000000 12.0000000
31.3975813 -12.9651537 0.0000000 0.0000000 154.0000000 12.0000000
31.3966637 -12.9650693 0.0000000 0.0000000 155.0000000 12.0000000
31.3957460 -12.9649848 0.0000000 0.0000000 156.0000000 12.0000000
31.3948284 -12.9649004 0.0000000 0.0000000 157.0000000 12.0000000
31.3939107 -12.9648159 0.0000000 0.0000000 158.0000000 12.0000000
31.3929931 -12.9647315 0.0000000 0.0000000 159.0000000 12.0000000
31.3920754 -12.9646470 0.0000000 0.0000000 160.0000000 12.0000000
31.3911578 -12.9645626 0.0000000 0.0000000 161.0000000 12.0000000
31.3902401 -12.9644781 0.0000000 0.0000000 162.0000000 12.0000000
31.3893225 -12.9643937 0.0000000 0.0000000 163.0000000 12.0000000
31.3884048 -12.9643092 0.0000000 0.0000000 164.0000000 12.0000000
31.3877455 -12.9642485 0.0000000 0.0000000 165.0000000 12.0000000
31.3877526 -12.9637952 0.0000000 0.0000000 166.0000000 13.0000000
31.3884479 -12.9638592 0.0000000 0.0000000 167.0000000 13.0000000
31.3893655 -12.9639437 0.0000000 0.0000000 168.0000000 13.0000000
31.3902832 -12.9640281 0.0000000 0.0000000 169.0000000 13.0000000
31.3912008 -12.9641126 0.0000000 0.0000000 170.0000000 13.0000000
31.3921185 -12.9641970 0.0000000 0.0000000 171.0000000 13.0000000
31.3930361 -12.9642815 0.0000000 0.0000000 172.0000000 13.0000000
31.3939538 -12.9643659 0.0000000 0.0000000 173.0000000 13.0000000
31.3948714 -12.9644504 0.0000000 0.0000000 174.0000000 13.0000000
31.3957891 -12.9645348 0.0000000 0.0000000 175.0000000 13.0000000
31.3967067 -12.9646193 0.0000000 0.0000000 176.0000000 13.0000000
31.3976244 -12.9647037 0.0000000 0.0000000 177.0000000 13.0000000
31.3985420 -12.9647881 0.0000000 0.0000000 178.0000000 13.0000000
31.3991860 -12.9648474 0.0000000 0.0000000 179.0000000 13.0000000
31.3992081 -12.9643955 0.0000000 0.0000000 180.0000000 14.0000000
31.3985851 -12.9643381 0.0000000 0.0000000 181.0000000 14.0000000
31.3976674 -12.9642537 0.0000000 0.0000000 182.0000000 14.0000000
31.3967498 -12.9641693 0.0000000 0.0000000 183.0000000 14.0000000
31.3958321 -12.9640848 0.0000000 0.0000000 184.0000000 14.0000000
31.3949145 -12.9640004 0.0000000 0.0000000 185.0000000 14.0000000
31.3939968 -12.9639159 0.0000000 0.0000000 186.0000000 14.0000000
31.3930792 -12.9638315 0.0000000 0.0000000 187.0000000 14.0000000
31.3921615 -12.9637470 0.0000000 0.0000000 188.0000000 14.0000000
31.3912439 -12.9636626 0.0000000 0.0000000 189.0000000 14.0000000
31.3903262 -12.9635781 0.0000000 0.0000000 190.0000000 14.0000000
31.3894086 -12.9634937 0.0000000 0.0000000 191.0000000 14.0000000
31.3884909 -12.9634092 0.0000000 0.0000000 192.0000000 14.0000000
31.3877598 -12.9633419 0.0000000 0.0000000 193.0000000 14.0000000
31.3877670 -12.9628886 0.0000000 0.0000000 194.0000000 15.0000000
31.3885340 -12.9629592 0.0000000 0.0000000 195.0000000 15.0000000
31.3894516 -12.9630437 0.0000000 0.0000000 196.0000000 15.0000000
31.3903693 -12.9631282 0.0000000 0.0000000 197.0000000 15.0000000
31.3912869 -12.9632126 0.0000000 0.0000000 198.0000000 15.0000000
31.3922046 -12.9632971 0.0000000 0.0000000 199.0000000 15.0000000
31.3931222 -12.9633815 0.0000000 0.0000000 200.0000000 15.0000000
31.3940399 -12.9634660 0.0000000 0.0000000 201.0000000 15.0000000
31.3949575 -12.9635504 0.0000000 0.0000000 202.0000000 15.0000000
31.3958752 -12.9636348 0.0000000 0.0000000 203.0000000 15.0000000
31.3967928 -12.9637193 0.0000000 0.0000000 204.0000000 15.0000000
31.3977105 -12.9638037 0.0000000 0.0000000 205.0000000 15.0000000
31.3986281 -12.9638881 0.0000000 0.0000000 206.0000000 15.0000000
31.3992301 -12.9639435 0.0000000 0.0000000 207.0000000 15.0000000
31.3992521 -12.9634916 0.0000000 0.0000000 208.0000000 16.0000000
31.3986711 -12.9634381 0.0000000 0.0000000 209.0000000 16.0000000
31.3977535 -12.9633537 0.0000000 0.0000000 210.0000000 16.0000000
31.3968359 -12.9632693 0.0000000 0.0000000 211.0000000 16.0000000
31.3959182 -12.9631848 0.0000000 0.0000000 212.0000000 16.0000000
31.3950006 -12.9631004 0.0000000 0.0000000 213.0000000 16.0000000
31.3940829 -12.9630160 0.0000000 0.0000000 214.0000000 16.0000000
31.3931653 -12.9629315 0.0000000 0.0000000 215.0000000 16.0000000
31.3922476 -12.9628471 0.0000000 0.0000000 216.0000000 16.0000000
31.3913300 -12.9627626 0.0000000 0.0000000 217.0000000 16.0000000
31.3904123 -12.9626782 0.0000000 0.0000000 218.0000000 16.0000000
31.3894947 -12.9625937 0.0000000 0.0000000 219.0000000 16.0000000
31.3885771 -12.9625092 0.0000000 0.0000000 220.0000000 16.0000000
31.3877741 -12.9624353 0.0000000 0.0000000 221.0000000 16.0000000
31.3877813 -12.9619820 0.0000000 0.0000000 222.0000000 17.0000000
31.3886201 -12.9620593 0.0000000 0.0000000 223.0000000 17.0000000
31.3895378 -12.9621437 0.0000000 0.0000000 224.0000000 17.0000000
31.3904554 -12.9622282 0.0000000 0.0000000 225.0000000 17.0000000
31.3913730 -12.9623126 0.0000000 0.0000000 226.0000000 17.0000000
31.3922907 -12.9623971 0.0000000 0.0000000 227.0000000 17.0000000
31.3932083 -12.9624815 0.0000000 0.0000000 228.0000000 17.0000000
31.3941260 -12.9625660 0.0000000 0.0000000 229.0000000 17.0000000
31.3950436 -12.9626504 0.0000000 0.0000000 230.0000000 17.0000000
31.3959613 -12.9627349 0.0000000 0.0000000 231.0000000 17.0000000
31.3968789 -12.9628193 0.0000000 0.0000000 232.0000000 17.0000000
31.3977965 -12.9629037 0.0000000 0.0000000 233.0000000 17.0000000
31.3987142 -12.9629882 0.0000000 0.0000000 234.0000000 17.0000000
31.3992742 -12.9630397 0.0000000 0.0000000 235.0000000 17.0000000
31.3992962 -12.9625878 0.0000000 0.0000000 236.0000000 18.0000000
31.3987572 -12.9625382 0.0000000 0.0000000 237.0000000 18.0000000
31.3978396 -12.9624537 0.0000000 0.0000000 238.0000000 18.0000000
31.3969219 -12.9623693 0.0000000 0.0000000 239.0000000 18.0000000
31.3960043 -12.9622849 0.0000000 0.0000000 240.0000000 18.0000000
31.3950867 -12.9622004 0.0000000 0.0000000 241.0000000 18.0000000
31.3941690 -12.9621160 0.0000000 0.0000000 242.0000000 18.0000000
31.3932514 -12.9620315 0.0000000 0.0000000 243.0000000 18.0000000
31.3923337 -12.9619471 0.0000000 0.0000000 244.0000000 18.0000000
31.3914161 -12.9618626 0.0000000 0.0000000 245.0000000 18.0000000
31.3904985 -12.9617782 0.0000000 0.0000000 246.0000000 18.0000000
31.3895808 -12.9616937 0.0000000 0.0000000 247.0000000 18.0000000
31.3886632 -12.9616093 0.0000000 0.0000000 248.0000000 18.0000000
31.3877885 -12.9615287 0.0000000 0.0000000 249.0000000 18.0000000
31.3877956 -12.9610755 0.0000000 0.0000000 250.0000000 19.0000000
31.3887062 -12.9611593 0.0000000 0.0000000 251.0000000 19.0000000
31.3896239 -12.9612437 0.0000000 0.0000000 252.0000000 19.0000000
31.3905415 -12.9613282 0.0000000 0.0000000 253.0000000 19.0000000
31.3914592 -12.9614126 0.0000000 0.0000000 254.0000000 19.0000000
31.3923768 -12.9614971 0.0000000 0.0000000 255.0000000 19.0000000
31.3932944 -12.9615815 0.0000000 0.0000000 256.0000000 19.0000000
31.3942121 -12.9616660 0.0000000 0.0000000 257.0000000 19.0000000
31.3951297 -12.9617504 0.0000000 0.0000000 258.0000000 19.0000000
31.3960473 -12.9618349 0.0000000 0.0000000 259.0000000 19.0000000
31.3969650 -12.9619193 0.0000000 0.0000000 260.0000000 19.0000000
31.3978826 -12.9620037 0.0000000 0.0000000 261.0000000 19.0000000
31.3988003 -12.9620882 0.0000000 0.0000000 262.0000000 19.0000000
31.3993182 -12.9621358 0.0000000 0.0000000 263.0000000 19.0000000
31.3993403 -12.9616839 0.0000000 0.0000000 264.0000000 20.0000000
31.3988433 -12.9616382 0.0000000 0.0000000 265.0000000 20.0000000
31.3979257 -12.9615537 0.0000000 0.0000000 266.0000000 20.0000000
31.3970080 -12.9614693 0.0000000 0.0000000 267.0000000 20.0000000
31.3960904 -12.9613849 0.0000000 0.0000000 268.0000000 20.0000000
31.3951728 -12.9613004 0.0000000 0.0000000 269.0000000 20.0000000
31.3942551 -12.9612160 0.0000000 0.0000000 270.0000000 20.0000000
31.3933375 -12.9611316 0.0000000 0.0000000 271.0000000 20.0000000
31.3924198 -12.9610471 0.0000000 0.0000000 272.0000000 20.0000000
31.3915022 -12.9609627 0.0000000 0.0000000 273.0000000 20.0000000
31.3905846 -12.9608782 0.0000000 0.0000000 274.0000000 20.0000000
31.3896669 -12.9607937 0.0000000 0.0000000 275.0000000 20.0000000
31.3887493 -12.9607093 0.0000000 0.0000000 276.0000000 20.0000000
31.3882761 -12.9606657 0.0000000 0.0000000 277.0000000 20.0000000
31.3878028 -12.9606222 0.0000000 0.0000000 278.0000000 20.0000000
31.3878100 -12.9601689 0.0000000 0.0000000 279.0000000 21.0000000
31.3883012 -12.9602141 0.0000000 0.0000000 280.0000000 21.0000000
31.3887924 -12.9602593 0.0000000 0.0000000 281.0000000 21.0000000
31.3897100 -12.9603438 0.0000000 0.0000000 282.0000000 21.0000000
31.3906276 -12.9604282 0.0000000 0.0000000 283.0000000 21.0000000
31.3915453 -12.9605127 0.0000000 0.0000000 284.0000000 21.0000000
31.3924629 -12.9605971 0.0000000 0.0000000 285.0000000 21.0000000
31.3933805 -12.9606816 0.0000000 0.0000000 286.0000000 21.0000000
31.3942982 -12.9607660 0.0000000 0.0000000 287.0000000 21.0000000
31.3952158 -12.9608505 0.0000000 0.0000000 288.0000000 21.0000000
31.3961334 -12.9609349 0.0000000 0.0000000 289.0000000 21.0000000
31.3970511 -12.9610193 0.0000000 0.0000000 290.0000000 21.0000000
31.3979687 -12.9611038 0.0000000 0.0000000 291.0000000 21.0000000
31.3988864 -12.9611882 0.0000000 0.0000000 292.0000000 21.0000000
31.3993623 -12.9612320 0.0000000 0.0000000 293.0000000 21.0000000
31.3993843 -12.9607800 0.0000000 0.0000000 294.0000000 22.0000000
31.3986980 -12.9607169 0.0000000 0.0000000 295.0000000 22.0000000
31.3980118 -12.9606538 0.0000000 0.0000000 296.0000000 22.0000000
31.3970941 -12.9605693 0.0000000 0.0000000 297.0000000 22.0000000
31.3961765 -12.9604849 0.0000000 0.0000000 298.0000000 22.0000000
31.3952589 -12.9604005 0.0000000 0.0000000 299.0000000 22.0000000
31.3943412 -12.9603160 0.0000000 0.0000000 300.0000000 22.0000000
31.3934236 -12.9602316 0.0000000 0.0000000 301.0000000 22.0000000
31.3925059 -12.9601471 0.0000000 0.0000000 302.0000000 22.0000000
31.3915883 -12.9600627 0.0000000 0.0000000 303.0000000 22.0000000
31.3906707 -12.9599782 0.0000000 0.0000000 304.0000000 22.0000000
31.3897531 -12.9598938 0.0000000 0.0000000 305.0000000 22.0000000
31.3888354 -12.9598093 0.0000000 0.0000000 306.0000000 22.0000000
31.3883263 -12.9597624 0.0000000 0.0000000 307.0000000 22.0000000
31.3878171 -12.9597156 0.0000000 0.0000000 308.0000000 22.0000000
31.3878243 -12.9592623 0.0000000 0.0000000 309.0000000 23.0000000
31.3883514 -12.9593108 0.0000000 0.0000000 310.0000000 23.0000000
31.3888785 -12.9593593 0.0000000 0.0000000 311.0000000 23.0000000
31.3897961 -12.9594438 0.0000000 0.0000000 312.0000000 23.0000000
31.3907137 -12.9595282 0.0000000 0.0000000 313.0000000 23.0000000
31.3916314 -12.9596127 0.0000000 0.0000000 314.0000000 23.0000000
31.3925490 -12.9596971 0.0000000 0.0000000 315.0000000 23.0000000
31.3934666 -12.9597816 0.0000000 0.0000000 316.0000000 23.0000000
31.3943843 -12.9598660 0.0000000 0.0000000 317.0000000 23.0000000
31.3953019 -12.9599505 0.0000000 0.0000000 318.0000000 23.0000000
31.3962195 -12.9600349 0.0000000 0.0000000 319.0000000 23.0000000
31.3971372 -12.9601193 0.0000000 0.0000000 320.0000000 23.0000000
31.3980548 -12.9602038 0.0000000 0.0000000 321.0000000 23.0000000
31.3987306 -12.9602659 0.0000000 0.0000000 322.0000000 23.0000000
31.3994064 -12.9603281 0.0000000 0.0000000 323.0000000 23.0000000
31.3994284 -12.9598762 0.0000000 0.0000000 324.0000000 24.0000000
31.3987631 -12.9598150 0.0000000 0.0000000 325.0000000 24.0000000
31.3980978 -12.9597538 0.0000000 0.0000000 326.0000000 24.0000000
31.3971802 -12.9596693 0.0000000 0.0000000 327.0000000 24.0000000
31.3962626 -12.9595849 0.0000000 0.0000000 328.0000000 24.0000000
31.3953449 -12.9595005 0.0000000 0.0000000 329.0000000 24.0000000
31.3944273 -12.9594160 0.0000000 0.0000000 330.0000000 24.0000000
31.3935097 -12.9593316 0.0000000 0.0000000 331.0000000 24.0000000
31.3925921 -12.9592471 0.0000000 0.0000000 332.0000000 24.0000000
31.3916744 -12.9591627 0.0000000 0.0000000 333.0000000 24.0000000
31.3907568 -12.9590782 0.0000000 0.0000000 334.0000000 24.0000000
31.3898392 -12.9589938 0.0000000 0.0000000 335.0000000 24.0000000
