31.3719663000 -12.9117639000 20.0000000000 10.0000000000 0.0000000000 1.0000000000
31.3701297000 -12.9117525000 20.0000000000 10.0000000000 1.0000000000 1.0000000000
31.3682868000 -12.9117410000 20.0000000000 10.0000000000 2.0000000000 1.0000000000
31.3664438000 -12.9117295000 20.0000000000 10.0000000000 3.0000000000 1.0000000000
31.3654388000 -12.9117232000 20.0000000000 10.0000000000 4.0000000000 1.0000000000
31.3644338000 -12.9117169000 20.0000000000 10.0000000000 5.0000000000 1.0000000000
31.3644094000 -12.9106320000 20.0000000000 10.0000000000 6.0000000000 2.0000000000
31.3654302000 -12.9106384000 20.0000000000 10.0000000000 7.0000000000 2.0000000000
31.3664509000 -12.9106448000 20.0000000000 10.0000000000 8.0000000000 2.0000000000
31.3682938000 -12.9106563000 20.0000000000 10.0000000000 9.0000000000 2.0000000000
31.3701367000 -12.9106678000 20.0000000000 10.0000000000 10.0000000000 2.0000000000
31.3710673000 -12.9106736000 20.0000000000 10.0000000000 11.0000000000 2.0000000000
31.3719980000 -12.9106794000 20.0000000000 10.0000000000 12.0000000000 2.0000000000
31.3720297000 -12.9095948000 20.0000000000 10.0000000000 13.0000000000 3.0000000000
31.3710867000 -12.9095890000 20.0000000000 10.0000000000 14.0000000000 3.0000000000
31.3701437000 -12.9095831000 20.0000000000 10.0000000000 15.0000000000 3.0000000000
31.3683008000 -12.9095716000 20.0000000000 10.0000000000 16.0000000000 3.0000000000
31.3664579000 -12.9095601000 20.0000000000 10.0000000000 17.0000000000 3.0000000000
31.3654215000 -12.9095536000 20.0000000000 10.0000000000 18.0000000000 3.0000000000
31.3643850000 -12.9095471000 20.0000000000 10.0000000000 19.0000000000 3.0000000000
31.3705053000 -12.9126991000 20.0000000000 10.0000000000 20.0000000000 1.0000000000
31.3705099000 -12.9119823000 20.0000000000 10.0000000000 21.0000000000 1.0000000000
31.3705216000 -12.9101745000 20.0000000000 10.0000000000 22.0000000000 1.0000000000
31.3705323000 -12.9085299000 20.0000000000 10.0000000000 23.0000000000 1.0000000000
31.3668469000 -12.9084447000 20.0000000000 10.0000000000 24.0000000000 2.0000000000
31.3668358000 -12.9101515000 20.0000000000 10.0000000000 25.0000000000 2.0000000000
31.3668241000 -12.9119593000 20.0000000000 10.0000000000 26.0000000000 2.0000000000
31.3668171000 -12.9130268000 20.0000000000 10.0000000000 27.0000000000 2.0000000000
