QGC WPL 110
2.0 1 0 22 0 0 0 0 -12.9117525 31.3701297 20.0 1
3.0 0 0 16 0 0 0 0 -12.911741 31.3682868 20.0 1
4.0 0 0 16 0 0 0 0 -12.9117295 31.3664438 20.0 1
5.0 0 0 16 0 0 0 0 -12.9117232 31.3654388 20.0 1
6.0 0 0 16 0 0 0 0 -12.9117169 31.3644338 20.0 1
7.0 0 0 16 0 0 0 0 -12.910632 31.3644094 20.0 1
8.0 0 0 16 0 0 0 0 -12.9106384 31.3654302 20.0 1
9.0 0 0 16 0 0 0 0 -12.9106448 31.3664509 20.0 1
10.0 0 0 16 0 0 0 0 -12.9106563 31.3682938 20.0 1
11.0 0 0 16 0 0 0 0 -12.9106678 31.3701367 20.0 1
12.0 0 0 16 0 0 0 0 -12.9106736 31.3710673 20.0 1
13.0 0 0 16 0 0 0 0 -12.9106794 31.371998 20.0 1
14.0 0 0 16 0 0 0 0 -12.9095948 31.3720297 20.0 1
15.0 0 0 16 0 0 0 0 -12.909589 31.3710867 20.0 1
16.0 0 0 16 0 0 0 0 -12.9095831 31.3701437 20.0 1
17.0 0 0 16 0 0 0 0 -12.9095716 31.3683008 20.0 1
18.0 0 0 16 0 0 0 0 -12.9095601 31.3664579 20.0 1
19.0 0 0 16 0 0 0 0 -12.9095536 31.3654215 20.0 1
20.0 0 0 16 0 0 0 0 -12.9095471 31.364385 20.0 1
21.0 0 0 16 0 0 0 0 -12.9126991 31.3705053 20.0 1
22.0 0 0 16 0 0 0 0 -12.9119823 31.3705099 20.0 1
23.0 0 0 16 0 0 0 0 -12.9101745 31.3705216 20.0 1
24.0 0 0 16 0 0 0 0 -12.9085299 31.3705323 20.0 1
25.0 0 0 16 0 0 0 0 -12.9084447 31.3668469 20.0 1
26.0 0 0 16 0 0 0 0 -12.9101515 31.3668358 20.0 1
27.0 0 0 16 0 0 0 0 -12.9119593 31.3668241 20.0 1
28.0 0 0 16 0 0 0 0 -12.9130268 31.3668171 20.0 1
28.0 0 0 20 0 0 0 0 -12.9130268 31.3668171 20.0 1
