323370.1029365794 -1427938.9034666358 0.0000000000 1.0000000000 0.0000000000 180.0000000000 1.0000000000
323170.7880387620 -1427938.9034666358 0.0000000000 1.0000000000 1.0000000000 180.0000000000 1.0000000000
322970.7880387620 -1427938.9034666358 0.0000000000 1.0000000000 2.0000000000 180.0000000000 1.0000000000
322770.7880387620 -1427938.9034666358 0.0000000000 1.0000000000 3.0000000000 180.0000000000 1.0000000000
322661.7206952932 -1427938.9034666358 0.0000000000 1.0000000000 4.0000000000 180.0000000000 1.0000000000
322552.6533518243 -1427938.9034666358 0.0000000000 1.0000000000 5.0000000000 180.0000000000 1.0000000000
322549.2395580039 -1427818.9034666358 0.0000000000 2.0000000000 6.0000000000 360.0000000000 1.0000000000
322660.0137983829 -1427818.9034666358 0.0000000000 2.0000000000 7.0000000000 360.0000000000 1.0000000000
322770.7880387620 -1427818.9034666358 0.0000000000 2.0000000000 8.0000000000 0.0000000000 1.0000000000
322970.7880387620 -1427818.9034666358 0.0000000000 2.0000000000 9.0000000000 0.0000000000 1.0000000000
323170.7880387620 -1427818.9034666358 0.0000000000 2.0000000000 10.0000000000 0.0000000000 1.0000000000
323271.7848623398 -1427818.9034666358 0.0000000000 2.0000000000 11.0000000000 0.0000000000 1.0000000000
323372.7816859178 -1427818.9034666358 0.0000000000 2.0000000000 12.0000000000 0.0000000000 1.0000000000
323375.4604352561 -1427698.9034666358 0.0000000000 3.0000000000 13.0000000000 180.0000000000 1.0000000000
323273.1242370091 -1427698.9034666358 0.0000000000 3.0000000000 14.0000000000 180.0000000000 1.0000000000
323170.7880387620 -1427698.9034666358 0.0000000000 3.0000000000 15.0000000000 180.0000000000 1.0000000000
322970.7880387620 -1427698.9034666358 0.0000000000 3.0000000000 16.0000000000 180.0000000000 1.0000000000
322770.7880387620 -1427698.9034666358 0.0000000000 3.0000000000 17.0000000000 180.0000000000 1.0000000000
322658.3069014727 -1427698.9034666358 0.0000000000 3.0000000000 18.0000000000 180.0000000000 1.0000000000
322545.8257641835 -1427698.9034666358 0.0000000000 3.0000000000 19.0000000000 180.0000000000 1.0000000000
323212.2137821226 -1428043.3711073147 0.0000000000 1.0000000000 20.0000000000 90.0000000000 1.0000000000
323212.2137821226 -1427964.0638356281 0.0000000000 1.0000000000 21.0000000000 90.0000000000 1.0000000000
323212.2137821226 -1427764.0638356281 0.0000000000 1.0000000000 22.0000000000 90.0000000000 1.0000000000
323212.2137821226 -1427582.1261091202 0.0000000000 1.0000000000 23.0000000000 90.0000000000 1.0000000000
322812.2137821226 -1427575.2394445168 0.0000000000 2.0000000000 24.0000000000 270.0000000000 1.0000000000
322812.2137821226 -1427764.0638356281 0.0000000000 2.0000000000 25.0000000000 270.0000000000 1.0000000000
322812.2137821226 -1427964.0638356281 0.0000000000 2.0000000000 26.0000000000 270.0000000000 1.0000000000
322812.2137821226 -1428082.1681667876 0.0000000000 2.0000000000 27.0000000000 270.0000000000 1.0000000000
