322353.6983272619 -1432313.2009014010 0.0000000000 2.0000000000 0.0000000000 50.0000000000
322571.1859768544 -1432365.1539790265 0.0000000000 3.0000000000 1.0000000000 50.0000000000
322494.5815325426 -1432300.8752180578 0.0000000000 3.0000000000 2.0000000000 140.0000000000
322417.9770882307 -1432236.5964570891 0.0000000000 3.0000000000 3.0000000000 140.0000000000
322341.3726439188 -1432172.3176961204 0.0000000000 3.0000000000 4.0000000000 140.0000000000
322264.7681996069 -1432108.0389351516 0.0000000000 3.0000000000 5.0000000000 140.0000000000
322188.1637552950 -1432043.7601741829 0.0000000000 3.0000000000 6.0000000000 140.0000000000
322175.8380719518 -1431902.8769689023 0.0000000000 4.0000000000 7.0000000000 50.0000000000
322252.4425162637 -1431967.1557298710 0.0000000000 4.0000000000 8.0000000000 -40.0000000000
322329.0469605756 -1432031.4344908397 0.0000000000 4.0000000000 9.0000000000 -40.0000000000
322405.6514048875 -1432095.7132518084 0.0000000000 4.0000000000 10.0000000000 -40.0000000000
322482.2558491994 -1432159.9920127771 0.0000000000 4.0000000000 11.0000000000 -40.0000000000
322558.8602935113 -1432224.2707737458 0.0000000000 4.0000000000 12.0000000000 -40.0000000000
322635.4647378232 -1432288.5495347145 0.0000000000 4.0000000000 13.0000000000 -40.0000000000
322712.0691821350 -1432352.8282956833 0.0000000000 4.0000000000 14.0000000000 -40.0000000000
322852.9523874154 -1432340.5026123400 0.0000000000 5.0000000000 15.0000000000 50.0000000000
322776.3479431035 -1432276.2238513713 0.0000000000 5.0000000000 16.0000000000 140.0000000000
322699.7434987916 -1432211.9450904026 0.0000000000 5.0000000000 17.0000000000 140.0000000000
322623.1390544797 -1432147.6663294339 0.0000000000 5.0000000000 18.0000000000 140.0000000000
322546.5346101678 -1432083.3875684652 0.0000000000 5.0000000000 19.0000000000 140.0000000000
322469.9301658559 -1432019.1088074965 0.0000000000 5.0000000000 20.0000000000 140.0000000000
322393.3257215440 -1431954.8300465278 0.0000000000 5.0000000000 21.0000000000 140.0000000000
322316.7212772321 -1431890.5512855591 0.0000000000 5.0000000000 22.0000000000 140.0000000000
322240.1168329202 -1431826.2725245904 0.0000000000 5.0000000000 23.0000000000 140.0000000000
322227.7911495770 -1431685.3893193097 0.0000000000 6.0000000000 24.0000000000 -40.0000000000
322304.3955938889 -1431749.6680802784 0.0000000000 6.0000000000 25.0000000000 -40.0000000000
322381.0000382008 -1431813.9468412471 0.0000000000 6.0000000000 26.0000000000 -40.0000000000
322457.6044825127 -1431878.2256022159 0.0000000000 6.0000000000 27.0000000000 -40.0000000000
322534.2089268246 -1431942.5043631846 0.0000000000 6.0000000000 28.0000000000 -40.0000000000
322610.8133711365 -1432006.7831241533 0.0000000000 6.0000000000 29.0000000000 -40.0000000000
322687.4178154484 -1432071.0618851220 0.0000000000 6.0000000000 30.0000000000 -40.0000000000
322764.0222597603 -1432135.3406460907 0.0000000000 6.0000000000 31.0000000000 -40.0000000000
322840.6267040722 -1432199.6194070594 0.0000000000 6.0000000000 32.0000000000 -40.0000000000
322917.2311483840 -1432263.8981680281 0.0000000000 6.0000000000 33.0000000000 -40.0000000000
322993.8355926958 -1432328.1769289968 0.0000000000 6.0000000000 34.0000000000 -40.0000000000
323134.7187979764 -1432315.8512456536 0.0000000000 7.0000000000 35.0000000000 140.0000000000
323058.1143536645 -1432251.5724846849 0.0000000000 7.0000000000 36.0000000000 140.0000000000
322981.5099093526 -1432187.2937237162 0.0000000000 7.0000000000 37.0000000000 140.0000000000
322904.9054650407 -1432123.0149627475 0.0000000000 7.0000000000 38.0000000000 140.0000000000
322828.3010207288 -1432058.7362017788 0.0000000000 7.0000000000 39.0000000000 140.0000000000
322751.6965764169 -1431994.4574408100 0.0000000000 7.0000000000 40.0000000000 140.0000000000
322675.0921321050 -1431930.1786798413 0.0000000000 7.0000000000 41.0000000000 140.0000000000
322598.4876877932 -1431865.8999188726 0.0000000000 7.0000000000 42.0000000000 140.0000000000
322521.8832434814 -1431801.6211579039 0.0000000000 7.0000000000 43.0000000000 140.0000000000
322445.2787991695 -1431737.3423969352 0.0000000000 7.0000000000 44.0000000000 140.0000000000
322368.6743548576 -1431673.0636359665 0.0000000000 7.0000000000 45.0000000000 140.0000000000
322292.0699105457 -1431608.7848749978 0.0000000000 7.0000000000 46.0000000000 140.0000000000
322215.4654662338 -1431544.5061140291 0.0000000000 7.0000000000 47.0000000000 140.0000000000
322203.1397828904 -1431403.6229087485 0.0000000000 8.0000000000 48.0000000000 -40.0000000000
322279.7442272022 -1431467.9016697172 0.0000000000 8.0000000000 49.0000000000 -40.0000000000
322356.3486715141 -1431532.1804306859 0.0000000000 8.0000000000 50.0000000000 -40.0000000000
322432.9531158260 -1431596.4591916546 0.0000000000 8.0000000000 51.0000000000 -40.0000000000
322509.5575601379 -1431660.7379526233 0.0000000000 8.0000000000 52.0000000000 -40.0000000000
322586.1620044498 -1431725.0167135920 0.0000000000 8.0000000000 53.0000000000 -40.0000000000
322662.7664487617 -1431789.2954745607 0.0000000000 8.0000000000 54.0000000000 -40.0000000000
322739.3708930736 -1431853.5742355294 0.0000000000 8.0000000000 55.0000000000 -40.0000000000
322815.9753373855 -1431917.8529964981 0.0000000000 8.0000000000 56.0000000000 -40.0000000000
322892.5797816974 -1431982.1317574668 0.0000000000 8.0000000000 57.0000000000 -40.0000000000
322969.1842260093 -1432046.4105184355 0.0000000000 8.0000000000 58.0000000000 -40.0000000000
323045.7886703212 -1432110.6892794042 0.0000000000 8.0000000000 59.0000000000 -40.0000000000
323122.3931146331 -1432174.9680403729 0.0000000000 8.0000000000 60.0000000000 -40.0000000000
323198.9975589450 -1432239.2468013417 0.0000000000 8.0000000000 61.0000000000 -40.0000000000
323275.6020032568 -1432303.5255623104 0.0000000000 8.0000000000 62.0000000000 -40.0000000000
323352.2064475686 -1432367.8043232791 0.0000000000 8.0000000000 63.0000000000 -40.0000000000
323339.8807642254 -1432226.9211179984 0.0000000000 9.0000000000 64.0000000000 140.0000000000
323263.2763199135 -1432162.6423570297 0.0000000000 9.0000000000 65.0000000000 140.0000000000
323186.6718756016 -1432098.3635960610 0.0000000000 9.0000000000 66.0000000000 140.0000000000
323110.0674312897 -1432034.0848350923 0.0000000000 9.0000000000 67.0000000000 140.0000000000
323033.4629869778 -1431969.8060741236 0.0000000000 9.0000000000 68.0000000000 140.0000000000
322956.8585426659 -1431905.5273131549 0.0000000000 9.0000000000 69.0000000000 140.0000000000
322880.2540983540 -1431841.2485521862 0.0000000000 9.0000000000 70.0000000000 140.0000000000
322803.6496540422 -1431776.9697912175 0.0000000000 9.0000000000 71.0000000000 140.0000000000
322727.0452097304 -1431712.6910302488 0.0000000000 9.0000000000 72.0000000000 140.0000000000
322650.4407654185 -1431648.4122692801 0.0000000000 9.0000000000 73.0000000000 140.0000000000
322573.8363211066 -1431584.1335083114 0.0000000000 9.0000000000 74.0000000000 140.0000000000
322497.2318767947 -1431519.8547473426 0.0000000000 9.0000000000 75.0000000000 140.0000000000
322420.6274324828 -1431455.5759863739 0.0000000000 9.0000000000 76.0000000000 140.0000000000
322344.0229881709 -1431391.2972254052 0.0000000000 9.0000000000 77.0000000000 140.0000000000
322267.4185438590 -1431327.0184644365 0.0000000000 9.0000000000 78.0000000000 140.0000000000
322190.8140995471 -1431262.7397034678 0.0000000000 9.0000000000 79.0000000000 140.0000000000
322331.6973048276 -1431250.4140201246 0.0000000000 10.0000000000 80.0000000000 -40.0000000000
322408.3017491395 -1431314.6927810933 0.0000000000 10.0000000000 81.0000000000 -40.0000000000
322484.9061934514 -1431378.9715420620 0.0000000000 10.0000000000 82.0000000000 -40.0000000000
322561.5106377632 -1431443.2503030307 0.0000000000 10.0000000000 83.0000000000 -40.0000000000
322638.1150820750 -1431507.5290639994 0.0000000000 10.0000000000 84.0000000000 -40.0000000000
322714.7195263869 -1431571.8078249681 0.0000000000 10.0000000000 85.0000000000 -40.0000000000
322791.3239706988 -1431636.0865859368 0.0000000000 10.0000000000 86.0000000000 -40.0000000000
322867.9284150107 -1431700.3653469055 0.0000000000 10.0000000000 87.0000000000 -40.0000000000
322944.5328593226 -1431764.6441078743 0.0000000000 10.0000000000 88.0000000000 -40.0000000000
323021.1373036345 -1431828.9228688430 0.0000000000 10.0000000000 89.0000000000 -40.0000000000
323097.7417479464 -1431893.2016298117 0.0000000000 10.0000000000 90.0000000000 -40.0000000000
323174.3461922583 -1431957.4803907804 0.0000000000 10.0000000000 91.0000000000 -40.0000000000
323250.9506365702 -1432021.7591517491 0.0000000000 10.0000000000 92.0000000000 -40.0000000000
323327.5550808821 -1432086.0379127178 0.0000000000 10.0000000000 93.0000000000 -40.0000000000
323315.2293975390 -1431945.1547074371 0.0000000000 11.0000000000 94.0000000000 140.0000000000
323238.6249532271 -1431880.8759464684 0.0000000000 11.0000000000 95.0000000000 140.0000000000
323162.0205089152 -1431816.5971854997 0.0000000000 11.0000000000 96.0000000000 140.0000000000
323085.4160646033 -1431752.3184245310 0.0000000000 11.0000000000 97.0000000000 140.0000000000
323008.8116202914 -1431688.0396635623 0.0000000000 11.0000000000 98.0000000000 140.0000000000
322932.2071759795 -1431623.7609025936 0.0000000000 11.0000000000 99.0000000000 140.0000000000
322855.6027316676 -1431559.4821416249 0.0000000000 11.0000000000 100.0000000000 140.0000000000
322778.9982873557 -1431495.2033806562 0.0000000000 11.0000000000 101.0000000000 140.0000000000
322702.3938430438 -1431430.9246196875 0.0000000000 11.0000000000 102.0000000000 140.0000000000
322625.7893987320 -1431366.6458587188 0.0000000000 11.0000000000 103.0000000000 140.0000000000
322549.1849544202 -1431302.3670977501 0.0000000000 11.0000000000 104.0000000000 140.0000000000
322690.0681597005 -1431290.0414144068 0.0000000000 12.0000000000 105.0000000000 -40.0000000000
322766.6726040124 -1431354.3201753756 0.0000000000 12.0000000000 106.0000000000 -40.0000000000
322843.2770483243 -1431418.5989363443 0.0000000000 12.0000000000 107.0000000000 -40.0000000000
322919.8814926362 -1431482.8776973130 0.0000000000 12.0000000000 108.0000000000 -40.0000000000
322996.4859369481 -1431547.1564582817 0.0000000000 12.0000000000 109.0000000000 -40.0000000000
323073.0903812600 -1431611.4352192504 0.0000000000 12.0000000000 110.0000000000 -40.0000000000
323149.6948255718 -1431675.7139802191 0.0000000000 12.0000000000 111.0000000000 -40.0000000000
323226.2992698836 -1431739.9927411878 0.0000000000 12.0000000000 112.0000000000 -40.0000000000
323302.9037141955 -1431804.2715021565 0.0000000000 12.0000000000 113.0000000000 -40.0000000000
323290.5780308523 -1431663.3882968759 0.0000000000 13.0000000000 114.0000000000 140.0000000000
323213.9735865404 -1431599.1095359072 0.0000000000 13.0000000000 115.0000000000 140.0000000000
323137.3691422285 -1431534.8307749385 0.0000000000 13.0000000000 116.0000000000 140.0000000000
323060.7646979166 -1431470.5520139697 0.0000000000 13.0000000000 117.0000000000 140.0000000000
322984.1602536047 -1431406.2732530010 0.0000000000 13.0000000000 118.0000000000 140.0000000000
322907.5558092928 -1431341.9944920323 0.0000000000 13.0000000000 119.0000000000 140.0000000000
322830.9513649810 -1431277.7157310636 0.0000000000 13.0000000000 120.0000000000 140.0000000000
322971.8345702615 -1431265.3900477204 0.0000000000 14.0000000000 121.0000000000 -40.0000000000
323048.4390145734 -1431329.6688086891 0.0000000000 14.0000000000 122.0000000000 -40.0000000000
323125.0434588853 -1431393.9475696578 0.0000000000 14.0000000000 123.0000000000 -40.0000000000
323201.6479031972 -1431458.2263306265 0.0000000000 14.0000000000 124.0000000000 -40.0000000000
323278.2523475091 -1431522.5050915952 0.0000000000 14.0000000000 125.0000000000 -40.0000000000
323265.9266641659 -1431381.6218863146 0.0000000000 15.0000000000 126.0000000000 140.0000000000
323189.3222198540 -1431317.3431253459 0.0000000000 15.0000000000 127.0000000000 140.0000000000
322206.3388969682 -1432229.7308933421 0.0000000000 1.0000000000 0.0000000000 50.0000000000
322270.6176579369 -1432153.1264490301 0.0000000000 1.0000000000 1.0000000000 50.0000000000
322334.8964189056 -1432076.5220047182 0.0000000000 1.0000000000 2.0000000000 50.0000000000
322399.1751798742 -1431999.9175604063 0.0000000000 1.0000000000 3.0000000000 50.0000000000
322463.4539408428 -1431923.3131160943 0.0000000000 1.0000000000 4.0000000000 50.0000000000
322527.7327018114 -1431846.7086717824 0.0000000000 1.0000000000 5.0000000000 50.0000000000
322592.0114627800 -1431770.1042274705 0.0000000000 1.0000000000 6.0000000000 50.0000000000
322656.2902237486 -1431693.4997831585 0.0000000000 1.0000000000 7.0000000000 50.0000000000
322720.5689847172 -1431616.8953388466 0.0000000000 1.0000000000 8.0000000000 50.0000000000
322784.8477456858 -1431540.2908945347 0.0000000000 1.0000000000 9.0000000000 50.0000000000
322849.1265066544 -1431463.6864502227 0.0000000000 1.0000000000 10.0000000000 50.0000000000
322913.4052676230 -1431387.0820059108 0.0000000000 1.0000000000 11.0000000000 50.0000000000
322977.6840285916 -1431310.4775615989 0.0000000000 1.0000000000 12.0000000000 50.0000000000
323000.6653618852 -1431329.7611898894 0.0000000000 2.0000000000 13.0000000000 -130.0000000000
322936.3866009166 -1431406.3656342013 0.0000000000 2.0000000000 14.0000000000 -130.0000000000
322872.1078399480 -1431482.9700785133 0.0000000000 2.0000000000 15.0000000000 -130.0000000000
322807.8290789793 -1431559.5745228252 0.0000000000 2.0000000000 16.0000000000 -130.0000000000
322743.5503180107 -1431636.1789671371 0.0000000000 2.0000000000 17.0000000000 -130.0000000000
322679.2715570420 -1431712.7834114491 0.0000000000 2.0000000000 18.0000000000 -130.0000000000
322614.9927960734 -1431789.3878557610 0.0000000000 2.0000000000 19.0000000000 -130.0000000000
322550.7140351048 -1431865.9923000729 0.0000000000 2.0000000000 20.0000000000 -130.0000000000
322486.4352741362 -1431942.5967443848 0.0000000000 2.0000000000 21.0000000000 -130.0000000000
322422.1565131676 -1432019.2011886968 0.0000000000 2.0000000000 22.0000000000 -130.0000000000
322357.8777521990 -1432095.8056330087 0.0000000000 2.0000000000 23.0000000000 -130.0000000000
322293.5989912304 -1432172.4100773206 0.0000000000 2.0000000000 24.0000000000 -130.0000000000
322229.3202302618 -1432249.0145216326 0.0000000000 2.0000000000 25.0000000000 -130.0000000000
322188.0228025866 -1432344.9025942350 0.0000000000 3.0000000000 26.0000000000 50.0000000000
322252.3015635552 -1432268.2981499231 0.0000000000 3.0000000000 27.0000000000 50.0000000000
322316.5803245238 -1432191.6937056112 0.0000000000 3.0000000000 28.0000000000 50.0000000000
322380.8590854924 -1432115.0892612992 0.0000000000 3.0000000000 29.0000000000 50.0000000000
322445.1378464610 -1432038.4848169873 0.0000000000 3.0000000000 30.0000000000 50.0000000000
322509.4166074296 -1431961.8803726754 0.0000000000 3.0000000000 31.0000000000 50.0000000000
322573.6953683982 -1431885.2759283634 0.0000000000 3.0000000000 32.0000000000 50.0000000000
322637.9741293668 -1431808.6714840515 0.0000000000 3.0000000000 33.0000000000 50.0000000000
322702.2528903354 -1431732.0670397396 0.0000000000 3.0000000000 34.0000000000 50.0000000000
322766.5316513040 -1431655.4625954276 0.0000000000 3.0000000000 35.0000000000 50.0000000000
322830.8104122726 -1431578.8581511157 0.0000000000 3.0000000000 36.0000000000 50.0000000000
322895.0891732412 -1431502.2537068038 0.0000000000 3.0000000000 37.0000000000 50.0000000000
322959.3679342099 -1431425.6492624918 0.0000000000 3.0000000000 38.0000000000 50.0000000000
323023.6466951786 -1431349.0448181799 0.0000000000 3.0000000000 39.0000000000 50.0000000000
323087.9254561472 -1431272.4403738680 0.0000000000 3.0000000000 40.0000000000 50.0000000000
323110.9067894408 -1431291.7240021585 0.0000000000 4.0000000000 41.0000000000 -130.0000000000
323046.6280284722 -1431368.3284464704 0.0000000000 4.0000000000 42.0000000000 -130.0000000000
322982.3492675036 -1431444.9328907824 0.0000000000 4.0000000000 43.0000000000 -130.0000000000
322918.0705065350 -1431521.5373350943 0.0000000000 4.0000000000 44.0000000000 -130.0000000000
322853.7917455664 -1431598.1417794062 0.0000000000 4.0000000000 45.0000000000 -130.0000000000
322789.5129845978 -1431674.7462237182 0.0000000000 4.0000000000 46.0000000000 -130.0000000000
322725.2342236292 -1431751.3506680301 0.0000000000 4.0000000000 47.0000000000 -130.0000000000
322660.9554626605 -1431827.9551123420 0.0000000000 4.0000000000 48.0000000000 -130.0000000000
322596.6767016918 -1431904.5595566540 0.0000000000 4.0000000000 49.0000000000 -130.0000000000
322532.3979407232 -1431981.1640009659 0.0000000000 4.0000000000 50.0000000000 -130.0000000000
322468.1191797546 -1432057.7684452778 0.0000000000 4.0000000000 51.0000000000 -130.0000000000
322403.8404187860 -1432134.3728895898 0.0000000000 4.0000000000 52.0000000000 -130.0000000000
322339.5616578174 -1432210.9773339017 0.0000000000 4.0000000000 53.0000000000 -130.0000000000
322275.2828968488 -1432287.5817782136 0.0000000000 4.0000000000 54.0000000000 -130.0000000000
322211.0041358802 -1432364.1862225255 0.0000000000 4.0000000000 55.0000000000 -130.0000000000
322298.2642301424 -1432306.8654065041 0.0000000000 5.0000000000 56.0000000000 50.0000000000
322362.5429911110 -1432230.2609621922 0.0000000000 5.0000000000 57.0000000000 50.0000000000
322426.8217520796 -1432153.6565178803 0.0000000000 5.0000000000 58.0000000000 50.0000000000
322491.1005130482 -1432077.0520735683 0.0000000000 5.0000000000 59.0000000000 50.0000000000
322555.3792740168 -1432000.4476292564 0.0000000000 5.0000000000 60.0000000000 50.0000000000
322619.6580349855 -1431923.8431849445 0.0000000000 5.0000000000 61.0000000000 50.0000000000
322683.9367959542 -1431847.2387406325 0.0000000000 5.0000000000 62.0000000000 50.0000000000
322748.2155569228 -1431770.6342963206 0.0000000000 5.0000000000 63.0000000000 50.0000000000
322812.4943178914 -1431694.0298520087 0.0000000000 5.0000000000 64.0000000000 50.0000000000
322876.7730788600 -1431617.4254076967 0.0000000000 5.0000000000 65.0000000000 50.0000000000
322941.0518398286 -1431540.8209633848 0.0000000000 5.0000000000 66.0000000000 50.0000000000
323005.3306007972 -1431464.2165190729 0.0000000000 5.0000000000 67.0000000000 50.0000000000
323069.6093617658 -1431387.6120747610 0.0000000000 5.0000000000 68.0000000000 50.0000000000
323133.8881227344 -1431311.0076304490 0.0000000000 5.0000000000 69.0000000000 50.0000000000
323156.8694560280 -1431330.2912587395 0.0000000000 6.0000000000 70.0000000000 -130.0000000000
323092.5906950594 -1431406.8957030515 0.0000000000 6.0000000000 71.0000000000 -130.0000000000
323028.3119340908 -1431483.5001473634 0.0000000000 6.0000000000 72.0000000000 -130.0000000000
322964.0331731222 -1431560.1045916753 0.0000000000 6.0000000000 73.0000000000 -130.0000000000
322899.7544121536 -1431636.7090359873 0.0000000000 6.0000000000 74.0000000000 -130.0000000000
322835.4756511850 -1431713.3134802992 0.0000000000 6.0000000000 75.0000000000 -130.0000000000
322771.1968902164 -1431789.9179246111 0.0000000000 6.0000000000 76.0000000000 -130.0000000000
322706.9181292478 -1431866.5223689231 0.0000000000 6.0000000000 77.0000000000 -130.0000000000
322642.6393682792 -1431943.1268132350 0.0000000000 6.0000000000 78.0000000000 -130.0000000000
322578.3606073106 -1432019.7312575469 0.0000000000 6.0000000000 79.0000000000 -130.0000000000
322514.0818463420 -1432096.3357018589 0.0000000000 6.0000000000 80.0000000000 -130.0000000000
322449.8030853734 -1432172.9401461708 0.0000000000 6.0000000000 81.0000000000 -130.0000000000
322385.5243244048 -1432249.5445904827 0.0000000000 6.0000000000 82.0000000000 -130.0000000000
322321.2455634361 -1432326.1490347947 0.0000000000 6.0000000000 83.0000000000 -130.0000000000
322344.2268967296 -1432345.4326630852 0.0000000000 7.0000000000 84.0000000000 50.0000000000
322408.5056576982 -1432268.8282187732 0.0000000000 7.0000000000 85.0000000000 50.0000000000
322472.7844186668 -1432192.2237744613 0.0000000000 7.0000000000 86.0000000000 50.0000000000
322537.0631796354 -1432115.6193301494 0.0000000000 7.0000000000 87.0000000000 50.0000000000
322601.3419406040 -1432039.0148858374 0.0000000000 7.0000000000 88.0000000000 50.0000000000
322665.6207015726 -1431962.4104415255 0.0000000000 7.0000000000 89.0000000000 50.0000000000
322729.8994625412 -1431885.8059972136 0.0000000000 7.0000000000 90.0000000000 50.0000000000
322794.1782235098 -1431809.2015529016 0.0000000000 7.0000000000 91.0000000000 50.0000000000
322858.4569844784 -1431732.5971085897 0.0000000000 7.0000000000 92.0000000000 50.0000000000
322922.7357454470 -1431655.9926642778 0.0000000000 7.0000000000 93.0000000000 50.0000000000
322987.0145064156 -1431579.3882199659 0.0000000000 7.0000000000 94.0000000000 50.0000000000
323051.2932673842 -1431502.7837756539 0.0000000000 7.0000000000 95.0000000000 50.0000000000
323115.5720283528 -1431426.1793313420 0.0000000000 7.0000000000 96.0000000000 50.0000000000
323179.8507893214 -1431349.5748870301 0.0000000000 7.0000000000 97.0000000000 50.0000000000
323244.1295502900 -1431272.9704427181 0.0000000000 7.0000000000 98.0000000000 50.0000000000
323267.1108835836 -1431292.2540710086 0.0000000000 8.0000000000 99.0000000000 -130.0000000000
323202.8321226150 -1431368.8585153206 0.0000000000 8.0000000000 100.0000000000 -130.0000000000
323138.5533616464 -1431445.4629596325 0.0000000000 8.0000000000 101.0000000000 -130.0000000000
323074.2746006778 -1431522.0674039444 0.0000000000 8.0000000000 102.0000000000 -130.0000000000
323009.9958397091 -1431598.6718482564 0.0000000000 8.0000000000 103.0000000000 -130.0000000000
322945.7170787405 -1431675.2762925683 0.0000000000 8.0000000000 104.0000000000 -130.0000000000
322881.4383177718 -1431751.8807368802 0.0000000000 8.0000000000 105.0000000000 -130.0000000000
322817.1595568032 -1431828.4851811922 0.0000000000 8.0000000000 106.0000000000 -130.0000000000
322752.8807958346 -1431905.0896255041 0.0000000000 8.0000000000 107.0000000000 -130.0000000000
322688.6020348660 -1431981.6940698160 0.0000000000 8.0000000000 108.0000000000 -130.0000000000
322624.3232738974 -1432058.2985141280 0.0000000000 8.0000000000 109.0000000000 -130.0000000000
322560.0445129288 -1432134.9029584399 0.0000000000 8.0000000000 110.0000000000 -130.0000000000
322495.7657519602 -1432211.5074027518 0.0000000000 8.0000000000 111.0000000000 -130.0000000000
322431.4869909916 -1432288.1118470638 0.0000000000 8.0000000000 112.0000000000 -130.0000000000
322367.2082300229 -1432364.7162913757 0.0000000000 8.0000000000 113.0000000000 -130.0000000000
322454.4683242850 -1432307.3954753543 0.0000000000 9.0000000000 114.0000000000 50.0000000000
322518.7470852536 -1432230.7910310423 0.0000000000 9.0000000000 115.0000000000 50.0000000000
322583.0258462222 -1432154.1865867304 0.0000000000 9.0000000000 116.0000000000 50.0000000000
322647.3046071908 -1432077.5821424185 0.0000000000 9.0000000000 117.0000000000 50.0000000000
322711.5833681594 -1432000.9776981066 0.0000000000 9.0000000000 118.0000000000 50.0000000000
322775.8621291280 -1431924.3732537946 0.0000000000 9.0000000000 119.0000000000 50.0000000000
322840.1408900966 -1431847.7688094827 0.0000000000 9.0000000000 120.0000000000 50.0000000000
322904.4196510652 -1431771.1643651708 0.0000000000 9.0000000000 121.0000000000 50.0000000000
322968.6984120338 -1431694.5599208588 0.0000000000 9.0000000000 122.0000000000 50.0000000000
323032.9771730024 -1431617.9554765469 0.0000000000 9.0000000000 123.0000000000 50.0000000000
323097.2559339710 -1431541.3510322350 0.0000000000 9.0000000000 124.0000000000 50.0000000000
323161.5346949397 -1431464.7465879230 0.0000000000 9.0000000000 125.0000000000 50.0000000000
323225.8134559084 -1431388.1421436111 0.0000000000 9.0000000000 126.0000000000 50.0000000000
323290.0922168770 -1431311.5376992992 0.0000000000 9.0000000000 127.0000000000 50.0000000000
323313.0735501706 -1431330.8213275897 0.0000000000 10.0000000000 128.0000000000 -130.0000000000
323248.7947892020 -1431407.4257719016 0.0000000000 10.0000000000 129.0000000000 -130.0000000000
323184.5160282334 -1431484.0302162135 0.0000000000 10.0000000000 130.0000000000 -130.0000000000
323120.2372672648 -1431560.6346605255 0.0000000000 10.0000000000 131.0000000000 -130.0000000000
323055.9585062962 -1431637.2391048374 0.0000000000 10.0000000000 132.0000000000 -130.0000000000
322991.6797453276 -1431713.8435491493 0.0000000000 10.0000000000 133.0000000000 -130.0000000000
322927.4009843590 -1431790.4479934613 0.0000000000 10.0000000000 134.0000000000 -130.0000000000
322863.1222233903 -1431867.0524377732 0.0000000000 10.0000000000 135.0000000000 -130.0000000000
322798.8434624217 -1431943.6568820851 0.0000000000 10.0000000000 136.0000000000 -130.0000000000
322734.5647014530 -1432020.2613263971 0.0000000000 10.0000000000 137.0000000000 -130.0000000000
322670.2859404844 -1432096.8657707090 0.0000000000 10.0000000000 138.0000000000 -130.0000000000
322606.0071795158 -1432173.4702150209 0.0000000000 10.0000000000 139.0000000000 -130.0000000000
322541.7284185472 -1432250.0746593329 0.0000000000 10.0000000000 140.0000000000 -130.0000000000
322477.4496575786 -1432326.6791036448 0.0000000000 10.0000000000 141.0000000000 -130.0000000000
322500.4309908722 -1432345.9627319353 0.0000000000 11.0000000000 142.0000000000 50.0000000000
322564.7097518408 -1432269.3582876234 0.0000000000 11.0000000000 143.0000000000 50.0000000000
322628.9885128094 -1432192.7538433115 0.0000000000 11.0000000000 144.0000000000 50.0000000000
322693.2672737780 -1432116.1493989995 0.0000000000 11.0000000000 145.0000000000 50.0000000000
322757.5460347466 -1432039.5449546876 0.0000000000 11.0000000000 146.0000000000 50.0000000000
322821.8247957153 -1431962.9405103757 0.0000000000 11.0000000000 147.0000000000 50.0000000000
322886.1035566840 -1431886.3360660637 0.0000000000 11.0000000000 148.0000000000 50.0000000000
322950.3823176526 -1431809.7316217518 0.0000000000 11.0000000000 149.0000000000 50.0000000000
323014.6610786212 -1431733.1271774399 0.0000000000 11.0000000000 150.0000000000 50.0000000000
323078.9398395899 -1431656.5227331279 0.0000000000 11.0000000000 151.0000000000 50.0000000000
323143.2186005585 -1431579.9182888160 0.0000000000 11.0000000000 152.0000000000 50.0000000000
323207.4973615272 -1431503.3138445041 0.0000000000 11.0000000000 153.0000000000 50.0000000000
323271.7761224958 -1431426.7094001921 0.0000000000 11.0000000000 154.0000000000 50.0000000000
323294.7574557894 -1431445.9930284827 0.0000000000 12.0000000000 155.0000000000 -130.0000000000
323230.4786948208 -1431522.5974727946 0.0000000000 12.0000000000 156.0000000000 -130.0000000000
323166.1999338522 -1431599.2019171065 0.0000000000 12.0000000000 157.0000000000 -130.0000000000
323101.9211728836 -1431675.8063614185 0.0000000000 12.0000000000 158.0000000000 -130.0000000000
323037.6424119150 -1431752.4108057304 0.0000000000 12.0000000000 159.0000000000 -130.0000000000
322973.3636509464 -1431829.0152500423 0.0000000000 12.0000000000 160.0000000000 -130.0000000000
322909.0848899778 -1431905.6196943542 0.0000000000 12.0000000000 161.0000000000 -130.0000000000
322844.8061290092 -1431982.2241386662 0.0000000000 12.0000000000 162.0000000000 -130.0000000000
322780.5273680405 -1432058.8285829781 0.0000000000 12.0000000000 163.0000000000 -130.0000000000
322716.2486070718 -1432135.4330272900 0.0000000000 12.0000000000 164.0000000000 -130.0000000000
322651.9698461032 -1432212.0374716020 0.0000000000 12.0000000000 165.0000000000 -130.0000000000
322587.6910851346 -1432288.6419159139 0.0000000000 12.0000000000 166.0000000000 -130.0000000000
322523.4123241660 -1432365.2463602258 0.0000000000 12.0000000000 167.0000000000 -130.0000000000
322610.6724184282 -1432307.9255442044 0.0000000000 13.0000000000 168.0000000000 50.0000000000
322674.9511793968 -1432231.3210998925 0.0000000000 13.0000000000 169.0000000000 50.0000000000
322739.2299403655 -1432154.7166555806 0.0000000000 13.0000000000 170.0000000000 50.0000000000
322803.5087013342 -1432078.1122112686 0.0000000000 13.0000000000 171.0000000000 50.0000000000
322867.7874623028 -1432001.5077669567 0.0000000000 13.0000000000 172.0000000000 50.0000000000
322932.0662232714 -1431924.9033226448 0.0000000000 13.0000000000 173.0000000000 50.0000000000
322996.3449842400 -1431848.2988783328 0.0000000000 13.0000000000 174.0000000000 50.0000000000
323060.6237452086 -1431771.6944340209 0.0000000000 13.0000000000 175.0000000000 50.0000000000
323124.9025061772 -1431695.0899897090 0.0000000000 13.0000000000 176.0000000000 50.0000000000
323189.1812671458 -1431618.4855453970 0.0000000000 13.0000000000 177.0000000000 50.0000000000
323253.4600281144 -1431541.8811010851 0.0000000000 13.0000000000 178.0000000000 50.0000000000
323317.7387890830 -1431465.2766567732 0.0000000000 13.0000000000 179.0000000000 50.0000000000
323276.4413614079 -1431561.1647293756 0.0000000000 14.0000000000 180.0000000000 -130.0000000000
323212.1626004392 -1431637.7691736876 0.0000000000 14.0000000000 181.0000000000 -130.0000000000
323147.8838394706 -1431714.3736179995 0.0000000000 14.0000000000 182.0000000000 -130.0000000000
323083.6050785020 -1431790.9780623114 0.0000000000 14.0000000000 183.0000000000 -130.0000000000
323019.3263175334 -1431867.5825066234 0.0000000000 14.0000000000 184.0000000000 -130.0000000000
322955.0475565648 -1431944.1869509353 0.0000000000 14.0000000000 185.0000000000 -130.0000000000
322890.7687955962 -1432020.7913952472 0.0000000000 14.0000000000 186.0000000000 -130.0000000000
322826.4900346276 -1432097.3958395591 0.0000000000 14.0000000000 187.0000000000 -130.0000000000
322762.2112736590 -1432174.0002838711 0.0000000000 14.0000000000 188.0000000000 -130.0000000000
322697.9325126904 -1432250.6047281830 0.0000000000 14.0000000000 189.0000000000 -130.0000000000
322633.6537517217 -1432327.2091724949 0.0000000000 14.0000000000 190.0000000000 -130.0000000000
322656.6350850153 -1432346.4928007855 0.0000000000 15.0000000000 191.0000000000 50.0000000000
322720.9138459840 -1432269.8883564735 0.0000000000 15.0000000000 192.0000000000 50.0000000000
322785.1926069526 -1432193.2839121616 0.0000000000 15.0000000000 193.0000000000 50.0000000000
322849.4713679212 -1432116.6794678497 0.0000000000 15.0000000000 194.0000000000 50.0000000000
322913.7501288898 -1432040.0750235377 0.0000000000 15.0000000000 195.0000000000 50.0000000000
322978.0288898584 -1431963.4705792258 0.0000000000 15.0000000000 196.0000000000 50.0000000000
323042.3076508270 -1431886.8661349139 0.0000000000 15.0000000000 197.0000000000 50.0000000000
323106.5864117956 -1431810.2616906019 0.0000000000 15.0000000000 198.0000000000 50.0000000000
323170.8651727642 -1431733.6572462900 0.0000000000 15.0000000000 199.0000000000 50.0000000000
323235.1439337329 -1431657.0528019781 0.0000000000 15.0000000000 200.0000000000 50.0000000000
323299.4226947016 -1431580.4483576661 0.0000000000 15.0000000000 201.0000000000 50.0000000000
323322.4040279950 -1431599.7319859567 0.0000000000 16.0000000000 202.0000000000 -130.0000000000
323258.1252670264 -1431676.3364302686 0.0000000000 16.0000000000 203.0000000000 -130.0000000000
323193.8465060578 -1431752.9408745805 0.0000000000 16.0000000000 204.0000000000 -130.0000000000
323129.5677450891 -1431829.5453188925 0.0000000000 16.0000000000 205.0000000000 -130.0000000000
323065.2889841204 -1431906.1497632044 0.0000000000 16.0000000000 206.0000000000 -130.0000000000
323001.0102231518 -1431982.7542075163 0.0000000000 16.0000000000 207.0000000000 -130.0000000000
322936.7314621832 -1432059.3586518283 0.0000000000 16.0000000000 208.0000000000 -130.0000000000
322872.4527012146 -1432135.9630961402 0.0000000000 16.0000000000 209.0000000000 -130.0000000000
322808.1739402460 -1432212.5675404521 0.0000000000 16.0000000000 210.0000000000 -130.0000000000
322743.8951792774 -1432289.1719847640 0.0000000000 16.0000000000 211.0000000000 -130.0000000000
322679.6164183088 -1432365.7764290760 0.0000000000 16.0000000000 212.0000000000 -130.0000000000
322766.8765125710 -1432308.4556130546 0.0000000000 17.0000000000 213.0000000000 50.0000000000
322831.1552735396 -1432231.8511687426 0.0000000000 17.0000000000 214.0000000000 50.0000000000
322895.4340345082 -1432155.2467244307 0.0000000000 17.0000000000 215.0000000000 50.0000000000
322959.7127954768 -1432078.6422801188 0.0000000000 17.0000000000 216.0000000000 50.0000000000
323023.9915564454 -1432002.0378358068 0.0000000000 17.0000000000 217.0000000000 50.0000000000
323088.2703174141 -1431925.4333914949 0.0000000000 17.0000000000 218.0000000000 50.0000000000
323152.5490783828 -1431848.8289471830 0.0000000000 17.0000000000 219.0000000000 50.0000000000
323216.8278393514 -1431772.2245028710 0.0000000000 17.0000000000 220.0000000000 50.0000000000
323281.1066003200 -1431695.6200585591 0.0000000000 17.0000000000 221.0000000000 50.0000000000
323304.0879336136 -1431714.9036868496 0.0000000000 18.0000000000 222.0000000000 -130.0000000000
323239.8091726450 -1431791.5081311616 0.0000000000 18.0000000000 223.0000000000 -130.0000000000
323175.5304116764 -1431868.1125754735 0.0000000000 18.0000000000 224.0000000000 -130.0000000000
323111.2516507078 -1431944.7170197854 0.0000000000 18.0000000000 225.0000000000 -130.0000000000
323046.9728897392 -1432021.3214640974 0.0000000000 18.0000000000 226.0000000000 -130.0000000000
322982.6941287706 -1432097.9259084093 0.0000000000 18.0000000000 227.0000000000 -130.0000000000
322918.4153678020 -1432174.5303527212 0.0000000000 18.0000000000 228.0000000000 -130.0000000000
322854.1366068334 -1432251.1347970332 0.0000000000 18.0000000000 229.0000000000 -130.0000000000
322789.8578458647 -1432327.7392413451 0.0000000000 18.0000000000 230.0000000000 -130.0000000000
322812.8391791584 -1432347.0228696356 0.0000000000 19.0000000000 231.0000000000 50.0000000000
322877.1179401270 -1432270.4184253237 0.0000000000 19.0000000000 232.0000000000 50.0000000000
322941.3967010956 -1432193.8139810117 0.0000000000 19.0000000000 233.0000000000 50.0000000000
323005.6754620643 -1432117.2095366998 0.0000000000 19.0000000000 234.0000000000 50.0000000000
323069.9542230329 -1432040.6050923879 0.0000000000 19.0000000000 235.0000000000 50.0000000000
323134.2329840016 -1431964.0006480759 0.0000000000 19.0000000000 236.0000000000 50.0000000000
323198.5117449702 -1431887.3962037640 0.0000000000 19.0000000000 237.0000000000 50.0000000000
323262.7905059388 -1431810.7917594521 0.0000000000 19.0000000000 238.0000000000 50.0000000000
323327.0692669074 -1431734.1873151402 0.0000000000 19.0000000000 239.0000000000 50.0000000000
323285.7718392324 -1431830.0753877426 0.0000000000 20.0000000000 240.0000000000 -130.0000000000
323221.4930782638 -1431906.6798320545 0.0000000000 20.0000000000 241.0000000000 -130.0000000000
323157.2143172952 -1431983.2842763665 0.0000000000 20.0000000000 242.0000000000 -130.0000000000
323092.9355563266 -1432059.8887206784 0.0000000000 20.0000000000 243.0000000000 -130.0000000000
323028.6567953580 -1432136.4931649903 0.0000000000 20.0000000000 244.0000000000 -130.0000000000
322964.3780343894 -1432213.0976093023 0.0000000000 20.0000000000 245.0000000000 -130.0000000000
322900.0992734208 -1432289.7020536142 0.0000000000 20.0000000000 246.0000000000 -130.0000000000
322835.8205124522 -1432366.3064979261 0.0000000000 20.0000000000 247.0000000000 -130.0000000000
322923.0806067144 -1432308.9856819047 0.0000000000 21.0000000000 248.0000000000 50.0000000000
322987.3593676830 -1432232.3812375928 0.0000000000 21.0000000000 249.0000000000 50.0000000000
323051.6381286516 -1432155.7767932808 0.0000000000 21.0000000000 250.0000000000 50.0000000000
323115.9168896202 -1432079.1723489689 0.0000000000 21.0000000000 251.0000000000 50.0000000000
323180.1956505888 -1432002.5679046570 0.0000000000 21.0000000000 252.0000000000 50.0000000000
323244.4744115574 -1431925.9634603451 0.0000000000 21.0000000000 253.0000000000 50.0000000000
323308.7531725261 -1431849.3590160331 0.0000000000 21.0000000000 254.0000000000 50.0000000000
323331.7345058198 -1431868.6426443236 0.0000000000 22.0000000000 255.0000000000 -130.0000000000
323267.4557448512 -1431945.2470886356 0.0000000000 22.0000000000 256.0000000000 -130.0000000000
323203.1769838826 -1432021.8515329475 0.0000000000 22.0000000000 257.0000000000 -130.0000000000
323138.8982229140 -1432098.4559772594 0.0000000000 22.0000000000 258.0000000000 -130.0000000000
323074.6194619454 -1432175.0604215714 0.0000000000 22.0000000000 259.0000000000 -130.0000000000
323010.3407009768 -1432251.6648658833 0.0000000000 22.0000000000 260.0000000000 -130.0000000000
322946.0619400082 -1432328.2693101952 0.0000000000 22.0000000000 261.0000000000 -130.0000000000
322969.0432733018 -1432347.5529384858 0.0000000000 23.0000000000 262.0000000000 50.0000000000
323033.3220342704 -1432270.9484941738 0.0000000000 23.0000000000 263.0000000000 50.0000000000
323097.6007952390 -1432194.3440498619 0.0000000000 23.0000000000 264.0000000000 50.0000000000
323161.8795562076 -1432117.7396055500 0.0000000000 23.0000000000 265.0000000000 50.0000000000
323226.1583171763 -1432041.1351612380 0.0000000000 23.0000000000 266.0000000000 50.0000000000
323290.4370781450 -1431964.5307169261 0.0000000000 23.0000000000 267.0000000000 50.0000000000
323313.4184114386 -1431983.8143452166 0.0000000000 24.0000000000 268.0000000000 -130.0000000000
323249.1396504700 -1432060.4187895285 0.0000000000 24.0000000000 269.0000000000 -130.0000000000
323184.8608895014 -1432137.0232338405 0.0000000000 24.0000000000 270.0000000000 -130.0000000000
323120.5821285328 -1432213.6276781524 0.0000000000 24.0000000000 271.0000000000 -130.0000000000
323056.3033675642 -1432290.2321224643 0.0000000000 24.0000000000 272.0000000000 -130.0000000000
322992.0246065956 -1432366.8365667763 0.0000000000 24.0000000000 273.0000000000 -130.0000000000
323079.2847008576 -1432309.5157507549 0.0000000000 25.0000000000 274.0000000000 50.0000000000
323143.5634618262 -1432232.9113064429 0.0000000000 25.0000000000 275.0000000000 50.0000000000
323207.8422227948 -1432156.3068621310 0.0000000000 25.0000000000 276.0000000000 50.0000000000
323272.1209837634 -1432079.7024178191 0.0000000000 25.0000000000 277.0000000000 50.0000000000
323336.3997447320 -1432003.0979735071 0.0000000000 25.0000000000 278.0000000000 50.0000000000
323295.1023170570 -1432098.9860461096 0.0000000000 26.0000000000 279.0000000000 -130.0000000000
323230.8235560884 -1432175.5904904215 0.0000000000 26.0000000000 280.0000000000 -130.0000000000
323166.5447951198 -1432252.1949347334 0.0000000000 26.0000000000 281.0000000000 -130.0000000000
323102.2660341512 -1432328.7993790454 0.0000000000 26.0000000000 282.0000000000 -130.0000000000
323125.2473674448 -1432348.0830073359 0.0000000000 27.0000000000 283.0000000000 50.0000000000
323189.5261284134 -1432271.4785630240 0.0000000000 27.0000000000 284.0000000000 50.0000000000
323253.8048893820 -1432194.8741187120 0.0000000000 27.0000000000 285.0000000000 50.0000000000
323318.0836503506 -1432118.2696744001 0.0000000000 27.0000000000 286.0000000000 50.0000000000
323341.0649836442 -1432137.5533026906 0.0000000000 28.0000000000 287.0000000000 -130.0000000000
323276.7862226755 -1432214.1577470026 0.0000000000 28.0000000000 288.0000000000 -130.0000000000
323212.5074617068 -1432290.7621913145 0.0000000000 28.0000000000 289.0000000000 -130.0000000000
323148.2287007382 -1432367.3666356264 0.0000000000 28.0000000000 290.0000000000 -130.0000000000
323235.4887950005 -1432310.0458196050 0.0000000000 29.0000000000 291.0000000000 50.0000000000
323299.7675559692 -1432233.4413752931 0.0000000000 29.0000000000 292.0000000000 50.0000000000
323322.7488892628 -1432252.7250035836 0.0000000000 30.0000000000 293.0000000000 -130.0000000000
323258.4701282942 -1432329.3294478955 0.0000000000 30.0000000000 294.0000000000 -130.0000000000
323281.4514615878 -1432348.6130761860 0.0000000000 31.0000000000 295.0000000000 50.0000000000
323345.7302225564 -1432272.0086318741 0.0000000000 31.0000000000 296.0000000000 50.0000000000
