QGC WPL 110
2.0 1 0 22 0 0 0 0 29.9398184 66.0688227 30.0 1
3.0 0 0 16 0 0 0 0 29.9381552 66.0688715 30.0 1
4.0 0 0 16 0 0 0 0 29.9354513 66.0689508 30.0 1
5.0 0 0 16 0 0 0 0 29.9327474 66.0690301 30.0 1
6.0 0 0 16 0 0 0 0 29.9300436 66.0691094 30.0 1
7.0 0 0 16 0 0 0 0 29.9273397 66.0691887 30.0 1
8.0 0 0 16 0 0 0 0 29.9246359 66.069268 30.0 1
9.0 0 0 16 0 0 0 0 29.921932 66.0693473 30.0 1
10.0 0 0 16 0 0 0 0 29.9203721 66.069393 30.0 1
11.0 0 0 16 0 0 0 0 29.9188123 66.0694387 30.0 1
12.0 0 0 16 0 0 0 0 29.918999 66.0704685 30.0 1
13.0 0 0 16 0 0 0 0 29.920477 66.0704252 30.0 1
14.0 0 0 16 0 0 0 0 29.921955 66.0703819 30.0 1
15.0 0 0 16 0 0 0 0 29.9246589 66.0703027 30.0 1
16.0 0 0 16 0 0 0 0 29.9273628 66.0702234 30.0 1
17.0 0 0 16 0 0 0 0 29.9300666 66.0701442 30.0 1
18.0 0 0 16 0 0 0 0 29.9327705 66.0700649 30.0 1
19.0 0 0 16 0 0 0 0 29.9354743 66.0699856 30.0 1
20.0 0 0 16 0 0 0 0 29.9381782 66.0699063 30.0 1
21.0 0 0 16 0 0 0 0 29.9398962 66.0698559 30.0 1
22.0 0 0 16 0 0 0 0 29.9416143 66.0698055 30.0 1
23.0 0 0 16 0 0 0 0 29.9261843 66.0756932 30.0 1
24.0 0 0 16 0 0 0 0 29.9261398 66.0736908 30.0 1
25.0 0 0 16 0 0 0 0 29.9260953 66.0716885 30.0 1
26.0 0 0 16 0 0 0 0 29.9260547 66.069864 30.0 1
27.0 0 0 16 0 0 0 0 29.9260141 66.0680395 30.0 1
28.0 0 0 16 0 0 0 0 29.9287179 66.0679564 30.0 1
29.0 0 0 16 0 0 0 0 29.9287586 66.0697828 30.0 1
30.0 0 0 16 0 0 0 0 29.9287992 66.0716092 30.0 1
31.0 0 0 16 0 0 0 0 29.9288424 66.0735539 30.0 1
32.0 0 0 16 0 0 0 0 29.9288856 66.0754986 30.0 1
32.0 0 0 20 0 0 0 0 29.9288856 66.0754986 30.0 1
