QGC WPL 110
1.0 1 0 22 0 0 0 0 50.1528506 -120.1831332 943.2623291 1
2.0 0 0 16 0 0 0 0 50.1535366 -120.1831301 944.2510986 1
3.0 0 0 16 0 0 0 0 50.1542226 -120.1831271 947.2644653 1
4.0 0 0 16 0 0 0 0 50.1553462 -120.1831221 953.3323975 1
5.0 0 0 16 0 0 0 0 50.1564699 -120.1831171 936.4037476 1
6.0 0 0 16 0 0 0 0 50.1575935 -120.1831121 931.4678955 1
7.0 0 0 16 0 0 0 0 50.1587172 -120.1831071 925.2941895 1
8.0 0 0 16 0 0 0 0 50.1598409 -120.1831021 915.8587646 1
9.0 0 0 16 0 0 0 0 50.1609645 -120.1830971 918.4303589 1
10.0 0 0 16 0 0 0 0 50.1620882 -120.1830921 926.4307861 1
11.0 0 0 16 0 0 0 0 50.1632119 -120.1830871 923.6750488 1
12.0 0 0 16 0 0 0 0 50.1643355 -120.1830821 912.1303101 1
13.0 0 0 16 0 0 0 0 50.1654592 -120.1830771 899.8543091 1
14.0 0 0 16 0 0 0 0 50.1665828 -120.1830721 893.5264282 1
15.0 0 0 16 0 0 0 0 50.1677065 -120.1830671 898.9920654 1
16.0 0 0 16 0 0 0 0 50.1688302 -120.1830621 904.0744019 1
17.0 0 0 16 0 0 0 0 50.1699538 -120.1830571 925.6641235 1
18.0 0 0 16 0 0 0 0 50.1710775 -120.1830521 958.8095093 1
19.0 0 0 16 0 0 0 0 50.1718495 -120.1830487 955.5533447 1
20.0 0 0 16 0 0 0 0 50.1718496 -120.181649 944.6235352 1
21.0 0 0 16 0 0 0 0 50.1710749 -120.1816525 955.6578979 1
22.0 0 0 16 0 0 0 0 50.1699512 -120.1816575 943.4464111 1
23.0 0 0 16 0 0 0 0 50.1688276 -120.1816626 921.5848999 1
24.0 0 0 16 0 0 0 0 50.1677039 -120.1816676 903.2144165 1
25.0 0 0 16 0 0 0 0 50.1665803 -120.1816727 897.5019531 1
26.0 0 0 16 0 0 0 0 50.1654566 -120.1816777 903.9846191 1
27.0 0 0 16 0 0 0 0 50.1643329 -120.1816827 907.5991821 1
28.0 0 0 16 0 0 0 0 50.1632093 -120.1816878 915.0513916 1
29.0 0 0 16 0 0 0 0 50.1620856 -120.1816928 921.7756348 1
30.0 0 0 16 0 0 0 0 50.160962 -120.1816978 928.2927856 1
31.0 0 0 16 0 0 0 0 50.1598383 -120.1817028 926.8375244 1
32.0 0 0 16 0 0 0 0 50.1587146 -120.1817079 930.1173706 1
33.0 0 0 16 0 0 0 0 50.157591 -120.1817129 934.8549805 1
34.0 0 0 16 0 0 0 0 50.1564673 -120.1817179 933.1522217 1
35.0 0 0 16 0 0 0 0 50.1553436 -120.181723 947.1727295 1
36.0 0 0 16 0 0 0 0 50.15422 -120.181728 940.0 1
37.0 0 0 16 0 0 0 0 50.1535353 -120.181731 942.8304443 1
38.0 0 0 16 0 0 0 0 50.1528506 -120.1817341 943.0 1
39.0 0 0 16 0 0 0 0 50.1528507 -120.180335 939.0 1
40.0 0 0 16 0 0 0 0 50.153534 -120.1803319 939.1762695 1
41.0 0 0 16 0 0 0 0 50.1542174 -120.1803289 938.7438354 1
42.0 0 0 16 0 0 0 0 50.1553411 -120.1803238 935.0905762 1
43.0 0 0 16 0 0 0 0 50.1564647 -120.1803187 932.5841064 1
44.0 0 0 16 0 0 0 0 50.1575884 -120.1803137 936.0700073 1
45.0 0 0 16 0 0 0 0 50.158712 -120.1803086 933.3516846 1
46.0 0 0 16 0 0 0 0 50.1598357 -120.1803036 925.7895508 1
47.0 0 0 16 0 0 0 0 50.1609594 -120.1802985 926.7814941 1
48.0 0 0 16 0 0 0 0 50.162083 -120.1802934 932.4089966 1
49.0 0 0 16 0 0 0 0 50.1632067 -120.1802884 938.0911865 1
50.0 0 0 16 0 0 0 0 50.1643303 -120.1802833 923.9564209 1
51.0 0 0 16 0 0 0 0 50.165454 -120.1802782 906.2286987 1
52.0 0 0 16 0 0 0 0 50.1665777 -120.1802732 902.0836182 1
53.0 0 0 16 0 0 0 0 50.1677013 -120.1802681 907.1262817 1
54.0 0 0 16 0 0 0 0 50.168825 -120.180263 930.3515625 1
55.0 0 0 16 0 0 0 0 50.1699486 -120.180258 952.0779419 1
56.0 0 0 16 0 0 0 0 50.1710723 -120.1802529 978.40448 1
57.0 0 0 16 0 0 0 0 50.1718496 -120.1802494 969.9088745 1
58.0 0 0 16 0 0 0 0 50.1718497 -120.1788497 975.1817017 1
59.0 0 0 16 0 0 0 0 50.1710697 -120.1788533 991.7892456 1
60.0 0 0 16 0 0 0 0 50.169946 -120.1788584 963.8773804 1
61.0 0 0 16 0 0 0 0 50.1688224 -120.1788635 924.3731079 1
62.0 0 0 16 0 0 0 0 50.1676987 -120.1788686 907.0268555 1
63.0 0 0 16 0 0 0 0 50.166575 -120.1788737 903.0 1
64.0 0 0 16 0 0 0 0 50.1654514 -120.1788788 908.1107178 1
65.0 0 0 16 0 0 0 0 50.1643277 -120.1788839 924.8314819 1
66.0 0 0 16 0 0 0 0 50.1632041 -120.178889 937.2767334 1
67.0 0 0 16 0 0 0 0 50.1620804 -120.1788941 944.6425781 1
68.0 0 0 16 0 0 0 0 50.1609567 -120.1788992 937.4685669 1
69.0 0 0 16 0 0 0 0 50.1598331 -120.1789043 928.3466797 1
70.0 0 0 16 0 0 0 0 50.1587094 -120.1789094 922.1911621 1
71.0 0 0 16 0 0 0 0 50.1575858 -120.1789145 925.8379517 1
72.0 0 0 16 0 0 0 0 50.1564621 -120.1789196 931.9486084 1
73.0 0 0 16 0 0 0 0 50.1553384 -120.1789246 930.022644 1
74.0 0 0 16 0 0 0 0 50.1542148 -120.1789297 930.5185547 1
75.0 0 0 16 0 0 0 0 50.1535328 -120.1789328 933.4829102 1
76.0 0 0 16 0 0 0 0 50.1528507 -120.1789359 937.8294067 1
77.0 0 0 16 0 0 0 0 50.1528507 -120.1775368 955.6815796 1
78.0 0 0 16 0 0 0 0 50.1535315 -120.1775337 953.7523193 1
79.0 0 0 16 0 0 0 0 50.1542122 -120.1775306 943.5471802 1
80.0 0 0 16 0 0 0 0 50.1553358 -120.1775255 923.1645508 1
81.0 0 0 16 0 0 0 0 50.1564595 -120.1775204 923.0700684 1
82.0 0 0 16 0 0 0 0 50.1575831 -120.1775152 928.5405273 1
83.0 0 0 16 0 0 0 0 50.1587068 -120.1775101 930.7381592 1
84.0 0 0 16 0 0 0 0 50.1598305 -120.177505 933.19104 1
85.0 0 0 16 0 0 0 0 50.1609541 -120.1774999 938.4998169 1
86.0 0 0 16 0 0 0 0 50.1620778 -120.1774947 938.6484985 1
87.0 0 0 16 0 0 0 0 50.1632014 -120.1774896 933.7901611 1
88.0 0 0 16 0 0 0 0 50.1643251 -120.1774845 924.840332 1
89.0 0 0 16 0 0 0 0 50.1654488 -120.1774793 906.1247559 1
90.0 0 0 16 0 0 0 0 50.1665724 -120.1774742 902.4657593 1
91.0 0 0 16 0 0 0 0 50.1676961 -120.1774691 907.0 1
92.0 0 0 16 0 0 0 0 50.1688197 -120.1774639 918.432251 1
93.0 0 0 16 0 0 0 0 50.1699434 -120.1774588 960.4124146 1
94.0 0 0 16 0 0 0 0 50.171067 -120.1774537 977.8764648 1
95.0 0 0 16 0 0 0 0 50.1718497 -120.1774501 975.5285034 1
96.0 0 0 16 0 0 0 0 50.1718497 -120.1760504 945.2883301 1
97.0 0 0 16 0 0 0 0 50.1710644 -120.1760541 949.8613281 1
98.0 0 0 16 0 0 0 0 50.1699407 -120.1760592 948.0333252 1
99.0 0 0 16 0 0 0 0 50.1688171 -120.1760644 926.0162964 1
100.0 0 0 16 0 0 0 0 50.1676934 -120.1760696 905.3449097 1
101.0 0 0 16 0 0 0 0 50.1665698 -120.1760747 902.0 1
102.0 0 0 16 0 0 0 0 50.1654461 -120.1760799 903.1908569 1
103.0 0 0 16 0 0 0 0 50.1643225 -120.1760851 922.4390869 1
104.0 0 0 16 0 0 0 0 50.1631988 -120.1760902 928.0872803 1
105.0 0 0 16 0 0 0 0 50.1620751 -120.1760954 931.2294922 1
106.0 0 0 16 0 0 0 0 50.1609515 -120.1761006 931.5267334 1
107.0 0 0 16 0 0 0 0 50.1598278 -120.1761057 931.9221802 1
108.0 0 0 16 0 0 0 0 50.1587042 -120.1761109 931.0 1
109.0 0 0 16 0 0 0 0 50.1575805 -120.176116 932.0840454 1
110.0 0 0 16 0 0 0 0 50.1564568 -120.1761212 930.0 1
111.0 0 0 16 0 0 0 0 50.1553332 -120.1761263 924.9849243 1
112.0 0 0 16 0 0 0 0 50.1542095 -120.1761315 931.204834 1
113.0 0 0 16 0 0 0 0 50.1535301 -120.1761346 940.8428955 1
114.0 0 0 16 0 0 0 0 50.1528507 -120.1761377 956.1047974 1
115.0 0 0 16 0 0 0 0 50.1528507 -120.1747386 945.7516479 1
116.0 0 0 16 0 0 0 0 50.1535288 -120.1747355 933.4069214 1
117.0 0 0 16 0 0 0 0 50.1542069 -120.1747324 924.8087769 1
118.0 0 0 16 0 0 0 0 50.1553305 -120.1747272 923.9890747 1
119.0 0 0 16 0 0 0 0 50.1564542 -120.174722 923.9921875 1
120.0 0 0 16 0 0 0 0 50.1575778 -120.1747168 922.260498 1
121.0 0 0 16 0 0 0 0 50.1587015 -120.1747116 923.7930298 1
122.0 0 0 16 0 0 0 0 50.1598252 -120.1747064 929.1601562 1
123.0 0 0 16 0 0 0 0 50.1609488 -120.1747012 932.0 1
124.0 0 0 16 0 0 0 0 50.1620725 -120.174696 927.913208 1
125.0 0 0 16 0 0 0 0 50.1631961 -120.1746908 925.8241577 1
126.0 0 0 16 0 0 0 0 50.1643198 -120.1746857 921.2147827 1
127.0 0 0 16 0 0 0 0 50.1654434 -120.1746805 903.1109619 1
128.0 0 0 16 0 0 0 0 50.1665671 -120.1746753 902.09729 1
129.0 0 0 16 0 0 0 0 50.1676908 -120.1746701 906.7520752 1
130.0 0 0 16 0 0 0 0 50.1688144 -120.1746649 930.3386841 1
131.0 0 0 16 0 0 0 0 50.1699381 -120.1746596 945.7949829 1
132.0 0 0 16 0 0 0 0 50.1710617 -120.1746544 932.3865967 1
133.0 0 0 16 0 0 0 0 50.1718497 -120.1746508 910.2833252 1
134.0 0 0 16 0 0 0 0 50.1718496 -120.1732511 909.3522339 1
135.0 0 0 16 0 0 0 0 50.171059 -120.1732548 919.4586792 1
136.0 0 0 16 0 0 0 0 50.1699354 -120.1732601 937.8464355 1
137.0 0 0 16 0 0 0 0 50.1688117 -120.1732653 933.5424805 1
138.0 0 0 16 0 0 0 0 50.1676881 -120.1732705 909.817749 1
139.0 0 0 16 0 0 0 0 50.1665644 -120.1732758 900.4605713 1
140.0 0 0 16 0 0 0 0 50.1654408 -120.173281 898.1394653 1
141.0 0 0 16 0 0 0 0 50.1643171 -120.1732862 918.5657349 1
142.0 0 0 16 0 0 0 0 50.1631935 -120.1732915 924.3452759 1
143.0 0 0 16 0 0 0 0 50.1620698 -120.1732967 927.0 1
144.0 0 0 16 0 0 0 0 50.1609461 -120.1733019 930.0 1
145.0 0 0 16 0 0 0 0 50.1598225 -120.1733072 928.3618164 1
146.0 0 0 16 0 0 0 0 50.1586988 -120.1733124 920.8831787 1
147.0 0 0 16 0 0 0 0 50.1575752 -120.1733176 921.0 1
148.0 0 0 16 0 0 0 0 50.1564515 -120.1733228 921.0 1
149.0 0 0 16 0 0 0 0 50.1553278 -120.173328 923.1012573 1
150.0 0 0 16 0 0 0 0 50.1542042 -120.1733333 929.1878052 1
151.0 0 0 16 0 0 0 0 50.1535274 -120.1733364 938.8343506 1
152.0 0 0 16 0 0 0 0 50.1528507 -120.1733395 954.3187256 1
153.0 0 0 16 0 0 0 0 50.1528507 -120.1719405 952.2816162 1
154.0 0 0 16 0 0 0 0 50.1535261 -120.1719373 950.1778564 1
155.0 0 0 16 0 0 0 0 50.1542015 -120.1719341 947.9353638 1
156.0 0 0 16 0 0 0 0 50.1553252 -120.1719289 929.9377441 1
157.0 0 0 16 0 0 0 0 50.1564488 -120.1719236 921.805542 1
158.0 0 0 16 0 0 0 0 50.1575725 -120.1719184 921.0 1
159.0 0 0 16 0 0 0 0 50.1586961 -120.1719131 917.8495483 1
160.0 0 0 16 0 0 0 0 50.1598198 -120.1719079 924.1288452 1
161.0 0 0 16 0 0 0 0 50.1609434 -120.1719026 927.0719604 1
162.0 0 0 16 0 0 0 0 50.1620671 -120.1718974 926.0322266 1
163.0 0 0 16 0 0 0 0 50.1631908 -120.1718921 920.2445068 1
164.0 0 0 16 0 0 0 0 50.1643144 -120.1718868 902.6680908 1
165.0 0 0 16 0 0 0 0 50.1654381 -120.1718816 896.7226562 1
166.0 0 0 16 0 0 0 0 50.1665617 -120.1718763 901.8883057 1
167.0 0 0 16 0 0 0 0 50.1676854 -120.171871 913.9042358 1
168.0 0 0 16 0 0 0 0 50.168809 -120.1718658 923.2902222 1
169.0 0 0 16 0 0 0 0 50.1699327 -120.1718605 916.5787354 1
170.0 0 0 16 0 0 0 0 50.1710563 -120.1718552 911.7906494 1
171.0 0 0 16 0 0 0 0 50.1718496 -120.1718515 915.0 1
172.0 0 0 16 0 0 0 0 50.1718495 -120.1704519 919.0151367 1
173.0 0 0 16 0 0 0 0 50.1710536 -120.1704556 921.081543 1
174.0 0 0 16 0 0 0 0 50.16993 -120.1704609 920.6530151 1
175.0 0 0 16 0 0 0 0 50.1688063 -120.1704662 919.4372559 1
176.0 0 0 16 0 0 0 0 50.1676827 -120.1704715 915.9334717 1
177.0 0 0 16 0 0 0 0 50.166559 -120.1704768 904.7753906 1
178.0 0 0 16 0 0 0 0 50.1654354 -120.1704821 897.8419189 1
179.0 0 0 16 0 0 0 0 50.1643117 -120.1704874 895.5317383 1
180.0 0 0 16 0 0 0 0 50.163188 -120.1704927 909.2166748 1
181.0 0 0 16 0 0 0 0 50.1620644 -120.170498 917.6849365 1
182.0 0 0 16 0 0 0 0 50.1609407 -120.1705033 922.0 1
183.0 0 0 16 0 0 0 0 50.1598171 -120.1705086 917.8226929 1
184.0 0 0 16 0 0 0 0 50.1586934 -120.1705139 918.9295654 1
185.0 0 0 16 0 0 0 0 50.1575698 -120.1705192 928.9315796 1
186.0 0 0 16 0 0 0 0 50.1564461 -120.1705245 925.4320679 1
187.0 0 0 16 0 0 0 0 50.1553224 -120.1705297 936.0656738 1
188.0 0 0 16 0 0 0 0 50.1541988 -120.170535 951.2316284 1
189.0 0 0 16 0 0 0 0 50.1535247 -120.1705382 956.1236572 1
190.0 0 0 16 0 0 0 0 50.1528506 -120.1705414 958.3657837 1
190.0 0 0 20 0 0 0 0 50.1528506 -120.1705414 958.3657837 1
