701221.3968671365 5559424.5710976459 0.0000000000 1.0000000000 0.0000000000 -268.0000000000 1.0000000000
701218.7336158918 5559500.8366348473 0.0000000000 1.0000000000 1.0000000000 -268.0000000000 1.0000000000
701216.0703646468 5559577.1021720488 0.0000000000 1.0000000000 2.0000000000 -268.0000000000 1.0000000000
701211.7079275590 5559702.0260254266 0.0000000000 1.0000000000 3.0000000000 -268.0000000000 1.0000000000
701207.3454904712 5559826.9498788053 0.0000000000 1.0000000000 4.0000000000 -268.0000000000 1.0000000000
701202.9830533834 5559951.8737321822 0.0000000000 1.0000000000 5.0000000000 -268.0000000000 1.0000000000
701198.6206162956 5560076.7975855600 0.0000000000 1.0000000000 6.0000000000 -268.0000000000 1.0000000000
701194.2581792078 5560201.7214389378 0.0000000000 1.0000000000 7.0000000000 -268.0000000000 1.0000000000
701189.8957421200 5560326.6452923166 0.0000000000 1.0000000000 8.0000000000 -268.0000000000 1.0000000000
701185.5333050322 5560451.5691456925 0.0000000000 1.0000000000 9.0000000000 -268.0000000000 1.0000000000
701181.1708679444 5560576.4929990713 0.0000000000 1.0000000000 10.0000000000 -268.0000000000 1.0000000000
701176.8084308566 5560701.4168524491 0.0000000000 1.0000000000 11.0000000000 -268.0000000000 1.0000000000
701172.4459937686 5560826.3407058259 0.0000000000 1.0000000000 12.0000000000 -268.0000000000 1.0000000000
701168.0835566809 5560951.2645592047 0.0000000000 1.0000000000 13.0000000000 -268.0000000000 1.0000000000
701163.7211195931 5561076.1884125834 0.0000000000 1.0000000000 14.0000000000 -268.0000000000 1.0000000000
701159.3586825053 5561201.1122659603 0.0000000000 1.0000000000 15.0000000000 -268.0000000000 1.0000000000
701154.9962454175 5561326.0361193372 0.0000000000 1.0000000000 16.0000000000 -268.0000000000 1.0000000000
701150.6338083297 5561450.9599727159 0.0000000000 1.0000000000 17.0000000000 -268.0000000000 1.0000000000
701147.6365396092 5561536.7905189553 0.0000000000 1.0000000000 18.0000000000 -268.0000000000 1.0000000000
701247.5653309277 5561540.5751752835 0.0000000000 2.0000000000 19.0000000000 -88.0000000000 1.0000000000
701250.5728910315 5561454.4499223866 0.0000000000 2.0000000000 20.0000000000 -448.0000000000 1.0000000000
701254.9353281193 5561329.5260690087 0.0000000000 2.0000000000 21.0000000000 -448.0000000000 1.0000000000
701259.2977652072 5561204.6022156309 0.0000000000 2.0000000000 22.0000000000 -448.0000000000 1.0000000000
701263.6602022951 5561079.6783622522 0.0000000000 2.0000000000 23.0000000000 -448.0000000000 1.0000000000
701268.0226393829 5560954.7545088753 0.0000000000 2.0000000000 24.0000000000 -448.0000000000 1.0000000000
701272.3850764707 5560829.8306554975 0.0000000000 2.0000000000 25.0000000000 -448.0000000000 1.0000000000
701276.7475135585 5560704.9068021197 0.0000000000 2.0000000000 26.0000000000 -448.0000000000 1.0000000000
701281.1099506463 5560579.9829487419 0.0000000000 2.0000000000 27.0000000000 -448.0000000000 1.0000000000
701285.4723877341 5560455.0590953641 0.0000000000 2.0000000000 28.0000000000 -448.0000000000 1.0000000000
701289.8348248219 5560330.1352419853 0.0000000000 2.0000000000 29.0000000000 -448.0000000000 1.0000000000
701294.1972619097 5560205.2113886084 0.0000000000 2.0000000000 30.0000000000 -448.0000000000 1.0000000000
701298.5596989975 5560080.2875352316 0.0000000000 2.0000000000 31.0000000000 -448.0000000000 1.0000000000
701302.9221360853 5559955.3636818528 0.0000000000 2.0000000000 32.0000000000 -448.0000000000 1.0000000000
701307.2845731732 5559830.4398284750 0.0000000000 2.0000000000 33.0000000000 -448.0000000000 1.0000000000
701311.6470102610 5559705.5159750972 0.0000000000 2.0000000000 34.0000000000 -448.0000000000 1.0000000000
701316.0094473489 5559580.5921217203 0.0000000000 2.0000000000 35.0000000000 -448.0000000000 1.0000000000
701318.6675702926 5559504.4734398462 0.0000000000 2.0000000000 36.0000000000 -448.0000000000 1.0000000000
701321.3256932363 5559428.3547579721 0.0000000000 2.0000000000 37.0000000000 -448.0000000000 1.0000000000
701421.2545193357 5559432.1384183085 0.0000000000 3.0000000000 38.0000000000 -268.0000000000 1.0000000000
701418.6015246932 5559508.1102448497 0.0000000000 3.0000000000 39.0000000000 -268.0000000000 1.0000000000
701415.9485300507 5559584.0820713909 0.0000000000 3.0000000000 40.0000000000 -268.0000000000 1.0000000000
701411.5860929629 5559709.0059247678 0.0000000000 3.0000000000 41.0000000000 -268.0000000000 1.0000000000
701407.2236558751 5559833.9297781456 0.0000000000 3.0000000000 42.0000000000 -268.0000000000 1.0000000000
701402.8612187873 5559958.8536315234 0.0000000000 3.0000000000 43.0000000000 -268.0000000000 1.0000000000
701398.4987816996 5560083.7774849003 0.0000000000 3.0000000000 44.0000000000 -268.0000000000 1.0000000000
701394.1363446115 5560208.7013382791 0.0000000000 3.0000000000 45.0000000000 -268.0000000000 1.0000000000
701389.7739075238 5560333.6251916569 0.0000000000 3.0000000000 46.0000000000 -268.0000000000 1.0000000000
701385.4114704360 5560458.5490450347 0.0000000000 3.0000000000 47.0000000000 -268.0000000000 1.0000000000
701381.0490333482 5560583.4728984125 0.0000000000 3.0000000000 48.0000000000 -268.0000000000 1.0000000000
701376.6865962604 5560708.3967517903 0.0000000000 3.0000000000 49.0000000000 -268.0000000000 1.0000000000
701372.3241591726 5560833.3206051681 0.0000000000 3.0000000000 50.0000000000 -268.0000000000 1.0000000000
701367.9617220848 5560958.2444585459 0.0000000000 3.0000000000 51.0000000000 -268.0000000000 1.0000000000
701363.5992849970 5561083.1683119237 0.0000000000 3.0000000000 52.0000000000 -268.0000000000 1.0000000000
701359.2368479092 5561208.0921653016 0.0000000000 3.0000000000 53.0000000000 -268.0000000000 1.0000000000
701354.8744108214 5561333.0160186803 0.0000000000 3.0000000000 54.0000000000 -268.0000000000 1.0000000000
701350.5119737335 5561457.9398720572 0.0000000000 3.0000000000 55.0000000000 -268.0000000000 1.0000000000
701347.4941222465 5561544.3598316116 0.0000000000 3.0000000000 56.0000000000 -268.0000000000 1.0000000000
701447.4229135652 5561548.1444879398 0.0000000000 4.0000000000 57.0000000000 -88.0000000000 1.0000000000
701450.4510564355 5561461.4298217278 0.0000000000 4.0000000000 58.0000000000 -448.0000000000 1.0000000000
701454.8134935233 5561336.5059683509 0.0000000000 4.0000000000 59.0000000000 -448.0000000000 1.0000000000
701459.1759306111 5561211.5821149722 0.0000000000 4.0000000000 60.0000000000 -448.0000000000 1.0000000000
701463.5383676989 5561086.6582615934 0.0000000000 4.0000000000 61.0000000000 -448.0000000000 1.0000000000
701467.9008047867 5560961.7344082166 0.0000000000 4.0000000000 62.0000000000 -448.0000000000 1.0000000000
701472.2632418745 5560836.8105548397 0.0000000000 4.0000000000 63.0000000000 -448.0000000000 1.0000000000
701476.6256789622 5560711.8867014609 0.0000000000 4.0000000000 64.0000000000 -448.0000000000 1.0000000000
701480.9881160500 5560586.9628480831 0.0000000000 4.0000000000 65.0000000000 -448.0000000000 1.0000000000
701485.3505531379 5560462.0389947053 0.0000000000 4.0000000000 66.0000000000 -448.0000000000 1.0000000000
701489.7129902258 5560337.1151413284 0.0000000000 4.0000000000 67.0000000000 -448.0000000000 1.0000000000
701494.0754273136 5560212.1912879497 0.0000000000 4.0000000000 68.0000000000 -448.0000000000 1.0000000000
701498.4378644014 5560087.2674345719 0.0000000000 4.0000000000 69.0000000000 -448.0000000000 1.0000000000
701502.8003014892 5559962.3435811941 0.0000000000 4.0000000000 70.0000000000 -448.0000000000 1.0000000000
701507.1627385770 5559837.4197278162 0.0000000000 4.0000000000 71.0000000000 -448.0000000000 1.0000000000
701511.5251756648 5559712.4958744384 0.0000000000 4.0000000000 72.0000000000 -448.0000000000 1.0000000000
701515.8876127526 5559587.5720210606 0.0000000000 4.0000000000 73.0000000000 -448.0000000000 1.0000000000
701518.5354790940 5559511.7470498485 0.0000000000 4.0000000000 74.0000000000 -448.0000000000 1.0000000000
701521.1833454354 5559435.9220786365 0.0000000000 4.0000000000 75.0000000000 -448.0000000000 1.0000000000
701621.1121715349 5559439.7057389710 0.0000000000 5.0000000000 76.0000000000 -268.0000000000 1.0000000000
701618.4694334947 5559515.3838548511 0.0000000000 5.0000000000 77.0000000000 -268.0000000000 1.0000000000
701615.8266954545 5559591.0619707312 0.0000000000 5.0000000000 78.0000000000 -268.0000000000 1.0000000000
701611.4642583667 5559715.9858241091 0.0000000000 5.0000000000 79.0000000000 -268.0000000000 1.0000000000
701607.1018212789 5559840.9096774878 0.0000000000 5.0000000000 80.0000000000 -268.0000000000 1.0000000000
701602.7393841911 5559965.8335308647 0.0000000000 5.0000000000 81.0000000000 -268.0000000000 1.0000000000
701598.3769471033 5560090.7573842425 0.0000000000 5.0000000000 82.0000000000 -268.0000000000 1.0000000000
701594.0145100155 5560215.6812376203 0.0000000000 5.0000000000 83.0000000000 -268.0000000000 1.0000000000
701589.6520729277 5560340.6050909981 0.0000000000 5.0000000000 84.0000000000 -268.0000000000 1.0000000000
701585.2896358399 5560465.5289443759 0.0000000000 5.0000000000 85.0000000000 -268.0000000000 1.0000000000
701580.9271987521 5560590.4527977537 0.0000000000 5.0000000000 86.0000000000 -268.0000000000 1.0000000000
701576.5647616643 5560715.3766511315 0.0000000000 5.0000000000 87.0000000000 -268.0000000000 1.0000000000
701572.2023245764 5560840.3005045084 0.0000000000 5.0000000000 88.0000000000 -268.0000000000 1.0000000000
701567.8398874886 5560965.2243578872 0.0000000000 5.0000000000 89.0000000000 -268.0000000000 1.0000000000
701563.4774504008 5561090.1482112650 0.0000000000 5.0000000000 90.0000000000 -268.0000000000 1.0000000000
701559.1150133130 5561215.0720646428 0.0000000000 5.0000000000 91.0000000000 -268.0000000000 1.0000000000
701554.7525762252 5561339.9959180206 0.0000000000 5.0000000000 92.0000000000 -268.0000000000 1.0000000000
701550.3901391374 5561464.9197713984 0.0000000000 5.0000000000 93.0000000000 -268.0000000000 1.0000000000
701547.3517048840 5561551.9291442642 0.0000000000 5.0000000000 94.0000000000 -268.0000000000 1.0000000000
701647.2804962025 5561555.7138005961 0.0000000000 6.0000000000 95.0000000000 -88.0000000000 1.0000000000
701650.3292218393 5561468.4097210690 0.0000000000 6.0000000000 96.0000000000 -448.0000000000 1.0000000000
701654.6916589271 5561343.4858676912 0.0000000000 6.0000000000 97.0000000000 -448.0000000000 1.0000000000
701659.0540960149 5561218.5620143134 0.0000000000 6.0000000000 98.0000000000 -448.0000000000 1.0000000000
701663.4165331027 5561093.6381609365 0.0000000000 6.0000000000 99.0000000000 -448.0000000000 1.0000000000
701667.7789701907 5560968.7143075578 0.0000000000 6.0000000000 100.0000000000 -448.0000000000 1.0000000000
701672.1414072785 5560843.7904541800 0.0000000000 6.0000000000 101.0000000000 -448.0000000000 1.0000000000
701676.5038443662 5560718.8666008022 0.0000000000 6.0000000000 102.0000000000 -448.0000000000 1.0000000000
701680.8662814540 5560593.9427474234 0.0000000000 6.0000000000 103.0000000000 -448.0000000000 1.0000000000
701685.2287185418 5560469.0188940484 0.0000000000 6.0000000000 104.0000000000 -448.0000000000 1.0000000000
701689.5911556296 5560344.0950406687 0.0000000000 6.0000000000 105.0000000000 -448.0000000000 1.0000000000
701693.9535927174 5560219.1711872909 0.0000000000 6.0000000000 106.0000000000 -448.0000000000 1.0000000000
701698.3160298052 5560094.2473339122 0.0000000000 6.0000000000 107.0000000000 -448.0000000000 1.0000000000
701702.6784668929 5559969.3234805353 0.0000000000 6.0000000000 108.0000000000 -448.0000000000 1.0000000000
701707.0409039807 5559844.3996271575 0.0000000000 6.0000000000 109.0000000000 -448.0000000000 1.0000000000
701711.4033410687 5559719.4757737797 0.0000000000 6.0000000000 110.0000000000 -448.0000000000 1.0000000000
701715.7657781565 5559594.5519204019 0.0000000000 6.0000000000 111.0000000000 -448.0000000000 1.0000000000
701718.4033878957 5559519.0206598509 0.0000000000 6.0000000000 112.0000000000 -448.0000000000 1.0000000000
701721.0409976346 5559443.4893993000 0.0000000000 6.0000000000 113.0000000000 -448.0000000000 1.0000000000
701820.9698237344 5559447.2730596289 0.0000000000 7.0000000000 114.0000000000 -268.0000000000 1.0000000000
701818.3373422964 5559522.6574648507 0.0000000000 7.0000000000 115.0000000000 -268.0000000000 1.0000000000
701815.7048608584 5559598.0418700725 0.0000000000 7.0000000000 116.0000000000 -268.0000000000 1.0000000000
701811.3424237706 5559722.9657234494 0.0000000000 7.0000000000 117.0000000000 -268.0000000000 1.0000000000
701806.9799866828 5559847.8895768281 0.0000000000 7.0000000000 118.0000000000 -268.0000000000 1.0000000000
701802.6175495950 5559972.8134302059 0.0000000000 7.0000000000 119.0000000000 -268.0000000000 1.0000000000
701798.2551125071 5560097.7372835837 0.0000000000 7.0000000000 120.0000000000 -268.0000000000 1.0000000000
701793.8926754193 5560222.6611369615 0.0000000000 7.0000000000 121.0000000000 -268.0000000000 1.0000000000
701789.5302383315 5560347.5849903394 0.0000000000 7.0000000000 122.0000000000 -268.0000000000 1.0000000000
701785.1678012437 5560472.5088437172 0.0000000000 7.0000000000 123.0000000000 -268.0000000000 1.0000000000
701780.8053641559 5560597.4326970950 0.0000000000 7.0000000000 124.0000000000 -268.0000000000 1.0000000000
701776.4429270681 5560722.3565504728 0.0000000000 7.0000000000 125.0000000000 -268.0000000000 1.0000000000
701772.0804899803 5560847.2804038506 0.0000000000 7.0000000000 126.0000000000 -268.0000000000 1.0000000000
701767.7180528925 5560972.2042572284 0.0000000000 7.0000000000 127.0000000000 -268.0000000000 1.0000000000
701763.3556158047 5561097.1281106062 0.0000000000 7.0000000000 128.0000000000 -268.0000000000 1.0000000000
701758.9931787169 5561222.0519639840 0.0000000000 7.0000000000 129.0000000000 -268.0000000000 1.0000000000
701754.6307416291 5561346.9758173618 0.0000000000 7.0000000000 130.0000000000 -268.0000000000 1.0000000000
701750.2683045411 5561471.8996707397 0.0000000000 7.0000000000 131.0000000000 -268.0000000000 1.0000000000
701747.2092875212 5561559.4984569205 0.0000000000 7.0000000000 132.0000000000 -268.0000000000 1.0000000000
701847.1380788399 5561563.2831132514 0.0000000000 8.0000000000 133.0000000000 -88.0000000000 1.0000000000
701850.2073872432 5561475.3896204084 0.0000000000 8.0000000000 134.0000000000 -448.0000000000 1.0000000000
701854.5698243310 5561350.4657670325 0.0000000000 8.0000000000 135.0000000000 -448.0000000000 1.0000000000
701858.9322614188 5561225.5419136547 0.0000000000 8.0000000000 136.0000000000 -448.0000000000 1.0000000000
701863.2946985066 5561100.6180602768 0.0000000000 8.0000000000 137.0000000000 -448.0000000000 1.0000000000
701867.6571355944 5560975.6942068990 0.0000000000 8.0000000000 138.0000000000 -448.0000000000 1.0000000000
701872.0195726822 5560850.7703535203 0.0000000000 8.0000000000 139.0000000000 -448.0000000000 1.0000000000
701876.3820097700 5560725.8465001434 0.0000000000 8.0000000000 140.0000000000 -448.0000000000 1.0000000000
701880.7444468578 5560600.9226467656 0.0000000000 8.0000000000 141.0000000000 -448.0000000000 1.0000000000
701885.1068839456 5560475.9987933878 0.0000000000 8.0000000000 142.0000000000 -448.0000000000 1.0000000000
701889.4693210336 5560351.0749400090 0.0000000000 8.0000000000 143.0000000000 -448.0000000000 1.0000000000
701893.8317581214 5560226.1510866322 0.0000000000 8.0000000000 144.0000000000 -448.0000000000 1.0000000000
701898.1941952091 5560101.2272332544 0.0000000000 8.0000000000 145.0000000000 -448.0000000000 1.0000000000
701902.5566322969 5559976.3033798765 0.0000000000 8.0000000000 146.0000000000 -448.0000000000 1.0000000000
701906.9190693847 5559851.3795264978 0.0000000000 8.0000000000 147.0000000000 -448.0000000000 1.0000000000
701911.2815064725 5559726.4556731209 0.0000000000 8.0000000000 148.0000000000 -448.0000000000 1.0000000000
701915.6439435603 5559601.5318197431 0.0000000000 8.0000000000 149.0000000000 -448.0000000000 1.0000000000
701918.2712966971 5559526.2942698542 0.0000000000 8.0000000000 150.0000000000 -448.0000000000 1.0000000000
701920.8986498339 5559451.0567199653 0.0000000000 8.0000000000 151.0000000000 -448.0000000000 1.0000000000
702020.8274759336 5559454.8403802942 0.0000000000 9.0000000000 152.0000000000 -268.0000000000 1.0000000000
702018.2052510979 5559529.9310748540 0.0000000000 9.0000000000 153.0000000000 -268.0000000000 1.0000000000
702015.5830262622 5559605.0217694137 0.0000000000 9.0000000000 154.0000000000 -268.0000000000 1.0000000000
702011.2205891744 5559729.9456227915 0.0000000000 9.0000000000 155.0000000000 -268.0000000000 1.0000000000
702006.8581520866 5559854.8694761684 0.0000000000 9.0000000000 156.0000000000 -268.0000000000 1.0000000000
702002.4957149988 5559979.7933295472 0.0000000000 9.0000000000 157.0000000000 -268.0000000000 1.0000000000
701998.1332779110 5560104.7171829250 0.0000000000 9.0000000000 158.0000000000 -268.0000000000 1.0000000000
701993.7708408232 5560229.6410363028 0.0000000000 9.0000000000 159.0000000000 -268.0000000000 1.0000000000
701989.4084037354 5560354.5648896806 0.0000000000 9.0000000000 160.0000000000 -268.0000000000 1.0000000000
701985.0459666476 5560479.4887430575 0.0000000000 9.0000000000 161.0000000000 -268.0000000000 1.0000000000
701980.6835295598 5560604.4125964362 0.0000000000 9.0000000000 162.0000000000 -268.0000000000 1.0000000000
701976.3210924718 5560729.3364498140 0.0000000000 9.0000000000 163.0000000000 -268.0000000000 1.0000000000
701971.9586553840 5560854.2603031918 0.0000000000 9.0000000000 164.0000000000 -268.0000000000 1.0000000000
701967.5962182963 5560979.1841565697 0.0000000000 9.0000000000 165.0000000000 -268.0000000000 1.0000000000
701963.2337812085 5561104.1080099484 0.0000000000 9.0000000000 166.0000000000 -268.0000000000 1.0000000000
701958.8713441207 5561229.0318633253 0.0000000000 9.0000000000 167.0000000000 -268.0000000000 1.0000000000
701954.5089070329 5561353.9557167031 0.0000000000 9.0000000000 168.0000000000 -268.0000000000 1.0000000000
701950.1464699451 5561478.8795700809 0.0000000000 9.0000000000 169.0000000000 -268.0000000000 1.0000000000
701947.0668701587 5561567.0677695768 0.0000000000 9.0000000000 170.0000000000 -268.0000000000 1.0000000000
702046.9956614774 5561570.8524259003 0.0000000000 10.0000000000 171.0000000000 -88.0000000000 1.0000000000
702050.0855526470 5561482.3695197515 0.0000000000 10.0000000000 172.0000000000 -448.0000000000 1.0000000000
702054.4479897348 5561357.4456663737 0.0000000000 10.0000000000 173.0000000000 -448.0000000000 1.0000000000
702058.8104268226 5561232.5218129959 0.0000000000 10.0000000000 174.0000000000 -448.0000000000 1.0000000000
702063.1728639104 5561107.5979596172 0.0000000000 10.0000000000 175.0000000000 -448.0000000000 1.0000000000
702067.5353009983 5560982.6741062403 0.0000000000 10.0000000000 176.0000000000 -448.0000000000 1.0000000000
702071.8977380861 5560857.7502528634 0.0000000000 10.0000000000 177.0000000000 -448.0000000000 1.0000000000
702076.2601751739 5560732.8263994846 0.0000000000 10.0000000000 178.0000000000 -448.0000000000 1.0000000000
702080.6226122617 5560607.9025461059 0.0000000000 10.0000000000 179.0000000000 -448.0000000000 1.0000000000
702084.9850493495 5560482.9786927290 0.0000000000 10.0000000000 180.0000000000 -448.0000000000 1.0000000000
702089.3474864373 5560358.0548393512 0.0000000000 10.0000000000 181.0000000000 -448.0000000000 1.0000000000
702093.7099235251 5560233.1309859725 0.0000000000 10.0000000000 182.0000000000 -448.0000000000 1.0000000000
702098.0723606129 5560108.2071325965 0.0000000000 10.0000000000 183.0000000000 -448.0000000000 1.0000000000
702102.4347977007 5559983.2832792178 0.0000000000 10.0000000000 184.0000000000 -448.0000000000 1.0000000000
702106.7972347885 5559858.3594258400 0.0000000000 10.0000000000 185.0000000000 -448.0000000000 1.0000000000
702111.1596718763 5559733.4355724622 0.0000000000 10.0000000000 186.0000000000 -448.0000000000 1.0000000000
702115.5221089643 5559608.5117190834 0.0000000000 10.0000000000 187.0000000000 -448.0000000000 1.0000000000
702118.1392054989 5559533.5678798547 0.0000000000 10.0000000000 188.0000000000 -88.0000000000 1.0000000000
702120.7563020334 5559458.6240406260 0.0000000000 10.0000000000 189.0000000000 -88.0000000000 1.0000000000
