-120.1831332 50.1528506 943.2623291 38.1758080 0.0000000 1.0000000
-120.1831301 50.1535366 944.2510986 38.1758080 1.0000000 1.0000000
-120.1831271 50.1542226 947.2644653 38.1758080 2.0000000 1.0000000
-120.1831221 50.1553462 953.3323975 38.1758080 3.0000000 1.0000000
-120.1831171 50.1564699 936.4037476 38.1758080 4.0000000 1.0000000
-120.1831121 50.1575935 931.4678955 38.1758080 5.0000000 1.0000000
-120.1831071 50.1587172 925.2941895 38.1758080 6.0000000 1.0000000
-120.1831021 50.1598409 915.8587646 38.1758080 7.0000000 1.0000000
-120.1830971 50.1609645 918.4303589 38.1758080 8.0000000 1.0000000
-120.1830921 50.1620882 926.4307861 38.1758080 9.0000000 1.0000000
-120.1830871 50.1632119 923.6750488 38.1758080 10.0000000 1.0000000
-120.1830821 50.1643355 912.1303101 38.1758080 11.0000000 1.0000000
-120.1830771 50.1654592 899.8543091 38.1758080 12.0000000 1.0000000
-120.1830721 50.1665828 893.5264282 38.1758080 13.0000000 1.0000000
-120.1830671 50.1677065 898.9920654 38.1758080 14.0000000 1.0000000
-120.1830621 50.1688302 904.0744019 38.1758080 15.0000000 1.0000000
-120.1830571 50.1699538 925.6641235 38.1758080 16.0000000 1.0000000
-120.1830521 50.1710775 958.8095093 38.1758080 17.0000000 1.0000000
-120.1830487 50.1718495 955.5533447 38.1758080 18.0000000 1.0000000
-120.1816490 50.1718496 944.6235352 38.1758080 19.0000000 2.0000000
-120.1816525 50.1710749 955.6578979 38.1758080 20.0000000 2.0000000
-120.1816575 50.1699512 943.4464111 38.1758080 21.0000000 2.0000000
-120.1816626 50.1688276 921.5848999 38.1758080 22.0000000 2.0000000
-120.1816676 50.1677039 903.2144165 38.1758080 23.0000000 2.0000000
-120.1816727 50.1665803 897.5019531 38.1758080 24.0000000 2.0000000
-120.1816777 50.1654566 903.9846191 38.1758080 25.0000000 2.0000000
-120.1816827 50.1643329 907.5991821 38.1758080 26.0000000 2.0000000
-120.1816878 50.1632093 915.0513916 38.1758080 27.0000000 2.0000000
-120.1816928 50.1620856 921.7756348 38.1758080 28.0000000 2.0000000
-120.1816978 50.1609620 928.2927856 38.1758080 29.0000000 2.0000000
-120.1817028 50.1598383 926.8375244 38.1758080 30.0000000 2.0000000
-120.1817079 50.1587146 930.1173706 38.1758080 31.0000000 2.0000000
-120.1817129 50.1575910 934.8549805 38.1758080 32.0000000 2.0000000
-120.1817179 50.1564673 933.1522217 38.1758080 33.0000000 2.0000000
-120.1817230 50.1553436 947.1727295 38.1758080 34.0000000 2.0000000
-120.1817280 50.1542200 940.0000000 38.1758080 35.0000000 2.0000000
-120.1817310 50.1535353 942.8304443 38.1758080 36.0000000 2.0000000
-120.1817341 50.1528506 943.0000000 38.1758080 37.0000000 2.0000000
-120.1803350 50.1528507 939.0000000 38.1758080 38.0000000 3.0000000
-120.1803319 50.1535340 939.1762695 38.1758080 39.0000000 3.0000000
-120.1803289 50.1542174 938.7438354 38.1758080 40.0000000 3.0000000
-120.1803238 50.1553411 935.0905762 38.1758080 41.0000000 3.0000000
-120.1803187 50.1564647 932.5841064 38.1758080 42.0000000 3.0000000
-120.1803137 50.1575884 936.0700073 38.1758080 43.0000000 3.0000000
-120.1803086 50.1587120 933.3516846 38.1758080 44.0000000 3.0000000
-120.1803036 50.1598357 925.7895508 38.1758080 45.0000000 3.0000000
-120.1802985 50.1609594 926.7814941 38.1758080 46.0000000 3.0000000
-120.1802934 50.1620830 932.4089966 38.1758080 47.0000000 3.0000000
-120.1802884 50.1632067 938.0911865 38.1758080 48.0000000 3.0000000
-120.1802833 50.1643303 923.9564209 38.1758080 49.0000000 3.0000000
-120.1802782 50.1654540 906.2286987 38.1758080 50.0000000 3.0000000
-120.1802732 50.1665777 902.0836182 38.1758080 51.0000000 3.0000000
-120.1802681 50.1677013 907.1262817 38.1758080 52.0000000 3.0000000
-120.1802630 50.1688250 930.3515625 38.1758080 53.0000000 3.0000000
-120.1802580 50.1699486 952.0779419 38.1758080 54.0000000 3.0000000
-120.1802529 50.1710723 978.4044800 38.1758080 55.0000000 3.0000000
-120.1802494 50.1718496 969.9088745 38.1758080 56.0000000 3.0000000
-120.1788497 50.1718497 975.1817017 38.1758080 57.0000000 4.0000000
-120.1788533 50.1710697 991.7892456 38.1758080 58.0000000 4.0000000
-120.1788584 50.1699460 963.8773804 38.1758080 59.0000000 4.0000000
-120.1788635 50.1688224 924.3731079 38.1758080 60.0000000 4.0000000
-120.1788686 50.1676987 907.0268555 38.1758080 61.0000000 4.0000000
-120.1788737 50.1665750 903.0000000 38.1758080 62.0000000 4.0000000
-120.1788788 50.1654514 908.1107178 38.1758080 63.0000000 4.0000000
-120.1788839 50.1643277 924.8314819 38.1758080 64.0000000 4.0000000
-120.1788890 50.1632041 937.2767334 38.1758080 65.0000000 4.0000000
-120.1788941 50.1620804 944.6425781 38.1758080 66.0000000 4.0000000
-120.1788992 50.1609567 937.4685669 38.1758080 67.0000000 4.0000000
-120.1789043 50.1598331 928.3466797 38.1758080 68.0000000 4.0000000
-120.1789094 50.1587094 922.1911621 38.1758080 69.0000000 4.0000000
-120.1789145 50.1575858 925.8379517 38.1758080 70.0000000 4.0000000
-120.1789196 50.1564621 931.9486084 38.1758080 71.0000000 4.0000000
-120.1789246 50.1553384 930.0226440 38.1758080 72.0000000 4.0000000
-120.1789297 50.1542148 930.5185547 38.1758080 73.0000000 4.0000000
-120.1789328 50.1535328 933.4829102 38.1758080 74.0000000 4.0000000
-120.1789359 50.1528507 937.8294067 38.1758080 75.0000000 4.0000000
-120.1775368 50.1528507 955.6815796 38.1758080 76.0000000 5.0000000
-120.1775337 50.1535315 953.7523193 38.1758080 77.0000000 5.0000000
-120.1775306 50.1542122 943.5471802 38.1758080 78.0000000 5.0000000
-120.1775255 50.1553358 923.1645508 38.1758080 79.0000000 5.0000000
-120.1775204 50.1564595 923.0700684 38.1758080 80.0000000 5.0000000
-120.1775152 50.1575831 928.5405273 38.1758080 81.0000000 5.0000000
-120.1775101 50.1587068 930.7381592 38.1758080 82.0000000 5.0000000
-120.1775050 50.1598305 933.1910400 38.1758080 83.0000000 5.0000000
-120.1774999 50.1609541 938.4998169 38.1758080 84.0000000 5.0000000
-120.1774947 50.1620778 938.6484985 38.1758080 85.0000000 5.0000000
-120.1774896 50.1632014 933.7901611 38.1758080 86.0000000 5.0000000
-120.1774845 50.1643251 924.8403320 38.1758080 87.0000000 5.0000000
-120.1774793 50.1654488 906.1247559 38.1758080 88.0000000 5.0000000
-120.1774742 50.1665724 902.4657593 38.1758080 89.0000000 5.0000000
-120.1774691 50.1676961 907.0000000 38.1758080 90.0000000 5.0000000
-120.1774639 50.1688197 918.4322510 38.1758080 91.0000000 5.0000000
-120.1774588 50.1699434 960.4124146 38.1758080 92.0000000 5.0000000
-120.1774537 50.1710670 977.8764648 38.1758080 93.0000000 5.0000000
-120.1774501 50.1718497 975.5285034 38.1758080 94.0000000 5.0000000
-120.1760504 50.1718497 945.2883301 38.1758080 95.0000000 6.0000000
-120.1760541 50.1710644 949.8613281 38.1758080 96.0000000 6.0000000
-120.1760592 50.1699407 948.0333252 38.1758080 97.0000000 6.0000000
-120.1760644 50.1688171 926.0162964 38.1758080 98.0000000 6.0000000
-120.1760696 50.1676934 905.3449097 38.1758080 99.0000000 6.0000000
-120.1760747 50.1665698 902.0000000 38.1758080 100.0000000 6.0000000
-120.1760799 50.1654461 903.1908569 38.1758080 101.0000000 6.0000000
-120.1760851 50.1643225 922.4390869 38.1758080 102.0000000 6.0000000
-120.1760902 50.1631988 928.0872803 38.1758080 103.0000000 6.0000000
-120.1760954 50.1620751 931.2294922 38.1758080 104.0000000 6.0000000
-120.1761006 50.1609515 931.5267334 38.1758080 105.0000000 6.0000000
-120.1761057 50.1598278 931.9221802 38.1758080 106.0000000 6.0000000
-120.1761109 50.1587042 931.0000000 38.1758080 107.0000000 6.0000000
-120.1761160 50.1575805 932.0840454 38.1758080 108.0000000 6.0000000
-120.1761212 50.1564568 930.0000000 38.1758080 109.0000000 6.0000000
-120.1761263 50.1553332 924.9849243 38.1758080 110.0000000 6.0000000
-120.1761315 50.1542095 931.2048340 38.1758080 111.0000000 6.0000000
-120.1761346 50.1535301 940.8428955 38.1758080 112.0000000 6.0000000
-120.1761377 50.1528507 956.1047974 38.1758080 113.0000000 6.0000000
-120.1747386 50.1528507 945.7516479 38.1758080 114.0000000 7.0000000
-120.1747355 50.1535288 933.4069214 38.1758080 115.0000000 7.0000000
-120.1747324 50.1542069 924.8087769 38.1758080 116.0000000 7.0000000
-120.1747272 50.1553305 923.9890747 38.1758080 117.0000000 7.0000000
-120.1747220 50.1564542 923.9921875 38.1758080 118.0000000 7.0000000
-120.1747168 50.1575778 922.2604980 38.1758080 119.0000000 7.0000000
-120.1747116 50.1587015 923.7930298 38.1758080 120.0000000 7.0000000
-120.1747064 50.1598252 929.1601562 38.1758080 121.0000000 7.0000000
-120.1747012 50.1609488 932.0000000 38.1758080 122.0000000 7.0000000
-120.1746960 50.1620725 927.9132080 38.1758080 123.0000000 7.0000000
-120.1746908 50.1631961 925.8241577 38.1758080 124.0000000 7.0000000
-120.1746857 50.1643198 921.2147827 38.1758080 125.0000000 7.0000000
-120.1746805 50.1654434 903.1109619 38.1758080 126.0000000 7.0000000
-120.1746753 50.1665671 902.0972900 38.1758080 127.0000000 7.0000000
-120.1746701 50.1676908 906.7520752 38.1758080 128.0000000 7.0000000
-120.1746649 50.1688144 930.3386841 38.1758080 129.0000000 7.0000000
-120.1746596 50.1699381 945.7949829 38.1758080 130.0000000 7.0000000
-120.1746544 50.1710617 932.3865967 38.1758080 131.0000000 7.0000000
-120.1746508 50.1718497 910.2833252 38.1758080 132.0000000 7.0000000
-120.1732511 50.1718496 909.3522339 38.1758080 133.0000000 8.0000000
-120.1732548 50.1710590 919.4586792 38.1758080 134.0000000 8.0000000
-120.1732601 50.1699354 937.8464355 38.1758080 135.0000000 8.0000000
-120.1732653 50.1688117 933.5424805 38.1758080 136.0000000 8.0000000
-120.1732705 50.1676881 909.8177490 38.1758080 137.0000000 8.0000000
-120.1732758 50.1665644 900.4605713 38.1758080 138.0000000 8.0000000
-120.1732810 50.1654408 898.1394653 38.1758080 139.0000000 8.0000000
-120.1732862 50.1643171 918.5657349 38.1758080 140.0000000 8.0000000
-120.1732915 50.1631935 924.3452759 38.1758080 141.0000000 8.0000000
-120.1732967 50.1620698 927.0000000 38.1758080 142.0000000 8.0000000
-120.1733019 50.1609461 930.0000000 38.1758080 143.0000000 8.0000000
-120.1733072 50.1598225 928.3618164 38.1758080 144.0000000 8.0000000
-120.1733124 50.1586988 920.8831787 38.1758080 145.0000000 8.0000000
-120.1733176 50.1575752 921.0000000 38.1758080 146.0000000 8.0000000
-120.1733228 50.1564515 921.0000000 38.1758080 147.0000000 8.0000000
-120.1733280 50.1553278 923.1012573 38.1758080 148.0000000 8.0000000
-120.1733333 50.1542042 929.1878052 38.1758080 149.0000000 8.0000000
-120.1733364 50.1535274 938.8343506 38.1758080 150.0000000 8.0000000
-120.1733395 50.1528507 954.3187256 38.1758080 151.0000000 8.0000000
-120.1719405 50.1528507 952.2816162 38.1758080 152.0000000 9.0000000
-120.1719373 50.1535261 950.1778564 38.1758080 153.0000000 9.0000000
-120.1719341 50.1542015 947.9353638 38.1758080 154.0000000 9.0000000
-120.1719289 50.1553252 929.9377441 38.1758080 155.0000000 9.0000000
-120.1719236 50.1564488 921.8055420 38.1758080 156.0000000 9.0000000
-120.1719184 50.1575725 921.0000000 38.1758080 157.0000000 9.0000000
-120.1719131 50.1586961 917.8495483 38.1758080 158.0000000 9.0000000
-120.1719079 50.1598198 924.1288452 38.1758080 159.0000000 9.0000000
-120.1719026 50.1609434 927.0719604 38.1758080 160.0000000 9.0000000
-120.1718974 50.1620671 926.0322266 38.1758080 161.0000000 9.0000000
-120.1718921 50.1631908 920.2445068 38.1758080 162.0000000 9.0000000
-120.1718868 50.1643144 902.6680908 38.1758080 163.0000000 9.0000000
-120.1718816 50.1654381 896.7226562 38.1758080 164.0000000 9.0000000
-120.1718763 50.1665617 901.8883057 38.1758080 165.0000000 9.0000000
-120.1718710 50.1676854 913.9042358 38.1758080 166.0000000 9.0000000
-120.1718658 50.1688090 923.2902222 38.1758080 167.0000000 9.0000000
-120.1718605 50.1699327 916.5787354 38.1758080 168.0000000 9.0000000
-120.1718552 50.1710563 911.7906494 38.1758080 169.0000000 9.0000000
-120.1718515 50.1718496 915.0000000 38.1758080 170.0000000 9.0000000
-120.1704519 50.1718495 919.0151367 38.1758080 171.0000000 10.0000000
-120.1704556 50.1710536 921.0815430 38.1758080 172.0000000 10.0000000
-120.1704609 50.1699300 920.6530151 38.1758080 173.0000000 10.0000000
-120.1704662 50.1688063 919.4372559 38.1758080 174.0000000 10.0000000
-120.1704715 50.1676827 915.9334717 38.1758080 175.0000000 10.0000000
-120.1704768 50.1665590 904.7753906 38.1758080 176.0000000 10.0000000
-120.1704821 50.1654354 897.8419189 38.1758080 177.0000000 10.0000000
-120.1704874 50.1643117 895.5317383 38.1758080 178.0000000 10.0000000
-120.1704927 50.1631880 909.2166748 38.1758080 179.0000000 10.0000000
-120.1704980 50.1620644 917.6849365 38.1758080 180.0000000 10.0000000
-120.1705033 50.1609407 922.0000000 38.1758080 181.0000000 10.0000000
-120.1705086 50.1598171 917.8226929 38.1758080 182.0000000 10.0000000
-120.1705139 50.1586934 918.9295654 38.1758080 183.0000000 10.0000000
-120.1705192 50.1575698 928.9315796 38.1758080 184.0000000 10.0000000
-120.1705245 50.1564461 925.4320679 38.1758080 185.0000000 10.0000000
-120.1705297 50.1553224 936.0656738 38.1758080 186.0000000 10.0000000
-120.1705350 50.1541988 951.2316284 38.1758080 187.0000000 10.0000000
-120.1705382 50.1535247 956.1236572 38.1758080 188.0000000 10.0000000
-120.1705414 50.1528506 958.3657837 38.1758080 189.0000000 10.0000000
