-120.4723004 50.1555253 939.7454834 38.1758080 0.0000000 1.0000000
-120.4728736 50.1555249 933.1803589 38.1758080 1.0000000 1.0000000
-120.4734469 50.1555245 926.3964233 38.1758080 2.0000000 1.0000000
-120.4741465 50.1555241 915.6649170 38.1758080 3.0000000 1.0000000
-120.4748462 50.1555236 907.2217407 38.1758080 4.0000000 1.0000000
-120.4755458 50.1555231 899.2474365 38.1758080 5.0000000 1.0000000
-120.4762455 50.1555226 893.1947632 38.1758080 6.0000000 1.0000000
-120.4769451 50.1555221 886.9395752 38.1758080 7.0000000 1.0000000
-120.4776448 50.1555217 878.7469482 38.1758080 8.0000000 1.0000000
-120.4783444 50.1555212 873.3947754 38.1758080 9.0000000 1.0000000
-120.4790441 50.1555207 871.4067993 38.1758080 10.0000000 1.0000000
-120.4797437 50.1555202 877.2459106 38.1758080 11.0000000 1.0000000
-120.4804434 50.1555196 871.8949585 38.1758080 12.0000000 1.0000000
-120.4811430 50.1555191 867.8325195 38.1758080 13.0000000 1.0000000
-120.4818427 50.1555186 864.3674316 38.1758080 14.0000000 1.0000000
-120.4825423 50.1555181 860.3204346 38.1758080 15.0000000 1.0000000
-120.4832420 50.1555176 855.4730835 38.1758080 16.0000000 1.0000000
-120.4839416 50.1555170 845.5067139 38.1758080 17.0000000 1.0000000
-120.4846413 50.1555165 835.1258545 38.1758080 18.0000000 1.0000000
-120.4853410 50.1555160 826.9774170 38.1758080 19.0000000 1.0000000
-120.4860406 50.1555154 818.8831787 38.1758080 20.0000000 1.0000000
-120.4867403 50.1555149 810.6552734 38.1758080 21.0000000 1.0000000
-120.4872200 50.1555145 802.3116455 38.1758080 22.0000000 1.0000000
-120.4876997 50.1555141 793.9704590 38.1758080 23.0000000 1.0000000
-120.4876997 50.1582112 789.7949829 38.1758080 24.0000000 2.0000000
-120.4872225 50.1582116 796.6053467 38.1758080 25.0000000 2.0000000
-120.4867454 50.1582120 802.5828247 38.1758080 26.0000000 2.0000000
-120.4860457 50.1582125 808.5941772 38.1758080 27.0000000 2.0000000
-120.4853460 50.1582130 810.9336548 38.1758080 28.0000000 2.0000000
-120.4846463 50.1582136 810.9119263 38.1758080 29.0000000 2.0000000
-120.4839466 50.1582141 816.1025391 38.1758080 30.0000000 2.0000000
-120.4832469 50.1582146 834.7113647 38.1758080 31.0000000 2.0000000
-120.4825472 50.1582152 838.7944946 38.1758080 32.0000000 2.0000000
-120.4818475 50.1582157 851.5203247 38.1758080 33.0000000 2.0000000
-120.4811478 50.1582162 857.2313232 38.1758080 34.0000000 2.0000000
-120.4804481 50.1582167 857.7902832 38.1758080 35.0000000 2.0000000
-120.4797485 50.1582172 859.1232300 38.1758080 36.0000000 2.0000000
-120.4790488 50.1582177 860.8758545 38.1758080 37.0000000 2.0000000
-120.4783491 50.1582182 858.5039673 38.1758080 38.0000000 2.0000000
-120.4776494 50.1582187 864.8112183 38.1758080 39.0000000 2.0000000
-120.4769497 50.1582192 870.2904053 38.1758080 40.0000000 2.0000000
-120.4762500 50.1582197 877.5484619 38.1758080 41.0000000 2.0000000
-120.4755503 50.1582202 885.6726685 38.1758080 42.0000000 2.0000000
-120.4748506 50.1582207 893.9204102 38.1758080 43.0000000 2.0000000
-120.4741509 50.1582211 903.7584229 38.1758080 44.0000000 2.0000000
-120.4734512 50.1582216 913.7412109 38.1758080 45.0000000 2.0000000
-120.4728758 50.1582220 922.0757446 38.1758080 46.0000000 2.0000000
-120.4723003 50.1582224 929.1613159 38.1758080 47.0000000 2.0000000
-120.4723003 50.1609194 924.8846436 38.1758080 48.0000000 3.0000000
-120.4728779 50.1609190 912.9460449 38.1758080 49.0000000 3.0000000
-120.4734556 50.1609187 899.4880371 38.1758080 50.0000000 3.0000000
-120.4741553 50.1609182 881.6583862 38.1758080 51.0000000 3.0000000
-120.4748551 50.1609177 870.6795044 38.1758080 52.0000000 3.0000000
-120.4755548 50.1609172 860.5557251 38.1758080 53.0000000 3.0000000
-120.4762545 50.1609168 851.5553589 38.1758080 54.0000000 3.0000000
-120.4769542 50.1609163 850.2305908 38.1758080 55.0000000 3.0000000
-120.4776540 50.1609158 848.0446167 38.1758080 56.0000000 3.0000000
-120.4783537 50.1609153 851.9575806 38.1758080 57.0000000 3.0000000
-120.4790534 50.1609148 851.1441040 38.1758080 58.0000000 3.0000000
-120.4797532 50.1609143 851.2720337 38.1758080 59.0000000 3.0000000
-120.4804529 50.1609138 844.2335815 38.1758080 60.0000000 3.0000000
-120.4811526 50.1609133 838.9172363 38.1758080 61.0000000 3.0000000
-120.4818524 50.1609128 839.5041504 38.1758080 62.0000000 3.0000000
-120.4825521 50.1609122 839.5072021 38.1758080 63.0000000 3.0000000
-120.4832518 50.1609117 837.2791748 38.1758080 64.0000000 3.0000000
-120.4839516 50.1609112 820.5559082 38.1758080 65.0000000 3.0000000
-120.4846513 50.1609107 804.1048584 38.1758080 66.0000000 3.0000000
-120.4853510 50.1609101 790.9174194 38.1758080 67.0000000 3.0000000
-120.4860508 50.1609096 782.7649536 38.1758080 68.0000000 3.0000000
-120.4867505 50.1609090 774.0765991 38.1758080 69.0000000 3.0000000
-120.4872251 50.1609087 770.4572144 38.1758080 70.0000000 3.0000000
-120.4876998 50.1609083 765.6644287 38.1758080 71.0000000 3.0000000
-120.4876998 50.1636054 773.3627930 38.1758080 72.0000000 4.0000000
-120.4872277 50.1636057 771.3408203 38.1758080 73.0000000 4.0000000
-120.4867556 50.1636061 768.5949097 38.1758080 74.0000000 4.0000000
-120.4860558 50.1636066 770.8529663 38.1758080 75.0000000 4.0000000
-120.4853560 50.1636072 779.5963135 38.1758080 76.0000000 4.0000000
-120.4846563 50.1636077 784.0047607 38.1758080 77.0000000 4.0000000
-120.4839565 50.1636083 788.8840942 38.1758080 78.0000000 4.0000000
-120.4832567 50.1636088 792.1947021 38.1758080 79.0000000 4.0000000
-120.4825570 50.1636093 799.7848511 38.1758080 80.0000000 4.0000000
-120.4818572 50.1636098 812.5191650 38.1758080 81.0000000 4.0000000
-120.4811574 50.1636103 817.1777954 38.1758080 82.0000000 4.0000000
-120.4804577 50.1636108 822.2512817 38.1758080 83.0000000 4.0000000
-120.4797579 50.1636114 825.9007568 38.1758080 84.0000000 4.0000000
-120.4790581 50.1636119 832.0159302 38.1758080 85.0000000 4.0000000
-120.4783583 50.1636124 841.7919922 38.1758080 86.0000000 4.0000000
-120.4776586 50.1636128 844.4590454 38.1758080 87.0000000 4.0000000
-120.4769588 50.1636133 839.1530762 38.1758080 88.0000000 4.0000000
-120.4762590 50.1636138 835.5562744 38.1758080 89.0000000 4.0000000
-120.4755593 50.1636143 840.9996948 38.1758080 90.0000000 4.0000000
-120.4748595 50.1636148 850.1525879 38.1758080 91.0000000 4.0000000
-120.4741597 50.1636152 860.2191772 38.1758080 92.0000000 4.0000000
-120.4734600 50.1636157 876.6070557 38.1758080 93.0000000 4.0000000
-120.4728801 50.1636161 892.3032227 38.1758080 94.0000000 4.0000000
-120.4723003 50.1636165 908.4320068 38.1758080 95.0000000 4.0000000
-120.4723002 50.1663135 866.0125122 38.1758080 96.0000000 5.0000000
-120.4728823 50.1663132 860.2334595 38.1758080 97.0000000 5.0000000
-120.4734643 50.1663128 853.4544067 38.1758080 98.0000000 5.0000000
-120.4741641 50.1663123 846.2543335 38.1758080 99.0000000 5.0000000
-120.4748639 50.1663118 842.8494263 38.1758080 100.0000000 5.0000000
-120.4755637 50.1663114 844.9738159 38.1758080 101.0000000 5.0000000
-120.4762635 50.1663109 841.9940796 38.1758080 102.0000000 5.0000000
-120.4769633 50.1663104 837.7598267 38.1758080 103.0000000 5.0000000
-120.4776632 50.1663099 833.6802979 38.1758080 104.0000000 5.0000000
-120.4783630 50.1663094 829.6228027 38.1758080 105.0000000 5.0000000
-120.4790628 50.1663089 824.1807861 38.1758080 106.0000000 5.0000000
-120.4797626 50.1663084 817.0644531 38.1758080 107.0000000 5.0000000
-120.4804624 50.1663079 812.9334717 38.1758080 108.0000000 5.0000000
-120.4811622 50.1663074 814.3322144 38.1758080 109.0000000 5.0000000
-120.4818620 50.1663069 811.2025757 38.1758080 110.0000000 5.0000000
-120.4825618 50.1663064 801.4138794 38.1758080 111.0000000 5.0000000
-120.4832616 50.1663058 792.2492065 38.1758080 112.0000000 5.0000000
-120.4839614 50.1663053 790.0000000 38.1758080 113.0000000 5.0000000
-120.4846613 50.1663048 782.0209351 38.1758080 114.0000000 5.0000000
-120.4853611 50.1663043 785.9903564 38.1758080 115.0000000 5.0000000
-120.4860609 50.1663037 783.0000000 38.1758080 116.0000000 5.0000000
-120.4867607 50.1663032 781.7468262 38.1758080 117.0000000 5.0000000
-120.4872303 50.1663028 780.1149902 38.1758080 118.0000000 5.0000000
-120.4876998 50.1663024 777.6291504 38.1758080 119.0000000 5.0000000
-120.4876999 50.1689995 757.1481323 38.1758080 120.0000000 6.0000000
-120.4872328 50.1689999 764.9927979 38.1758080 121.0000000 6.0000000
-120.4867658 50.1690002 767.4318848 38.1758080 122.0000000 6.0000000
-120.4860659 50.1690008 779.1820068 38.1758080 123.0000000 6.0000000
-120.4853661 50.1690013 782.2557983 38.1758080 124.0000000 6.0000000
-120.4846662 50.1690019 785.0000000 38.1758080 125.0000000 6.0000000
-120.4839664 50.1690024 788.0402222 38.1758080 126.0000000 6.0000000
-120.4832665 50.1690029 794.3505859 38.1758080 127.0000000 6.0000000
-120.4825667 50.1690034 800.6122437 38.1758080 128.0000000 6.0000000
-120.4818668 50.1690039 809.4970093 38.1758080 129.0000000 6.0000000
-120.4811670 50.1690045 816.9318848 38.1758080 130.0000000 6.0000000
-120.4804671 50.1690050 822.6822510 38.1758080 131.0000000 6.0000000
-120.4797673 50.1690055 826.2514038 38.1758080 132.0000000 6.0000000
-120.4790674 50.1690060 831.5632324 38.1758080 133.0000000 6.0000000
-120.4783676 50.1690065 836.0531616 38.1758080 134.0000000 6.0000000
-120.4776677 50.1690070 840.3651123 38.1758080 135.0000000 6.0000000
-120.4769679 50.1690075 841.8569336 38.1758080 136.0000000 6.0000000
-120.4762680 50.1690079 841.8767700 38.1758080 137.0000000 6.0000000
-120.4755682 50.1690084 843.9478149 38.1758080 138.0000000 6.0000000
-120.4748683 50.1690089 846.9837036 38.1758080 139.0000000 6.0000000
-120.4741685 50.1690094 846.4395752 38.1758080 140.0000000 6.0000000
-120.4734687 50.1690098 849.3570557 38.1758080 141.0000000 6.0000000
-120.4728844 50.1690102 853.4427490 38.1758080 142.0000000 6.0000000
-120.4723002 50.1690106 858.6448975 38.1758080 143.0000000 6.0000000
-120.4723001 50.1717077 856.4038696 38.1758080 144.0000000 7.0000000
-120.4728866 50.1717073 858.0000000 38.1758080 145.0000000 7.0000000
-120.4734730 50.1717069 856.6948242 38.1758080 146.0000000 7.0000000
-120.4741729 50.1717064 860.7470703 38.1758080 147.0000000 7.0000000
-120.4748728 50.1717060 862.3707886 38.1758080 148.0000000 7.0000000
-120.4755727 50.1717055 859.9218140 38.1758080 149.0000000 7.0000000
-120.4762725 50.1717050 856.3808594 38.1758080 150.0000000 7.0000000
-120.4769724 50.1717045 850.7675171 38.1758080 151.0000000 7.0000000
-120.4776723 50.1717040 842.3807983 38.1758080 152.0000000 7.0000000
-120.4783722 50.1717035 833.6132812 38.1758080 153.0000000 7.0000000
-120.4790721 50.1717030 830.1823120 38.1758080 154.0000000 7.0000000
-120.4797720 50.1717025 825.2688599 38.1758080 155.0000000 7.0000000
-120.4804719 50.1717020 816.5585327 38.1758080 156.0000000 7.0000000
-120.4811718 50.1717015 810.2993164 38.1758080 157.0000000 7.0000000
-120.4818716 50.1717010 804.9115601 38.1758080 158.0000000 7.0000000
-120.4825715 50.1717005 800.4409790 38.1758080 159.0000000 7.0000000
-120.4832714 50.1717000 794.8104858 38.1758080 160.0000000 7.0000000
-120.4839713 50.1716994 784.6488037 38.1758080 161.0000000 7.0000000
-120.4846712 50.1716989 777.3403931 38.1758080 162.0000000 7.0000000
-120.4853711 50.1716984 776.0198975 38.1758080 163.0000000 7.0000000
-120.4860710 50.1716978 770.4824219 38.1758080 164.0000000 7.0000000
-120.4867709 50.1716973 760.5138550 38.1758080 165.0000000 7.0000000
-120.4872354 50.1716969 756.9815063 38.1758080 166.0000000 7.0000000
-120.4876999 50.1716966 752.5510254 38.1758080 167.0000000 7.0000000
