680557.3430851243 5558981.7928042626 0.0000000000 1.0000000000 0.0000000000 -178.0000000000 1.0000000000
680516.4004549726 5558980.3630561130 0.0000000000 1.0000000000 1.0000000000 -178.0000000000 1.0000000000
680475.4578248210 5558978.9333079634 0.0000000000 1.0000000000 2.0000000000 -178.0000000000 1.0000000000
680425.4882834700 5558977.1883331286 0.0000000000 1.0000000000 3.0000000000 -178.0000000000 1.0000000000
680375.5187421191 5558975.4433582937 0.0000000000 1.0000000000 4.0000000000 -178.0000000000 1.0000000000
680325.5492007681 5558973.6983834580 0.0000000000 1.0000000000 5.0000000000 -178.0000000000 1.0000000000
680275.5796594172 5558971.9534086240 0.0000000000 1.0000000000 6.0000000000 -178.0000000000 1.0000000000
680225.6101180662 5558970.2084337892 0.0000000000 1.0000000000 7.0000000000 -178.0000000000 1.0000000000
680175.6405767152 5558968.4634589534 0.0000000000 1.0000000000 8.0000000000 -178.0000000000 1.0000000000
680125.6710353643 5558966.7184841204 0.0000000000 1.0000000000 9.0000000000 -178.0000000000 1.0000000000
680075.7014940133 5558964.9735092847 0.0000000000 1.0000000000 10.0000000000 -178.0000000000 1.0000000000
680025.7319526622 5558963.2285344498 0.0000000000 1.0000000000 11.0000000000 -178.0000000000 1.0000000000
679975.7624113114 5558961.4835596150 0.0000000000 1.0000000000 12.0000000000 -178.0000000000 1.0000000000
679925.7928699604 5558959.7385847801 0.0000000000 1.0000000000 13.0000000000 -178.0000000000 1.0000000000
679875.8233286096 5558957.9936099453 0.0000000000 1.0000000000 14.0000000000 -178.0000000000 1.0000000000
679825.8537872585 5558956.2486351104 0.0000000000 1.0000000000 15.0000000000 -178.0000000000 1.0000000000
679775.8842459075 5558954.5036602765 0.0000000000 1.0000000000 16.0000000000 -178.0000000000 1.0000000000
679725.9147045566 5558952.7586854408 0.0000000000 1.0000000000 17.0000000000 -178.0000000000 1.0000000000
679675.9451632056 5558951.0137106059 0.0000000000 1.0000000000 18.0000000000 -178.0000000000 1.0000000000
679625.9756218547 5558949.2687357711 0.0000000000 1.0000000000 19.0000000000 -178.0000000000 1.0000000000
679576.0060805037 5558947.5237609362 0.0000000000 1.0000000000 20.0000000000 -178.0000000000 1.0000000000
679526.0365391527 5558945.7787861004 0.0000000000 1.0000000000 21.0000000000 -178.0000000000 1.0000000000
679491.7762484446 5558944.5823903857 0.0000000000 1.0000000000 22.0000000000 -178.0000000000 1.0000000000
679457.5159577364 5558943.3859946709 0.0000000000 1.0000000000 23.0000000000 -178.0000000000 1.0000000000
679447.4113716576 5559243.2159980424 0.0000000000 2.0000000000 24.0000000000 2.0000000000 1.0000000000
679481.4890308998 5559244.4060161253 0.0000000000 2.0000000000 25.0000000000 2.0000000000 1.0000000000
679515.5666901420 5559245.5960342083 0.0000000000 2.0000000000 26.0000000000 -358.0000000000 1.0000000000
679565.5362314930 5559247.3410090422 0.0000000000 2.0000000000 27.0000000000 -358.0000000000 1.0000000000
679615.5057728440 5559249.0859838771 0.0000000000 2.0000000000 28.0000000000 -358.0000000000 1.0000000000
679665.4753141949 5559250.8309587119 0.0000000000 2.0000000000 29.0000000000 -358.0000000000 1.0000000000
679715.4448555459 5559252.5759335458 0.0000000000 2.0000000000 30.0000000000 -358.0000000000 1.0000000000
679765.4143968968 5559254.3209083816 0.0000000000 2.0000000000 31.0000000000 -358.0000000000 1.0000000000
679815.3839382478 5559256.0658832164 0.0000000000 2.0000000000 32.0000000000 -358.0000000000 1.0000000000
679865.3534795989 5559257.8108580513 0.0000000000 2.0000000000 33.0000000000 -358.0000000000 1.0000000000
679915.3230209497 5559259.5558328861 0.0000000000 2.0000000000 34.0000000000 -358.0000000000 1.0000000000
679965.2925623007 5559261.3008077210 0.0000000000 2.0000000000 35.0000000000 -358.0000000000 1.0000000000
680015.2621036518 5559263.0457825558 0.0000000000 2.0000000000 36.0000000000 -358.0000000000 1.0000000000
680065.2316450026 5559264.7907573916 0.0000000000 2.0000000000 37.0000000000 -358.0000000000 1.0000000000
680115.2011863536 5559266.5357322255 0.0000000000 2.0000000000 38.0000000000 -358.0000000000 1.0000000000
680165.1707277045 5559268.2807070604 0.0000000000 2.0000000000 39.0000000000 -358.0000000000 1.0000000000
680215.1402690555 5559270.0256818952 0.0000000000 2.0000000000 40.0000000000 -358.0000000000 1.0000000000
680265.1098104065 5559271.7706567291 0.0000000000 2.0000000000 41.0000000000 -358.0000000000 1.0000000000
680315.0793517574 5559273.5156315649 0.0000000000 2.0000000000 42.0000000000 -358.0000000000 1.0000000000
680365.0488931084 5559275.2606063997 0.0000000000 2.0000000000 43.0000000000 -358.0000000000 1.0000000000
680415.0184344593 5559277.0055812346 0.0000000000 2.0000000000 44.0000000000 -358.0000000000 1.0000000000
680464.9879758103 5559278.7505560685 0.0000000000 2.0000000000 45.0000000000 -358.0000000000 1.0000000000
680506.0850877054 5559280.1856988398 0.0000000000 2.0000000000 46.0000000000 -358.0000000000 1.0000000000
680547.1821996005 5559281.6208416112 0.0000000000 2.0000000000 47.0000000000 -358.0000000000 1.0000000000
680537.0213140760 5559581.4488789607 0.0000000000 3.0000000000 48.0000000000 -178.0000000000 1.0000000000
680495.7697204378 5559580.0083415685 0.0000000000 3.0000000000 49.0000000000 -178.0000000000 1.0000000000
680454.5181267996 5559578.5678041764 0.0000000000 3.0000000000 50.0000000000 -178.0000000000 1.0000000000
680404.5485854486 5559576.8228293406 0.0000000000 3.0000000000 51.0000000000 -178.0000000000 1.0000000000
680354.5790440977 5559575.0778545057 0.0000000000 3.0000000000 52.0000000000 -178.0000000000 1.0000000000
680304.6095027467 5559573.3328796709 0.0000000000 3.0000000000 53.0000000000 -178.0000000000 1.0000000000
680254.6399613958 5559571.5879048361 0.0000000000 3.0000000000 54.0000000000 -178.0000000000 1.0000000000
680204.6704200448 5559569.8429300003 0.0000000000 3.0000000000 55.0000000000 -178.0000000000 1.0000000000
680154.7008786938 5559568.0979551664 0.0000000000 3.0000000000 56.0000000000 -178.0000000000 1.0000000000
680104.7313373429 5559566.3529803315 0.0000000000 3.0000000000 57.0000000000 -178.0000000000 1.0000000000
680054.7617959919 5559564.6080054967 0.0000000000 3.0000000000 58.0000000000 -178.0000000000 1.0000000000
680004.7922546411 5559562.8630306618 0.0000000000 3.0000000000 59.0000000000 -178.0000000000 1.0000000000
679954.8227132900 5559561.1180558279 0.0000000000 3.0000000000 60.0000000000 -178.0000000000 1.0000000000
679904.8531719390 5559559.3730809921 0.0000000000 3.0000000000 61.0000000000 -178.0000000000 1.0000000000
679854.8836305881 5559557.6281061573 0.0000000000 3.0000000000 62.0000000000 -178.0000000000 1.0000000000
679804.9140892371 5559555.8831313225 0.0000000000 3.0000000000 63.0000000000 -178.0000000000 1.0000000000
679754.9445478861 5559554.1381564885 0.0000000000 3.0000000000 64.0000000000 -178.0000000000 1.0000000000
679704.9750065352 5559552.3931816528 0.0000000000 3.0000000000 65.0000000000 -178.0000000000 1.0000000000
679655.0054651842 5559550.6482068179 0.0000000000 3.0000000000 66.0000000000 -178.0000000000 1.0000000000
679605.0359238333 5559548.9032319831 0.0000000000 3.0000000000 67.0000000000 -178.0000000000 1.0000000000
679555.0663824823 5559547.1582571482 0.0000000000 3.0000000000 68.0000000000 -178.0000000000 1.0000000000
679505.0968411313 5559545.4132823134 0.0000000000 3.0000000000 69.0000000000 -178.0000000000 1.0000000000
679471.2018133550 5559544.2296418613 0.0000000000 3.0000000000 70.0000000000 -178.0000000000 1.0000000000
679437.3067855786 5559543.0460014092 0.0000000000 3.0000000000 71.0000000000 -178.0000000000 1.0000000000
679427.2021994996 5559842.8760047788 0.0000000000 4.0000000000 72.0000000000 2.0000000000 1.0000000000
679460.9145958101 5559844.0532675991 0.0000000000 4.0000000000 73.0000000000 2.0000000000 1.0000000000
679494.6269921206 5559845.2305304194 0.0000000000 4.0000000000 74.0000000000 -358.0000000000 1.0000000000
679544.5965334716 5559846.9755052542 0.0000000000 4.0000000000 75.0000000000 -358.0000000000 1.0000000000
679594.5660748226 5559848.7204800891 0.0000000000 4.0000000000 76.0000000000 -358.0000000000 1.0000000000
679644.5356161735 5559850.4654549239 0.0000000000 4.0000000000 77.0000000000 -358.0000000000 1.0000000000
679694.5051575245 5559852.2104297597 0.0000000000 4.0000000000 78.0000000000 -358.0000000000 1.0000000000
679744.4746988754 5559853.9554045936 0.0000000000 4.0000000000 79.0000000000 -358.0000000000 1.0000000000
679794.4442402264 5559855.7003794285 0.0000000000 4.0000000000 80.0000000000 -358.0000000000 1.0000000000
679844.4137815774 5559857.4453542633 0.0000000000 4.0000000000 81.0000000000 -358.0000000000 1.0000000000
679894.3833229283 5559859.1903290972 0.0000000000 4.0000000000 82.0000000000 -358.0000000000 1.0000000000
679944.3528642793 5559860.9353039321 0.0000000000 4.0000000000 83.0000000000 -358.0000000000 1.0000000000
679994.3224056303 5559862.6802787678 0.0000000000 4.0000000000 84.0000000000 -358.0000000000 1.0000000000
680044.2919469812 5559864.4252536027 0.0000000000 4.0000000000 85.0000000000 -358.0000000000 1.0000000000
680094.2614883322 5559866.1702284375 0.0000000000 4.0000000000 86.0000000000 -358.0000000000 1.0000000000
680144.2310296831 5559867.9152032714 0.0000000000 4.0000000000 87.0000000000 -358.0000000000 1.0000000000
680194.2005710341 5559869.6601781072 0.0000000000 4.0000000000 88.0000000000 -358.0000000000 1.0000000000
680244.1701123851 5559871.4051529421 0.0000000000 4.0000000000 89.0000000000 -358.0000000000 1.0000000000
680294.1396537360 5559873.1501277769 0.0000000000 4.0000000000 90.0000000000 -358.0000000000 1.0000000000
680344.1091950870 5559874.8951026117 0.0000000000 4.0000000000 91.0000000000 -358.0000000000 1.0000000000
680394.0787364380 5559876.6400774475 0.0000000000 4.0000000000 92.0000000000 -358.0000000000 1.0000000000
680444.0482777889 5559878.3850522814 0.0000000000 4.0000000000 93.0000000000 -358.0000000000 1.0000000000
680485.4543531705 5559879.8309842953 0.0000000000 4.0000000000 94.0000000000 -358.0000000000 1.0000000000
680526.8604285520 5559881.2769163093 0.0000000000 4.0000000000 95.0000000000 -358.0000000000 1.0000000000
680516.6995430278 5560181.1049536588 0.0000000000 5.0000000000 96.0000000000 -178.0000000000 1.0000000000
680475.1389859030 5560179.6536270231 0.0000000000 5.0000000000 97.0000000000 -178.0000000000 1.0000000000
680433.5784287782 5560178.2023003874 0.0000000000 5.0000000000 98.0000000000 -178.0000000000 1.0000000000
680383.6088874273 5560176.4573255526 0.0000000000 5.0000000000 99.0000000000 -178.0000000000 1.0000000000
680333.6393460763 5560174.7123507177 0.0000000000 5.0000000000 100.0000000000 -178.0000000000 1.0000000000
680283.6698047253 5560172.9673758829 0.0000000000 5.0000000000 101.0000000000 -178.0000000000 1.0000000000
680233.7002633744 5560171.2224010481 0.0000000000 5.0000000000 102.0000000000 -178.0000000000 1.0000000000
680183.7307220234 5560169.4774262123 0.0000000000 5.0000000000 103.0000000000 -178.0000000000 1.0000000000
680133.7611806724 5560167.7324513774 0.0000000000 5.0000000000 104.0000000000 -178.0000000000 1.0000000000
680083.7916393215 5560165.9874765435 0.0000000000 5.0000000000 105.0000000000 -178.0000000000 1.0000000000
680033.8220979705 5560164.2425017087 0.0000000000 5.0000000000 106.0000000000 -178.0000000000 1.0000000000
679983.8525566196 5560162.4975268738 0.0000000000 5.0000000000 107.0000000000 -178.0000000000 1.0000000000
679933.8830152686 5560160.7525520390 0.0000000000 5.0000000000 108.0000000000 -178.0000000000 1.0000000000
679883.9134739175 5560159.0075772041 0.0000000000 5.0000000000 109.0000000000 -178.0000000000 1.0000000000
679833.9439325667 5560157.2626023684 0.0000000000 5.0000000000 110.0000000000 -178.0000000000 1.0000000000
679783.9743912157 5560155.5176275354 0.0000000000 5.0000000000 111.0000000000 -178.0000000000 1.0000000000
679734.0048498648 5560153.7726526996 0.0000000000 5.0000000000 112.0000000000 -178.0000000000 1.0000000000
679684.0353085138 5560152.0276778648 0.0000000000 5.0000000000 113.0000000000 -178.0000000000 1.0000000000
679634.0657671628 5560150.2827030290 0.0000000000 5.0000000000 114.0000000000 -178.0000000000 1.0000000000
679584.0962258119 5560148.5377281951 0.0000000000 5.0000000000 115.0000000000 -178.0000000000 1.0000000000
679534.1266844609 5560146.7927533602 0.0000000000 5.0000000000 116.0000000000 -178.0000000000 1.0000000000
679484.1571431099 5560145.0477785254 0.0000000000 5.0000000000 117.0000000000 -178.0000000000 1.0000000000
679450.6273782653 5560143.8768933360 0.0000000000 5.0000000000 118.0000000000 -178.0000000000 1.0000000000
679417.0976134206 5560142.7060081465 0.0000000000 5.0000000000 119.0000000000 -178.0000000000 1.0000000000
679406.9930273416 5560442.5360115170 0.0000000000 6.0000000000 120.0000000000 2.0000000000 1.0000000000
679440.3401607204 5560443.7005190747 0.0000000000 6.0000000000 121.0000000000 2.0000000000 1.0000000000
679473.6872940992 5560444.8650266323 0.0000000000 6.0000000000 122.0000000000 -358.0000000000 1.0000000000
679523.6568354502 5560446.6100014653 0.0000000000 6.0000000000 123.0000000000 -358.0000000000 1.0000000000
679573.6263768012 5560448.3549763011 0.0000000000 6.0000000000 124.0000000000 -358.0000000000 1.0000000000
679623.5959181521 5560450.0999511359 0.0000000000 6.0000000000 125.0000000000 -358.0000000000 1.0000000000
679673.5654595031 5560451.8449259708 0.0000000000 6.0000000000 126.0000000000 -358.0000000000 1.0000000000
679723.5350008541 5560453.5899008056 0.0000000000 6.0000000000 127.0000000000 -358.0000000000 1.0000000000
679773.5045422050 5560455.3348756405 0.0000000000 6.0000000000 128.0000000000 -358.0000000000 1.0000000000
679823.4740835560 5560457.0798504753 0.0000000000 6.0000000000 129.0000000000 -358.0000000000 1.0000000000
679873.4436249068 5560458.8248253111 0.0000000000 6.0000000000 130.0000000000 -358.0000000000 1.0000000000
679923.4131662579 5560460.5698001450 0.0000000000 6.0000000000 131.0000000000 -358.0000000000 1.0000000000
679973.3827076089 5560462.3147749798 0.0000000000 6.0000000000 132.0000000000 -358.0000000000 1.0000000000
680023.3522489597 5560464.0597498147 0.0000000000 6.0000000000 133.0000000000 -358.0000000000 1.0000000000
680073.3217903108 5560465.8047246495 0.0000000000 6.0000000000 134.0000000000 -358.0000000000 1.0000000000
680123.2913316617 5560467.5496994853 0.0000000000 6.0000000000 135.0000000000 -358.0000000000 1.0000000000
680173.2608730127 5560469.2946743192 0.0000000000 6.0000000000 136.0000000000 -358.0000000000 1.0000000000
680223.2304143637 5560471.0396491541 0.0000000000 6.0000000000 137.0000000000 -358.0000000000 1.0000000000
680273.1999557146 5560472.7846239889 0.0000000000 6.0000000000 138.0000000000 -358.0000000000 1.0000000000
680323.1694970656 5560474.5295988237 0.0000000000 6.0000000000 139.0000000000 -358.0000000000 1.0000000000
680373.1390384166 5560476.2745736577 0.0000000000 6.0000000000 140.0000000000 -358.0000000000 1.0000000000
680423.1085797675 5560478.0195484925 0.0000000000 6.0000000000 141.0000000000 -358.0000000000 1.0000000000
680464.8236186355 5560479.4762697490 0.0000000000 6.0000000000 142.0000000000 -358.0000000000 1.0000000000
680506.5386575036 5560480.9329910055 0.0000000000 6.0000000000 143.0000000000 -358.0000000000 1.0000000000
680496.3777719795 5560780.7610283569 0.0000000000 7.0000000000 144.0000000000 -178.0000000000 1.0000000000
680454.5082513682 5560779.2989124786 0.0000000000 7.0000000000 145.0000000000 -178.0000000000 1.0000000000
680412.6387307568 5560777.8367966004 0.0000000000 7.0000000000 146.0000000000 -178.0000000000 1.0000000000
680362.6691894060 5560776.0918217646 0.0000000000 7.0000000000 147.0000000000 -178.0000000000 1.0000000000
680312.6996480549 5560774.3468469298 0.0000000000 7.0000000000 148.0000000000 -178.0000000000 1.0000000000
680262.7301067039 5560772.6018720949 0.0000000000 7.0000000000 149.0000000000 -178.0000000000 1.0000000000
680212.7605653530 5560770.8568972601 0.0000000000 7.0000000000 150.0000000000 -178.0000000000 1.0000000000
680162.7910240020 5560769.1119224252 0.0000000000 7.0000000000 151.0000000000 -178.0000000000 1.0000000000
680112.8214826511 5560767.3669475904 0.0000000000 7.0000000000 152.0000000000 -178.0000000000 1.0000000000
680062.8519413001 5560765.6219727565 0.0000000000 7.0000000000 153.0000000000 -178.0000000000 1.0000000000
680012.8823999490 5560763.8769979207 0.0000000000 7.0000000000 154.0000000000 -178.0000000000 1.0000000000
679962.9128585982 5560762.1320230858 0.0000000000 7.0000000000 155.0000000000 -178.0000000000 1.0000000000
679912.9433172472 5560760.3870482510 0.0000000000 7.0000000000 156.0000000000 -178.0000000000 1.0000000000
679862.9737758961 5560758.6420734162 0.0000000000 7.0000000000 157.0000000000 -178.0000000000 1.0000000000
679813.0042345453 5560756.8970985804 0.0000000000 7.0000000000 158.0000000000 -178.0000000000 1.0000000000
679763.0346931943 5560755.1521237465 0.0000000000 7.0000000000 159.0000000000 -178.0000000000 1.0000000000
679713.0651518435 5560753.4071489116 0.0000000000 7.0000000000 160.0000000000 -178.0000000000 1.0000000000
679663.0956104924 5560751.6621740768 0.0000000000 7.0000000000 161.0000000000 -178.0000000000 1.0000000000
679613.1260691414 5560749.9171992419 0.0000000000 7.0000000000 162.0000000000 -178.0000000000 1.0000000000
679563.1565277905 5560748.1722244071 0.0000000000 7.0000000000 163.0000000000 -178.0000000000 1.0000000000
679513.1869864395 5560746.4272495722 0.0000000000 7.0000000000 164.0000000000 -178.0000000000 1.0000000000
679463.2174450886 5560744.6822747374 0.0000000000 7.0000000000 165.0000000000 -178.0000000000 1.0000000000
679430.0529431757 5560743.5241448106 0.0000000000 7.0000000000 166.0000000000 -178.0000000000 1.0000000000
679396.8884412628 5560742.3660148839 0.0000000000 7.0000000000 167.0000000000 -178.0000000000 1.0000000000
