QGC WPL 110
2.0 1 0 22 0 0 0 0 -12.9110404 31.3992152 30.0 1
3.0 0 0 16 0 0 0 0 -12.9110178 31.3955294 30.0 1
4.0 0 0 16 0 0 0 0 -12.911014 31.394916 30.0 1
5.0 0 0 16 0 0 0 0 -12.908724 31.3900131 30.0 1
6.0 0 0 16 0 0 0 0 -12.9087354 31.3918579 30.0 1
7.0 0 0 16 0 0 0 0 -12.908758 31.3955438 30.0 1
8.0 0 0 16 0 0 0 0 -12.9087806 31.3992296 30.0 1
9.0 0 0 16 0 0 0 0 -12.9088032 31.4029154 30.0 1
10.0 0 0 16 0 0 0 0 -12.9088075 31.4036268 30.0 1
11.0 0 0 16 0 0 0 0 -12.9065529 31.4044986 30.0 1
12.0 0 0 16 0 0 0 0 -12.9065433 31.4029298 30.0 1
13.0 0 0 16 0 0 0 0 -12.9065208 31.399244 30.0 1
14.0 0 0 16 0 0 0 0 -12.9064982 31.3955582 30.0 1
15.0 0 0 16 0 0 0 0 -12.9064756 31.3918724 30.0 1
16.0 0 0 16 0 0 0 0 -12.9064529 31.3881866 30.0 1
17.0 0 0 16 0 0 0 0 -12.9064339 31.3851103 30.0 1
18.0 0 0 16 0 0 0 0 -12.9041437 31.3802076 30.0 1
19.0 0 0 16 0 0 0 0 -12.9041475 31.3808296 30.0 1
20.0 0 0 16 0 0 0 0 -12.9041703 31.3845153 30.0 1
21.0 0 0 16 0 0 0 0 -12.9041931 31.3882011 30.0 1
22.0 0 0 16 0 0 0 0 -12.9042158 31.3918868 30.0 1
23.0 0 0 16 0 0 0 0 -12.9042384 31.3955726 30.0 1
24.0 0 0 16 0 0 0 0 -12.904261 31.3992584 30.0 1
25.0 0 0 16 0 0 0 0 -12.9042835 31.4029441 30.0 1
26.0 0 0 16 0 0 0 0 -12.9042983 31.4053703 30.0 1
27.0 0 0 16 0 0 0 0 -12.9020438 31.406242 30.0 1
28.0 0 0 16 0 0 0 0 -12.9020237 31.4029585 30.0 1
29.0 0 0 16 0 0 0 0 -12.9020012 31.3992727 30.0 1
30.0 0 0 16 0 0 0 0 -12.9019786 31.395587 30.0 1
31.0 0 0 16 0 0 0 0 -12.901956 31.3919013 30.0 1
32.0 0 0 16 0 0 0 0 -12.9019333 31.3882155 30.0 1
33.0 0 0 16 0 0 0 0 -12.9019105 31.3845298 30.0 1
34.0 0 0 16 0 0 0 0 -12.9018877 31.3808441 30.0 1
35.0 0 0 16 0 0 0 0 -12.9018649 31.3771584 30.0 1
36.0 0 0 16 0 0 0 0 -12.9018534 31.375305 30.0 1
37.0 0 0 16 0 0 0 0 -12.899563 31.3704026 30.0 1
38.0 0 0 16 0 0 0 0 -12.8995822 31.3734873 30.0 1
39.0 0 0 16 0 0 0 0 -12.8996051 31.377173 30.0 1
40.0 0 0 16 0 0 0 0 -12.8996279 31.3808587 30.0 1
41.0 0 0 16 0 0 0 0 -12.8996507 31.3845443 30.0 1
42.0 0 0 16 0 0 0 0 -12.8996735 31.38823 30.0 1
43.0 0 0 16 0 0 0 0 -12.8996962 31.3919157 30.0 1
44.0 0 0 16 0 0 0 0 -12.8997188 31.3956014 30.0 1
45.0 0 0 16 0 0 0 0 -12.8997414 31.3992871 30.0 1
46.0 0 0 16 0 0 0 0 -12.8997639 31.4029728 30.0 1
47.0 0 0 16 0 0 0 0 -12.8997765 31.4050433 30.0 1
48.0 0 0 16 0 0 0 0 -12.8997892 31.4071137 30.0 1
49.0 0 0 16 0 0 0 0 -12.9131073 31.398882 30.0 1
50.0 0 0 16 0 0 0 0 -12.9101443 31.3989008 30.0 1
51.0 0 0 16 0 0 0 0 -12.9065286 31.3989238 30.0 1
52.0 0 0 16 0 0 0 0 -12.9029129 31.3989469 30.0 1
53.0 0 0 16 0 0 0 0 -12.8992972 31.3989699 30.0 1
54.0 0 0 16 0 0 0 0 -12.8956815 31.3989929 30.0 1
55.0 0 0 16 0 0 0 0 -12.8920658 31.3990158 30.0 1
56.0 0 0 16 0 0 0 0 -12.8907257 31.3990244 30.0 1
57.0 0 0 16 0 0 0 0 -12.8883743 31.3935108 30.0 1
58.0 0 0 16 0 0 0 0 -12.8902031 31.3934991 30.0 1
59.0 0 0 16 0 0 0 0 -12.892032 31.3934875 30.0 1
60.0 0 0 16 0 0 0 0 -12.8956476 31.3934644 30.0 1
61.0 0 0 16 0 0 0 0 -12.8992633 31.3934413 30.0 1
62.0 0 0 16 0 0 0 0 -12.902879 31.3934182 30.0 1
63.0 0 0 16 0 0 0 0 -12.9064947 31.3933951 30.0 1
64.0 0 0 16 0 0 0 0 -12.9085137 31.3933823 30.0 1
65.0 0 0 16 0 0 0 0 -12.9105326 31.3933694 30.0 1
66.0 0 0 16 0 0 0 0 -12.9079578 31.3878569 30.0 1
67.0 0 0 16 0 0 0 0 -12.9064607 31.3878665 30.0 1
68.0 0 0 16 0 0 0 0 -12.902845 31.3878896 30.0 1
69.0 0 0 16 0 0 0 0 -12.8992293 31.3879128 30.0 1
70.0 0 0 16 0 0 0 0 -12.8956136 31.3879359 30.0 1
71.0 0 0 16 0 0 0 0 -12.891998 31.3879591 30.0 1
72.0 0 0 16 0 0 0 0 -12.8883823 31.3879822 30.0 1
73.0 0 0 16 0 0 0 0 -12.8860227 31.3879973 30.0 1
74.0 0 0 16 0 0 0 0 -12.883671 31.382484 30.0 1
75.0 0 0 16 0 0 0 0 -12.8847325 31.3824772 30.0 1
76.0 0 0 16 0 0 0 0 -12.8883482 31.382454 30.0 1
77.0 0 0 16 0 0 0 0 -12.8919639 31.3824307 30.0 1
78.0 0 0 16 0 0 0 0 -12.8955795 31.3824075 30.0 1
79.0 0 0 16 0 0 0 0 -12.8991952 31.3823843 30.0 1
80.0 0 0 16 0 0 0 0 -12.9028108 31.382361 30.0 1
81.0 0 0 16 0 0 0 0 -12.9053828 31.3823445 30.0 1
82.0 0 0 16 0 0 0 0 -12.9028078 31.3768323 30.0 1
83.0 0 0 16 0 0 0 0 -12.9009844 31.376844 30.0 1
84.0 0 0 16 0 0 0 0 -12.8991609 31.3768558 30.0 1
85.0 0 0 16 0 0 0 0 -12.8955453 31.3768791 30.0 1
86.0 0 0 16 0 0 0 0 -12.8919296 31.3769024 30.0 1
87.0 0 0 16 0 0 0 0 -12.888314 31.3769257 30.0 1
88.0 0 0 16 0 0 0 0 -12.8846983 31.376949 30.0 1
89.0 0 0 16 0 0 0 0 -12.8813192 31.3769707 30.0 1
90.0 0 0 16 0 0 0 0 -12.8790376 31.3714572 30.0 1
91.0 0 0 16 0 0 0 0 -12.8810483 31.3714442 30.0 1
92.0 0 0 16 0 0 0 0 -12.884664 31.3714208 30.0 1
93.0 0 0 16 0 0 0 0 -12.8882796 31.3713975 30.0 1
94.0 0 0 16 0 0 0 0 -12.8918953 31.3713741 30.0 1
95.0 0 0 16 0 0 0 0 -12.8955109 31.3713507 30.0 1
96.0 0 0 16 0 0 0 0 -12.8991266 31.3713273 30.0 1
97.0 0 0 16 0 0 0 0 -12.9002327 31.3713201 30.0 1
98.0 0 0 16 0 0 0 0 -12.8976574 31.3658082 30.0 1
99.0 0 0 16 0 0 0 0 -12.8954765 31.3658223 30.0 1
100.0 0 0 16 0 0 0 0 -12.8920112 31.3658448 30.0 1
100.0 0 0 20 0 0 0 0 -12.8920112 31.3658448 30.0 1
