QGC WPL 110
2.0 1 0 22 0 0 0 0 -12.8990768 31.4113137 0.0 1
3.0 0 0 16 0 0 0 0 -12.8990824 31.4122351 0.0 1
4.0 0 0 16 0 0 0 0 -12.899088 31.4131566 0.0 1
5.0 0 0 16 0 0 0 0 -12.8990936 31.414078 0.0 1
6.0 0 0 16 0 0 0 0 -12.8990992 31.4149994 0.0 1
7.0 0 0 16 0 0 0 0 -12.8991047 31.4159209 0.0 1
8.0 0 0 16 0 0 0 0 -12.8991103 31.4168423 0.0 1
9.0 0 0 16 0 0 0 0 -12.8991159 31.4177637 0.0 1
10.0 0 0 16 0 0 0 0 -12.8991215 31.4186852 0.0 1
11.0 0 0 16 0 0 0 0 -12.899127 31.4196066 0.0 1
12.0 0 0 16 0 0 0 0 -12.8991326 31.420528 0.0 1
13.0 0 0 16 0 0 0 0 -12.8991382 31.4214495 0.0 1
14.0 0 0 16 0 0 0 0 -12.899141 31.4219166 0.0 1
15.0 0 0 16 0 0 0 0 -12.8991438 31.4223838 0.0 1
16.0 0 0 16 0 0 0 0 -12.8986918 31.4223891 0.0 1
17.0 0 0 16 0 0 0 0 -12.898689 31.4219207 0.0 1
18.0 0 0 16 0 0 0 0 -12.8986862 31.4214523 0.0 1
19.0 0 0 16 0 0 0 0 -12.8986806 31.4205309 0.0 1
20.0 0 0 16 0 0 0 0 -12.8986751 31.4196094 0.0 1
21.0 0 0 16 0 0 0 0 -12.8986695 31.418688 0.0 1
22.0 0 0 16 0 0 0 0 -12.8986639 31.4177666 0.0 1
23.0 0 0 16 0 0 0 0 -12.8986583 31.4168451 0.0 1
24.0 0 0 16 0 0 0 0 -12.8986528 31.4159237 0.0 1
25.0 0 0 16 0 0 0 0 -12.8986472 31.4150023 0.0 1
26.0 0 0 16 0 0 0 0 -12.8986416 31.4140808 0.0 1
27.0 0 0 16 0 0 0 0 -12.898636 31.4131594 0.0 1
28.0 0 0 16 0 0 0 0 -12.8986304 31.412238 0.0 1
29.0 0 0 16 0 0 0 0 -12.8986248 31.4113166 0.0 1
30.0 0 0 16 0 0 0 0 -12.8986192 31.4103951 0.0 1
31.0 0 0 16 0 0 0 0 -12.8986157 31.4098084 0.0 1
32.0 0 0 16 0 0 0 0 -12.8986121 31.4092218 0.0 1
33.0 0 0 16 0 0 0 0 -12.8981602 31.4092324 0.0 1
34.0 0 0 16 0 0 0 0 -12.8981637 31.4098152 0.0 1
35.0 0 0 16 0 0 0 0 -12.8981673 31.410398 0.0 1
36.0 0 0 16 0 0 0 0 -12.8981729 31.4113194 0.0 1
37.0 0 0 16 0 0 0 0 -12.8981785 31.4122408 0.0 1
38.0 0 0 16 0 0 0 0 -12.898184 31.4131623 0.0 1
39.0 0 0 16 0 0 0 0 -12.8981896 31.4140837 0.0 1
40.0 0 0 16 0 0 0 0 -12.8981952 31.4150051 0.0 1
41.0 0 0 16 0 0 0 0 -12.8982008 31.4159265 0.0 1
42.0 0 0 16 0 0 0 0 -12.8982064 31.416848 0.0 1
43.0 0 0 16 0 0 0 0 -12.898212 31.4177694 0.0 1
44.0 0 0 16 0 0 0 0 -12.8982175 31.4186908 0.0 1
45.0 0 0 16 0 0 0 0 -12.8982231 31.4196123 0.0 1
46.0 0 0 16 0 0 0 0 -12.8982287 31.4205337 0.0 1
47.0 0 0 16 0 0 0 0 -12.8982342 31.4214551 0.0 1
48.0 0 0 16 0 0 0 0 -12.8982371 31.4219248 0.0 1
49.0 0 0 16 0 0 0 0 -12.8982399 31.4223945 0.0 1
50.0 0 0 16 0 0 0 0 -12.8977879 31.4223998 0.0 1
51.0 0 0 16 0 0 0 0 -12.8977851 31.4219289 0.0 1
52.0 0 0 16 0 0 0 0 -12.8977823 31.421458 0.0 1
53.0 0 0 16 0 0 0 0 -12.8977767 31.4205365 0.0 1
54.0 0 0 16 0 0 0 0 -12.8977711 31.4196151 0.0 1
55.0 0 0 16 0 0 0 0 -12.8977656 31.4186937 0.0 1
56.0 0 0 16 0 0 0 0 -12.89776 31.4177722 0.0 1
57.0 0 0 16 0 0 0 0 -12.8977544 31.4168508 0.0 1
58.0 0 0 16 0 0 0 0 -12.8977488 31.4159294 0.0 1
59.0 0 0 16 0 0 0 0 -12.8977433 31.415008 0.0 1
60.0 0 0 16 0 0 0 0 -12.8977377 31.4140865 0.0 1
61.0 0 0 16 0 0 0 0 -12.8977321 31.4131651 0.0 1
62.0 0 0 16 0 0 0 0 -12.8977265 31.4122437 0.0 1
63.0 0 0 16 0 0 0 0 -12.8977209 31.4113223 0.0 1
64.0 0 0 16 0 0 0 0 -12.8977153 31.4104008 0.0 1
65.0 0 0 16 0 0 0 0 -12.8977118 31.4098219 0.0 1
66.0 0 0 16 0 0 0 0 -12.8977083 31.409243 0.0 1
67.0 0 0 16 0 0 0 0 -12.8972563 31.4092537 0.0 1
68.0 0 0 16 0 0 0 0 -12.8972598 31.4098287 0.0 1
69.0 0 0 16 0 0 0 0 -12.8972633 31.4104037 0.0 1
70.0 0 0 16 0 0 0 0 -12.8972689 31.4113251 0.0 1
71.0 0 0 16 0 0 0 0 -12.8972745 31.4122465 0.0 1
72.0 0 0 16 0 0 0 0 -12.8972801 31.413168 0.0 1
73.0 0 0 16 0 0 0 0 -12.8972857 31.4140894 0.0 1
74.0 0 0 16 0 0 0 0 -12.8972913 31.4150108 0.0 1
75.0 0 0 16 0 0 0 0 -12.8972969 31.4159322 0.0 1
76.0 0 0 16 0 0 0 0 -12.8973025 31.4168537 0.0 1
77.0 0 0 16 0 0 0 0 -12.897308 31.4177751 0.0 1
78.0 0 0 16 0 0 0 0 -12.8973136 31.4186965 0.0 1
79.0 0 0 16 0 0 0 0 -12.8973192 31.4196179 0.0 1
80.0 0 0 16 0 0 0 0 -12.8973247 31.4205394 0.0 1
81.0 0 0 16 0 0 0 0 -12.8973303 31.4214608 0.0 1
82.0 0 0 16 0 0 0 0 -12.8973331 31.421933 0.0 1
83.0 0 0 16 0 0 0 0 -12.897336 31.4224052 0.0 1
84.0 0 0 16 0 0 0 0 -12.896884 31.4224105 0.0 1
85.0 0 0 16 0 0 0 0 -12.8968812 31.4219371 0.0 1
86.0 0 0 16 0 0 0 0 -12.8968783 31.4214636 0.0 1
87.0 0 0 16 0 0 0 0 -12.8968728 31.4205422 0.0 1
88.0 0 0 16 0 0 0 0 -12.8968672 31.4196208 0.0 1
89.0 0 0 16 0 0 0 0 -12.8968616 31.4186994 0.0 1
90.0 0 0 16 0 0 0 0 -12.8968561 31.4177779 0.0 1
91.0 0 0 16 0 0 0 0 -12.8968505 31.4168565 0.0 1
92.0 0 0 16 0 0 0 0 -12.8968449 31.4159351 0.0 1
93.0 0 0 16 0 0 0 0 -12.8968393 31.4150137 0.0 1
94.0 0 0 16 0 0 0 0 -12.8968337 31.4140922 0.0 1
95.0 0 0 16 0 0 0 0 -12.8968282 31.4131708 0.0 1
96.0 0 0 16 0 0 0 0 -12.8968226 31.4122494 0.0 1
97.0 0 0 16 0 0 0 0 -12.896817 31.411328 0.0 1
98.0 0 0 16 0 0 0 0 -12.8968114 31.4104065 0.0 1
99.0 0 0 16 0 0 0 0 -12.8968079 31.4098354 0.0 1
100.0 0 0 16 0 0 0 0 -12.8968044 31.4092643 0.0 1
101.0 0 0 16 0 0 0 0 -12.8963525 31.4092749 0.0 1
102.0 0 0 16 0 0 0 0 -12.896356 31.4098422 0.0 1
103.0 0 0 16 0 0 0 0 -12.8963594 31.4104094 0.0 1
104.0 0 0 16 0 0 0 0 -12.896365 31.4113308 0.0 1
105.0 0 0 16 0 0 0 0 -12.8963706 31.4122522 0.0 1
106.0 0 0 16 0 0 0 0 -12.8963762 31.4131737 0.0 1
107.0 0 0 16 0 0 0 0 -12.8963818 31.4140951 0.0 1
108.0 0 0 16 0 0 0 0 -12.8963874 31.4150165 0.0 1
109.0 0 0 16 0 0 0 0 -12.8963929 31.4159379 0.0 1
110.0 0 0 16 0 0 0 0 -12.8963985 31.4168593 0.0 1
111.0 0 0 16 0 0 0 0 -12.8964041 31.4177808 0.0 1
112.0 0 0 16 0 0 0 0 -12.8964097 31.4187022 0.0 1
113.0 0 0 16 0 0 0 0 -12.8964152 31.4196236 0.0 1
114.0 0 0 16 0 0 0 0 -12.8964208 31.420545 0.0 1
115.0 0 0 16 0 0 0 0 -12.8964264 31.4214665 0.0 1
116.0 0 0 16 0 0 0 0 -12.8964292 31.4219412 0.0 1
117.0 0 0 16 0 0 0 0 -12.8964321 31.4224159 0.0 1
118.0 0 0 16 0 0 0 0 -12.8959801 31.4224212 0.0 1
119.0 0 0 16 0 0 0 0 -12.8959773 31.4219453 0.0 1
120.0 0 0 16 0 0 0 0 -12.8959744 31.4214693 0.0 1
121.0 0 0 16 0 0 0 0 -12.8959688 31.4205479 0.0 1
122.0 0 0 16 0 0 0 0 -12.8959633 31.4196265 0.0 1
123.0 0 0 16 0 0 0 0 -12.8959577 31.418705 0.0 1
124.0 0 0 16 0 0 0 0 -12.8959521 31.4177836 0.0 1
125.0 0 0 16 0 0 0 0 -12.8959466 31.4168622 0.0 1
126.0 0 0 16 0 0 0 0 -12.895941 31.4159408 0.0 1
127.0 0 0 16 0 0 0 0 -12.8959354 31.4150193 0.0 1
128.0 0 0 16 0 0 0 0 -12.8959298 31.4140979 0.0 1
129.0 0 0 16 0 0 0 0 -12.8959242 31.4131765 0.0 1
130.0 0 0 16 0 0 0 0 -12.8959186 31.4122551 0.0 1
131.0 0 0 16 0 0 0 0 -12.895913 31.4113337 0.0 1
132.0 0 0 16 0 0 0 0 -12.8959074 31.4104123 0.0 1
133.0 0 0 16 0 0 0 0 -12.895904 31.4098489 0.0 1
134.0 0 0 16 0 0 0 0 -12.8959006 31.4092855 0.0 1
135.0 0 0 16 0 0 0 0 -12.8954487 31.4092962 0.0 1
136.0 0 0 16 0 0 0 0 -12.8954521 31.4098556 0.0 1
137.0 0 0 16 0 0 0 0 -12.8954555 31.4104151 0.0 1
138.0 0 0 16 0 0 0 0 -12.8954611 31.4113365 0.0 1
139.0 0 0 16 0 0 0 0 -12.8954667 31.4122579 0.0 1
140.0 0 0 16 0 0 0 0 -12.8954723 31.4131794 0.0 1
141.0 0 0 16 0 0 0 0 -12.8954778 31.4141008 0.0 1
142.0 0 0 16 0 0 0 0 -12.8954834 31.4150222 0.0 1
143.0 0 0 16 0 0 0 0 -12.895489 31.4159436 0.0 1
144.0 0 0 16 0 0 0 0 -12.8954946 31.416865 0.0 1
145.0 0 0 16 0 0 0 0 -12.8955002 31.4177864 0.0 1
146.0 0 0 16 0 0 0 0 -12.8955057 31.4187079 0.0 1
147.0 0 0 16 0 0 0 0 -12.8955113 31.4196293 0.0 1
148.0 0 0 16 0 0 0 0 -12.8955169 31.4205507 0.0 1
149.0 0 0 16 0 0 0 0 -12.8955224 31.4214721 0.0 1
150.0 0 0 16 0 0 0 0 -12.8955253 31.4219494 0.0 1
151.0 0 0 16 0 0 0 0 -12.8955282 31.4224266 0.0 1
152.0 0 0 16 0 0 0 0 -12.8950762 31.4224319 0.0 1
153.0 0 0 16 0 0 0 0 -12.8950733 31.4219535 0.0 1
154.0 0 0 16 0 0 0 0 -12.8950705 31.421475 0.0 1
155.0 0 0 16 0 0 0 0 -12.8950649 31.4205535 0.0 1
156.0 0 0 16 0 0 0 0 -12.8950593 31.4196321 0.0 1
157.0 0 0 16 0 0 0 0 -12.8950538 31.4187107 0.0 1
158.0 0 0 16 0 0 0 0 -12.8950482 31.4177893 0.0 1
159.0 0 0 16 0 0 0 0 -12.8950426 31.4168679 0.0 1
160.0 0 0 16 0 0 0 0 -12.895037 31.4159465 0.0 1
161.0 0 0 16 0 0 0 0 -12.8950315 31.415025 0.0 1
162.0 0 0 16 0 0 0 0 -12.8950259 31.4141036 0.0 1
163.0 0 0 16 0 0 0 0 -12.8950203 31.4131822 0.0 1
164.0 0 0 16 0 0 0 0 -12.8950147 31.4122608 0.0 1
165.0 0 0 16 0 0 0 0 -12.8950091 31.4113394 0.0 1
166.0 0 0 16 0 0 0 0 -12.8950035 31.410418 0.0 1
167.0 0 0 16 0 0 0 0 -12.8950001 31.4098624 0.0 1
168.0 0 0 16 0 0 0 0 -12.8949968 31.4093068 0.0 1
168.0 0 0 20 0 0 0 0 -12.8949968 31.4093068 0.0 1
