QGC WPL 110
2.0 1 0 22 0 0 0 0 -42.8579542 -19.1587173 0.0 1
3.0 0 0 16 0 0 0 0 -42.8588433 -19.1590366 0.0 1
4.0 0 0 16 0 0 0 0 -42.8597323 -19.1593559 0.0 1
5.0 0 0 16 0 0 0 0 -42.8606214 -19.1596752 0.0 1
6.0 0 0 16 0 0 0 0 -42.8615105 -19.1599945 0.0 1
7.0 0 0 16 0 0 0 0 -42.8623995 -19.1603137 0.0 1
8.0 0 0 16 0 0 0 0 -42.8632886 -19.160633 0.0 1
9.0 0 0 16 0 0 0 0 -42.8641777 -19.1609523 0.0 1
10.0 0 0 16 0 0 0 0 -42.8650668 -19.1612716 0.0 1
11.0 0 0 16 0 0 0 0 -42.8659559 -19.1615908 0.0 1
12.0 0 0 16 0 0 0 0 -42.866845 -19.1619101 0.0 1
13.0 0 0 16 0 0 0 0 -42.8677341 -19.1622294 0.0 1
14.0 0 0 16 0 0 0 0 -42.8686231 -19.1625486 0.0 1
15.0 0 0 16 0 0 0 0 -42.8695122 -19.1628679 0.0 1
16.0 0 0 16 0 0 0 0 -42.8704014 -19.1631871 0.0 1
17.0 0 0 16 0 0 0 0 -42.8712905 -19.1635064 0.0 1
18.0 0 0 16 0 0 0 0 -42.8721796 -19.1638256 0.0 1
19.0 0 0 16 0 0 0 0 -42.8730687 -19.1641448 0.0 1
20.0 0 0 16 0 0 0 0 -42.8739578 -19.1644641 0.0 1
21.0 0 0 16 0 0 0 0 -42.8748469 -19.1647833 0.0 1
22.0 0 0 16 0 0 0 0 -42.875463 -19.1650045 0.0 1
23.0 0 0 16 0 0 0 0 -42.876079 -19.1652256 0.0 1
24.0 0 0 16 0 0 0 0 -42.876695 -19.1654468 0.0 1
25.0 0 0 16 0 0 0 0 -42.8754794 -19.1656862 0.0 1
26.0 0 0 16 0 0 0 0 -42.8745974 -19.1653696 0.0 1
27.0 0 0 16 0 0 0 0 -42.8737155 -19.1650529 0.0 1
28.0 0 0 16 0 0 0 0 -42.8728335 -19.1647363 0.0 1
29.0 0 0 16 0 0 0 0 -42.8719444 -19.164417 0.0 1
30.0 0 0 16 0 0 0 0 -42.8710553 -19.1640978 0.0 1
31.0 0 0 16 0 0 0 0 -42.8701662 -19.1637785 0.0 1
32.0 0 0 16 0 0 0 0 -42.8692771 -19.1634593 0.0 1
33.0 0 0 16 0 0 0 0 -42.868388 -19.16314 0.0 1
34.0 0 0 16 0 0 0 0 -42.8674989 -19.1628208 0.0 1
35.0 0 0 16 0 0 0 0 -42.8666098 -19.1625015 0.0 1
36.0 0 0 16 0 0 0 0 -42.8657207 -19.1621823 0.0 1
37.0 0 0 16 0 0 0 0 -42.8648316 -19.161863 0.0 1
38.0 0 0 16 0 0 0 0 -42.8639425 -19.1615437 0.0 1
39.0 0 0 16 0 0 0 0 -42.8630534 -19.1612244 0.0 1
40.0 0 0 16 0 0 0 0 -42.8621644 -19.1609051 0.0 1
41.0 0 0 16 0 0 0 0 -42.8612753 -19.1605859 0.0 1
42.0 0 0 16 0 0 0 0 -42.8603862 -19.1602666 0.0 1
43.0 0 0 16 0 0 0 0 -42.8594971 -19.1599473 0.0 1
44.0 0 0 16 0 0 0 0 -42.8586081 -19.159628 0.0 1
45.0 0 0 16 0 0 0 0 -42.857719 -19.1593087 0.0 1
46.0 0 0 16 0 0 0 0 -42.85683 -19.1589894 0.0 1
47.0 0 0 16 0 0 0 0 -42.8559409 -19.1586701 0.0 1
48.0 0 0 16 0 0 0 0 -42.8551443 -19.158384 0.0 1
49.0 0 0 16 0 0 0 0 -42.8543477 -19.1580978 0.0 1
50.0 0 0 16 0 0 0 0 -42.8535511 -19.1578117 0.0 1
51.0 0 0 16 0 0 0 0 -42.8524655 -19.1580977 0.0 1
52.0 0 0 16 0 0 0 0 -42.8532492 -19.1583792 0.0 1
53.0 0 0 16 0 0 0 0 -42.8540329 -19.1586607 0.0 1
54.0 0 0 16 0 0 0 0 -42.8548167 -19.1589422 0.0 1
55.0 0 0 16 0 0 0 0 -42.8557057 -19.1592615 0.0 1
56.0 0 0 16 0 0 0 0 -42.8565948 -19.1595808 0.0 1
57.0 0 0 16 0 0 0 0 -42.8574838 -19.1599001 0.0 1
58.0 0 0 16 0 0 0 0 -42.8583729 -19.1602194 0.0 1
59.0 0 0 16 0 0 0 0 -42.8592619 -19.1605387 0.0 1
60.0 0 0 16 0 0 0 0 -42.860151 -19.160858 0.0 1
61.0 0 0 16 0 0 0 0 -42.8610401 -19.1611773 0.0 1
62.0 0 0 16 0 0 0 0 -42.8619292 -19.1614966 0.0 1
63.0 0 0 16 0 0 0 0 -42.8628182 -19.1618158 0.0 1
64.0 0 0 16 0 0 0 0 -42.8637073 -19.1621351 0.0 1
65.0 0 0 16 0 0 0 0 -42.8645964 -19.1624544 0.0 1
66.0 0 0 16 0 0 0 0 -42.8654855 -19.1627737 0.0 1
67.0 0 0 16 0 0 0 0 -42.8663746 -19.1630929 0.0 1
68.0 0 0 16 0 0 0 0 -42.8672637 -19.1634122 0.0 1
69.0 0 0 16 0 0 0 0 -42.8681528 -19.1637315 0.0 1
70.0 0 0 16 0 0 0 0 -42.8690419 -19.1640507 0.0 1
71.0 0 0 16 0 0 0 0 -42.869931 -19.16437 0.0 1
72.0 0 0 16 0 0 0 0 -42.8708201 -19.1646892 0.0 1
73.0 0 0 16 0 0 0 0 -42.8717092 -19.1650085 0.0 1
74.0 0 0 16 0 0 0 0 -42.8725608 -19.1653142 0.0 1
75.0 0 0 16 0 0 0 0 -42.8734123 -19.1656199 0.0 1
76.0 0 0 16 0 0 0 0 -42.8742638 -19.1659257 0.0 1
