QGC WPL 110
2.0 1 0 22 0 0 0 0 29.9382932 66.0750805 1206.4694824 1
3.0 0 0 16 0 0 0 0 29.9355893 66.0751596 1209.3526611 1
4.0 0 0 16 0 0 0 0 29.9341205 66.0752026 1203.6827393 1
5.0 0 0 16 0 0 0 0 29.9326516 66.0752456 1207.7979736 1
6.0 0 0 16 0 0 0 0 29.921216 66.0766156 1245.2028809 1
7.0 0 0 16 0 0 0 0 29.9230064 66.0765632 1240.315918 1
8.0 0 0 16 0 0 0 0 29.9247968 66.0765108 1227.6727295 1
9.0 0 0 16 0 0 0 0 29.9275007 66.0764318 1219.9025879 1
10.0 0 0 16 0 0 0 0 29.9302046 66.0763527 1214.2872314 1
11.0 0 0 16 0 0 0 0 29.9329084 66.0762735 1210.2469482 1
12.0 0 0 16 0 0 0 0 29.9356123 66.0761944 1217.3125 1
13.0 0 0 16 0 0 0 0 29.9383162 66.0761153 1212.4373779 1
14.0 0 0 16 0 0 0 0 29.9402582 66.0760585 1203.7329102 1
15.0 0 0 16 0 0 0 0 29.9397475 66.0771089 1212.2111816 1
16.0 0 0 16 0 0 0 0 29.9383391 66.0771501 1218.3221436 1
17.0 0 0 16 0 0 0 0 29.9356353 66.0772292 1224.4144287 1
18.0 0 0 16 0 0 0 0 29.9329314 66.0773083 1214.1368408 1
19.0 0 0 16 0 0 0 0 29.9302275 66.0773874 1217.1352539 1
20.0 0 0 16 0 0 0 0 29.9275236 66.0774665 1225.223999 1
21.0 0 0 16 0 0 0 0 29.9248198 66.0775455 1231.9571533 1
22.0 0 0 16 0 0 0 0 29.9221159 66.0776246 1249.1936035 1
23.0 0 0 16 0 0 0 0 29.920779 66.0776637 1251.1356201 1
24.0 0 0 16 0 0 0 0 29.920342 66.0787118 1254.7767334 1
25.0 0 0 16 0 0 0 0 29.9221388 66.0786593 1248.0493164 1
26.0 0 0 16 0 0 0 0 29.9248427 66.0785802 1238.7675781 1
27.0 0 0 16 0 0 0 0 29.9275466 66.0785012 1233.192749 1
28.0 0 0 16 0 0 0 0 29.9302505 66.0784222 1220.0595703 1
29.0 0 0 16 0 0 0 0 29.9329544 66.0783431 1217.0891113 1
30.0 0 0 16 0 0 0 0 29.9356582 66.078264 1231.0665283 1
31.0 0 0 16 0 0 0 0 29.9374475 66.0782117 1226.7176514 1
32.0 0 0 16 0 0 0 0 29.9392368 66.0781594 1220.4846191 1
33.0 0 0 16 0 0 0 0 29.9234592 66.0748163 30.0 1
34.0 0 0 16 0 0 0 0 29.9234942 66.076396 30.0 1
35.0 0 0 16 0 0 0 0 29.9235293 66.0779758 30.0 1
36.0 0 0 16 0 0 0 0 29.9235925 66.0808252 30.0 1
37.0 0 0 16 0 0 0 0 29.9262946 66.0806677 30.0 1
38.0 0 0 16 0 0 0 0 29.9262332 66.0778967 30.0 1
39.0 0 0 16 0 0 0 0 29.9261971 66.0762718 30.0 1
40.0 0 0 16 0 0 0 0 29.926161 66.0746468 30.0 1
41.0 0 0 16 0 0 0 0 29.9288629 66.0744773 30.0 1
42.0 0 0 16 0 0 0 0 29.9289 66.0761475 30.0 1
43.0 0 0 16 0 0 0 0 29.9289371 66.0778177 30.0 1
44.0 0 0 16 0 0 0 0 29.9289967 66.0805101 30.0 1
45.0 0 0 16 0 0 0 0 29.9316989 66.0803524 30.0 1
46.0 0 0 16 0 0 0 0 29.9316409 66.0777386 30.0 1
47.0 0 0 16 0 0 0 0 29.9316029 66.0760232 30.0 1
48.0 0 0 16 0 0 0 0 29.9315648 66.0743078 30.0 1
48.0 0 0 20 0 0 0 0 29.9315648 66.0743078 30.0 1
