QGC WPL 110
2.0 1 0 22 0 0 0 0 -19.1658703 -42.8722271 0.0 1
3.0 0 0 16 0 0 0 0 -19.1655754 -42.871406 0.0 1
4.0 0 0 16 0 0 0 0 -19.1652806 -42.870585 0.0 1
5.0 0 0 16 0 0 0 0 -19.1649614 -42.8696958 0.0 1
6.0 0 0 16 0 0 0 0 -19.1646421 -42.8688067 0.0 1
7.0 0 0 16 0 0 0 0 -19.1643229 -42.8679176 0.0 1
8.0 0 0 16 0 0 0 0 -19.1640036 -42.8670285 0.0 1
9.0 0 0 16 0 0 0 0 -19.1636843 -42.8661394 0.0 1
10.0 0 0 16 0 0 0 0 -19.1633651 -42.8652503 0.0 1
11.0 0 0 16 0 0 0 0 -19.1630458 -42.8643612 0.0 1
12.0 0 0 16 0 0 0 0 -19.1627265 -42.8634721 0.0 1
13.0 0 0 16 0 0 0 0 -19.1624073 -42.862583 0.0 1
14.0 0 0 16 0 0 0 0 -19.162088 -42.861694 0.0 1
15.0 0 0 16 0 0 0 0 -19.1617687 -42.8608049 0.0 1
16.0 0 0 16 0 0 0 0 -19.1614494 -42.8599158 0.0 1
17.0 0 0 16 0 0 0 0 -19.1611301 -42.8590267 0.0 1
18.0 0 0 16 0 0 0 0 -19.1608108 -42.8581377 0.0 1
19.0 0 0 16 0 0 0 0 -19.1604915 -42.8572486 0.0 1
20.0 0 0 16 0 0 0 0 -19.1601722 -42.8563596 0.0 1
21.0 0 0 16 0 0 0 0 -19.1598529 -42.8554705 0.0 1
22.0 0 0 16 0 0 0 0 -19.1595336 -42.8545814 0.0 1
23.0 0 0 16 0 0 0 0 -19.1592142 -42.8536924 0.0 1
24.0 0 0 16 0 0 0 0 -19.1580977 -42.8524655 0.0 1
25.0 0 0 16 0 0 0 0 -19.1583792 -42.8532492 0.0 1
26.0 0 0 16 0 0 0 0 -19.1586607 -42.8540329 0.0 1
27.0 0 0 16 0 0 0 0 -19.1589422 -42.8548167 0.0 1
28.0 0 0 16 0 0 0 0 -19.1592615 -42.8557057 0.0 1
29.0 0 0 16 0 0 0 0 -19.1595808 -42.8565948 0.0 1
30.0 0 0 16 0 0 0 0 -19.1599001 -42.8574838 0.0 1
31.0 0 0 16 0 0 0 0 -19.1602194 -42.8583729 0.0 1
32.0 0 0 16 0 0 0 0 -19.1605387 -42.8592619 0.0 1
33.0 0 0 16 0 0 0 0 -19.160858 -42.860151 0.0 1
34.0 0 0 16 0 0 0 0 -19.1611773 -42.8610401 0.0 1
35.0 0 0 16 0 0 0 0 -19.1614966 -42.8619292 0.0 1
36.0 0 0 16 0 0 0 0 -19.1618158 -42.8628182 0.0 1
37.0 0 0 16 0 0 0 0 -19.1621351 -42.8637073 0.0 1
38.0 0 0 16 0 0 0 0 -19.1624544 -42.8645964 0.0 1
39.0 0 0 16 0 0 0 0 -19.1627737 -42.8654855 0.0 1
40.0 0 0 16 0 0 0 0 -19.1630929 -42.8663746 0.0 1
41.0 0 0 16 0 0 0 0 -19.1634122 -42.8672637 0.0 1
42.0 0 0 16 0 0 0 0 -19.1637315 -42.8681528 0.0 1
43.0 0 0 16 0 0 0 0 -19.1640507 -42.8690419 0.0 1
44.0 0 0 16 0 0 0 0 -19.16437 -42.869931 0.0 1
45.0 0 0 16 0 0 0 0 -19.1646892 -42.8708201 0.0 1
46.0 0 0 16 0 0 0 0 -19.1650085 -42.8717092 0.0 1
47.0 0 0 16 0 0 0 0 -19.1653142 -42.8725608 0.0 1
48.0 0 0 16 0 0 0 0 -19.1656199 -42.8734123 0.0 1
49.0 0 0 16 0 0 0 0 -19.1659257 -42.8742638 0.0 1
