QGC WPL 110
2.0 1 0 22 0 0 0 0 29.9420222 66.0762882 0.0 1
3.0 0 0 16 0 0 0 0 29.9411456 66.0760459 0.0 1
4.0 0 0 16 0 0 0 0 29.9402691 66.0758035 0.0 1
5.0 0 0 16 0 0 0 0 29.9393926 66.0755612 0.0 1
6.0 0 0 16 0 0 0 0 29.938516 66.0753188 0.0 1
7.0 0 0 16 0 0 0 0 29.9376395 66.0750765 0.0 1
8.0 0 0 16 0 0 0 0 29.936763 66.0748341 0.0 1
9.0 0 0 16 0 0 0 0 29.9358865 66.0745918 0.0 1
10.0 0 0 16 0 0 0 0 29.9352393 66.0744128 0.0 1
11.0 0 0 16 0 0 0 0 29.9345921 66.0742339 0.0 1
11.0 0 0 20 0 0 0 0 29.9345921 66.0742339 0.0 1
