QGC WPL 110
2.0 1 0 22 0 0 0 0 29.9198979 66.0712365 0.0 1
3.0 0 0 16 0 0 0 0 29.9207744 66.0714788 0.0 1
4.0 0 0 16 0 0 0 0 29.9216509 66.0717211 0.0 1
5.0 0 0 16 0 0 0 0 29.9225275 66.0719634 0.0 1
6.0 0 0 16 0 0 0 0 29.923404 66.0722056 0.0 1
7.0 0 0 16 0 0 0 0 29.9238544 66.0723301 0.0 1
8.0 0 0 16 0 0 0 0 29.9243048 66.0724546 0.0 1
9.0 0 0 16 0 0 0 0 29.9235535 66.0733116 0.0 1
10.0 0 0 16 0 0 0 0 29.9229349 66.0731406 0.0 1
11.0 0 0 16 0 0 0 0 29.9223164 66.0729696 0.0 1
12.0 0 0 16 0 0 0 0 29.9214399 66.0727273 0.0 1
13.0 0 0 16 0 0 0 0 29.9205633 66.072485 0.0 1
14.0 0 0 16 0 0 0 0 29.9196868 66.0722427 0.0 1
15.0 0 0 16 0 0 0 0 29.9188103 66.0720004 0.0 1
16.0 0 0 16 0 0 0 0 29.9179338 66.0717581 0.0 1
17.0 0 0 16 0 0 0 0 29.9170572 66.0715159 0.0 1
18.0 0 0 16 0 0 0 0 29.9161807 66.0712736 0.0 1
19.0 0 0 16 0 0 0 0 29.9154443 66.07107 0.0 1
20.0 0 0 16 0 0 0 0 29.9147079 66.0708665 0.0 1
20.0 0 0 20 0 0 0 0 29.9147079 66.0708665 0.0 1
