QGC WPL 110
1.0 1 0 22 0 0 0 0 50.1545505 -120.4862415 801.6763916 1
2.0 0 0 16 0 0 0 0 50.1550498 -120.4862424 793.0029297 1
3.0 0 0 16 0 0 0 0 50.155549 -120.4862434 796.5807495 1
4.0 0 0 16 0 0 0 0 50.156448 -120.4862451 794.7505493 1
5.0 0 0 16 0 0 0 0 50.1573471 -120.4862468 794.7406616 1
6.0 0 0 16 0 0 0 0 50.1582461 -120.4862484 786.5491333 1
7.0 0 0 16 0 0 0 0 50.1591451 -120.4862501 769.125061 1
8.0 0 0 16 0 0 0 0 50.1600441 -120.4862518 758.8579712 1
9.0 0 0 16 0 0 0 0 50.1609432 -120.4862535 760.4024048 1
10.0 0 0 16 0 0 0 0 50.1618422 -120.4862552 759.3826904 1
11.0 0 0 16 0 0 0 0 50.1627412 -120.4862569 756.6814575 1
12.0 0 0 16 0 0 0 0 50.1636402 -120.4862586 749.4695435 1
13.0 0 0 16 0 0 0 0 50.1645393 -120.4862603 757.0878906 1
14.0 0 0 16 0 0 0 0 50.1654383 -120.486262 762.065979 1
15.0 0 0 16 0 0 0 0 50.1663373 -120.4862637 762.9382324 1
16.0 0 0 16 0 0 0 0 50.1672363 -120.4862654 756.9118042 1
17.0 0 0 16 0 0 0 0 50.1681354 -120.4862671 759.3192139 1
18.0 0 0 16 0 0 0 0 50.1690344 -120.4862687 757.4174194 1
19.0 0 0 16 0 0 0 0 50.1699334 -120.4862704 758.5848999 1
20.0 0 0 16 0 0 0 0 50.1708324 -120.4862721 756.4780884 1
21.0 0 0 16 0 0 0 0 50.1717314 -120.4862738 746.6721802 1
22.0 0 0 16 0 0 0 0 50.1726305 -120.4862755 749.0713501 1
23.0 0 0 16 0 0 0 0 50.1734496 -120.486277 755.7489014 1
24.0 0 0 16 0 0 0 0 50.1734496 -120.4848772 762.585144 1
25.0 0 0 16 0 0 0 0 50.1726315 -120.4848757 758.9003906 1
26.0 0 0 16 0 0 0 0 50.1717325 -120.484874 756.8109131 1
27.0 0 0 16 0 0 0 0 50.1708335 -120.4848724 764.4587402 1
28.0 0 0 16 0 0 0 0 50.1699345 -120.4848707 763.7180176 1
29.0 0 0 16 0 0 0 0 50.1690355 -120.484869 764.7664185 1
30.0 0 0 16 0 0 0 0 50.1681364 -120.4848674 759.4232178 1
31.0 0 0 16 0 0 0 0 50.1672374 -120.4848657 766.7857666 1
32.0 0 0 16 0 0 0 0 50.1663384 -120.4848641 763.2860107 1
33.0 0 0 16 0 0 0 0 50.1654394 -120.4848624 766.8051758 1
34.0 0 0 16 0 0 0 0 50.1645403 -120.4848607 761.7678833 1
35.0 0 0 16 0 0 0 0 50.1636413 -120.4848591 762.7559814 1
36.0 0 0 16 0 0 0 0 50.1627423 -120.4848574 770.361145 1
37.0 0 0 16 0 0 0 0 50.1618433 -120.4848557 780.2219238 1
38.0 0 0 16 0 0 0 0 50.1609442 -120.4848541 779.6079712 1
39.0 0 0 16 0 0 0 0 50.1600452 -120.4848524 780.2084351 1
40.0 0 0 16 0 0 0 0 50.1591462 -120.4848507 781.9816895 1
41.0 0 0 16 0 0 0 0 50.1582472 -120.4848491 790.1290894 1
42.0 0 0 16 0 0 0 0 50.1573482 -120.4848474 805.1619873 1
43.0 0 0 16 0 0 0 0 50.1564491 -120.4848457 809.8045044 1
44.0 0 0 16 0 0 0 0 50.1555501 -120.4848441 811.6558228 1
45.0 0 0 16 0 0 0 0 50.1550504 -120.4848431 813.7807007 1
46.0 0 0 16 0 0 0 0 50.1545506 -120.4848422 814.1884155 1
47.0 0 0 16 0 0 0 0 50.1545506 -120.4834429 833.5081177 1
48.0 0 0 16 0 0 0 0 50.1550509 -120.4834438 834.0688477 1
49.0 0 0 16 0 0 0 0 50.1555512 -120.4834447 834.0635376 1
50.0 0 0 16 0 0 0 0 50.1564502 -120.4834464 830.6083984 1
51.0 0 0 16 0 0 0 0 50.1573492 -120.483448 820.8668823 1
52.0 0 0 16 0 0 0 0 50.1582482 -120.4834497 811.9568481 1
53.0 0 0 16 0 0 0 0 50.1591473 -120.4834513 813.0758057 1
54.0 0 0 16 0 0 0 0 50.1600463 -120.483453 811.0628052 1
55.0 0 0 16 0 0 0 0 50.1609453 -120.4834546 813.7058716 1
56.0 0 0 16 0 0 0 0 50.1618443 -120.4834562 815.9829712 1
57.0 0 0 16 0 0 0 0 50.1627434 -120.4834579 797.2175903 1
58.0 0 0 16 0 0 0 0 50.1636424 -120.4834595 771.1923218 1
59.0 0 0 16 0 0 0 0 50.1645414 -120.4834612 764.8706665 1
60.0 0 0 16 0 0 0 0 50.1654404 -120.4834628 775.7935791 1
61.0 0 0 16 0 0 0 0 50.1663394 -120.4834644 769.9944458 1
62.0 0 0 16 0 0 0 0 50.1672385 -120.4834661 770.8996582 1
63.0 0 0 16 0 0 0 0 50.1681375 -120.4834677 768.7931519 1
64.0 0 0 16 0 0 0 0 50.1690365 -120.4834693 772.7404175 1
65.0 0 0 16 0 0 0 0 50.1699355 -120.483471 773.7641602 1
66.0 0 0 16 0 0 0 0 50.1708346 -120.4834726 769.0 1
67.0 0 0 16 0 0 0 0 50.1717336 -120.4834742 771.7833862 1
68.0 0 0 16 0 0 0 0 50.1726326 -120.4834759 769.7643433 1
69.0 0 0 16 0 0 0 0 50.1734497 -120.4834774 768.8067017 1
70.0 0 0 16 0 0 0 0 50.1734497 -120.4820775 778.9703979 1
71.0 0 0 16 0 0 0 0 50.1726336 -120.4820761 784.5518188 1
72.0 0 0 16 0 0 0 0 50.1717346 -120.4820745 784.121521 1
73.0 0 0 16 0 0 0 0 50.1708356 -120.4820729 788.8655396 1
74.0 0 0 16 0 0 0 0 50.1699366 -120.4820713 792.2548828 1
75.0 0 0 16 0 0 0 0 50.1690376 -120.4820696 787.7877808 1
76.0 0 0 16 0 0 0 0 50.1681385 -120.482068 774.6438599 1
77.0 0 0 16 0 0 0 0 50.1672395 -120.4820664 785.421814 1
78.0 0 0 16 0 0 0 0 50.1663405 -120.4820648 788.409729 1
79.0 0 0 16 0 0 0 0 50.1654415 -120.4820632 775.579895 1
80.0 0 0 16 0 0 0 0 50.1645424 -120.4820616 784.6452637 1
81.0 0 0 16 0 0 0 0 50.1636434 -120.48206 790.6639404 1
82.0 0 0 16 0 0 0 0 50.1627444 -120.4820584 790.9108887 1
83.0 0 0 16 0 0 0 0 50.1618454 -120.4820568 811.1924438 1
84.0 0 0 16 0 0 0 0 50.1609464 -120.4820551 820.1497803 1
85.0 0 0 16 0 0 0 0 50.1600473 -120.4820535 824.713623 1
86.0 0 0 16 0 0 0 0 50.1591483 -120.4820519 828.1376343 1
87.0 0 0 16 0 0 0 0 50.1582493 -120.4820503 829.3699341 1
88.0 0 0 16 0 0 0 0 50.1573503 -120.4820487 828.5429688 1
89.0 0 0 16 0 0 0 0 50.1564512 -120.4820471 841.0 1
90.0 0 0 16 0 0 0 0 50.1555522 -120.4820454 843.2150879 1
91.0 0 0 16 0 0 0 0 50.1550514 -120.4820445 845.0894165 1
92.0 0 0 16 0 0 0 0 50.1545507 -120.4820436 846.3532715 1
93.0 0 0 16 0 0 0 0 50.1545507 -120.4806444 863.3197632 1
94.0 0 0 16 0 0 0 0 50.155052 -120.4806453 856.2575684 1
95.0 0 0 16 0 0 0 0 50.1555532 -120.4806461 849.817688 1
96.0 0 0 16 0 0 0 0 50.1564523 -120.4806477 834.310791 1
97.0 0 0 16 0 0 0 0 50.1573513 -120.4806493 828.5324707 1
98.0 0 0 16 0 0 0 0 50.1582503 -120.4806509 837.9860229 1
99.0 0 0 16 0 0 0 0 50.1591493 -120.4806525 837.0 1
100.0 0 0 16 0 0 0 0 50.1600484 -120.4806541 833.0327759 1
101.0 0 0 16 0 0 0 0 50.1609474 -120.4806557 822.225647 1
102.0 0 0 16 0 0 0 0 50.1618464 -120.4806573 823.0849609 1
103.0 0 0 16 0 0 0 0 50.1627454 -120.4806589 811.7264404 1
104.0 0 0 16 0 0 0 0 50.1636444 -120.4806604 800.1575317 1
105.0 0 0 16 0 0 0 0 50.1645435 -120.480662 793.9019165 1
106.0 0 0 16 0 0 0 0 50.1654425 -120.4806636 784.4969482 1
107.0 0 0 16 0 0 0 0 50.1663415 -120.4806652 794.954834 1
108.0 0 0 16 0 0 0 0 50.1672405 -120.4806668 800.2463989 1
109.0 0 0 16 0 0 0 0 50.1681396 -120.4806684 795.0471191 1
110.0 0 0 16 0 0 0 0 50.1690386 -120.4806699 801.892334 1
111.0 0 0 16 0 0 0 0 50.1699376 -120.4806715 808.149353 1
112.0 0 0 16 0 0 0 0 50.1708366 -120.4806731 795.6292114 1
113.0 0 0 16 0 0 0 0 50.1717356 -120.4806747 795.3966675 1
114.0 0 0 16 0 0 0 0 50.1726347 -120.4806763 803.340332 1
115.0 0 0 16 0 0 0 0 50.1734497 -120.4806777 799.3744507 1
116.0 0 0 16 0 0 0 0 50.1734497 -120.4792779 792.5599976 1
117.0 0 0 16 0 0 0 0 50.1726357 -120.4792765 801.7720337 1
118.0 0 0 16 0 0 0 0 50.1717366 -120.4792749 808.8049927 1
119.0 0 0 16 0 0 0 0 50.1708376 -120.4792734 801.7901001 1
120.0 0 0 16 0 0 0 0 50.1699386 -120.4792718 810.9528198 1
121.0 0 0 16 0 0 0 0 50.1690396 -120.4792702 810.3817749 1
122.0 0 0 16 0 0 0 0 50.1681406 -120.4792687 805.6008911 1
123.0 0 0 16 0 0 0 0 50.1672415 -120.4792671 800.6544189 1
124.0 0 0 16 0 0 0 0 50.1663425 -120.4792656 802.4607544 1
125.0 0 0 16 0 0 0 0 50.1654435 -120.479264 794.2324829 1
126.0 0 0 16 0 0 0 0 50.1645445 -120.4792625 805.4013672 1
127.0 0 0 16 0 0 0 0 50.1636455 -120.4792609 809.4575195 1
128.0 0 0 16 0 0 0 0 50.1627464 -120.4792593 815.8115234 1
129.0 0 0 16 0 0 0 0 50.1618474 -120.4792578 820.3231201 1
130.0 0 0 16 0 0 0 0 50.1609484 -120.4792562 830.8600464 1
131.0 0 0 16 0 0 0 0 50.1600494 -120.4792547 837.5336914 1
132.0 0 0 16 0 0 0 0 50.1591504 -120.4792531 839.3995361 1
133.0 0 0 16 0 0 0 0 50.1582513 -120.4792515 840.0080566 1
134.0 0 0 16 0 0 0 0 50.1573523 -120.47925 844.3677979 1
135.0 0 0 16 0 0 0 0 50.1564533 -120.4792484 847.5357056 1
136.0 0 0 16 0 0 0 0 50.1555543 -120.4792468 853.4692383 1
137.0 0 0 16 0 0 0 0 50.1550525 -120.479246 863.447937 1
138.0 0 0 16 0 0 0 0 50.1545507 -120.4792451 874.6535645 1
139.0 0 0 16 0 0 0 0 50.1545507 -120.4778458 863.6303101 1
140.0 0 0 16 0 0 0 0 50.155053 -120.4778467 860.8634644 1
141.0 0 0 16 0 0 0 0 50.1555553 -120.4778475 857.0973511 1
142.0 0 0 16 0 0 0 0 50.1564543 -120.4778491 855.4299316 1
143.0 0 0 16 0 0 0 0 50.1573533 -120.4778506 848.6264038 1
144.0 0 0 16 0 0 0 0 50.1582523 -120.4778521 841.5713501 1
145.0 0 0 16 0 0 0 0 50.1591513 -120.4778537 835.4849854 1
146.0 0 0 16 0 0 0 0 50.1600504 -120.4778552 834.5278931 1
147.0 0 0 16 0 0 0 0 50.1609494 -120.4778568 830.753479 1
148.0 0 0 16 0 0 0 0 50.1618484 -120.4778583 829.6281128 1
149.0 0 0 16 0 0 0 0 50.1627474 -120.4778598 826.8901978 1
150.0 0 0 16 0 0 0 0 50.1636465 -120.4778614 826.3457642 1
151.0 0 0 16 0 0 0 0 50.1645455 -120.4778629 824.2642822 1
152.0 0 0 16 0 0 0 0 50.1654445 -120.4778644 807.5021362 1
153.0 0 0 16 0 0 0 0 50.1663435 -120.477866 812.6947021 1
154.0 0 0 16 0 0 0 0 50.1672425 -120.4778675 815.5534668 1
155.0 0 0 16 0 0 0 0 50.1681416 -120.477869 812.2133179 1
156.0 0 0 16 0 0 0 0 50.1690406 -120.4778705 819.3794556 1
157.0 0 0 16 0 0 0 0 50.1699396 -120.4778721 821.4883423 1
158.0 0 0 16 0 0 0 0 50.1708386 -120.4778736 819.8821411 1
159.0 0 0 16 0 0 0 0 50.1717376 -120.4778751 819.5266724 1
160.0 0 0 16 0 0 0 0 50.1726367 -120.4778767 806.7261353 1
161.0 0 0 16 0 0 0 0 50.1734497 -120.477878 805.7283936 1
162.0 0 0 16 0 0 0 0 50.1734497 -120.4764782 834.5977783 1
163.0 0 0 16 0 0 0 0 50.1726376 -120.4764769 833.8355103 1
164.0 0 0 16 0 0 0 0 50.1717386 -120.4764754 834.663208 1
165.0 0 0 16 0 0 0 0 50.1708396 -120.4764739 830.9957886 1
166.0 0 0 16 0 0 0 0 50.1699406 -120.4764724 827.059021 1
167.0 0 0 16 0 0 0 0 50.1690416 -120.4764709 821.6990356 1
168.0 0 0 16 0 0 0 0 50.1681425 -120.4764693 820.0858765 1
169.0 0 0 16 0 0 0 0 50.1672435 -120.4764678 821.7069702 1
170.0 0 0 16 0 0 0 0 50.1663445 -120.4764663 821.4707642 1
171.0 0 0 16 0 0 0 0 50.1654455 -120.4764648 813.427002 1
172.0 0 0 16 0 0 0 0 50.1645465 -120.4764633 813.3363647 1
173.0 0 0 16 0 0 0 0 50.1636474 -120.4764618 815.8314209 1
174.0 0 0 16 0 0 0 0 50.1627484 -120.4764603 821.6087036 1
175.0 0 0 16 0 0 0 0 50.1618494 -120.4764588 826.7596436 1
176.0 0 0 16 0 0 0 0 50.1609504 -120.4764573 832.404541 1
177.0 0 0 16 0 0 0 0 50.1600513 -120.4764558 839.598877 1
178.0 0 0 16 0 0 0 0 50.1591523 -120.4764543 849.0908813 1
179.0 0 0 16 0 0 0 0 50.1582533 -120.4764528 855.5828247 1
180.0 0 0 16 0 0 0 0 50.1573543 -120.4764512 866.0747681 1
181.0 0 0 16 0 0 0 0 50.1564553 -120.4764497 872.6248779 1
182.0 0 0 16 0 0 0 0 50.1555562 -120.4764482 872.2784424 1
183.0 0 0 16 0 0 0 0 50.1550534 -120.4764474 868.7375488 1
184.0 0 0 16 0 0 0 0 50.1545506 -120.4764465 874.4928589 1
185.0 0 0 16 0 0 0 0 50.1545506 -120.4750473 884.0977783 1
186.0 0 0 16 0 0 0 0 50.1550539 -120.4750481 883.7005615 1
187.0 0 0 16 0 0 0 0 50.1555572 -120.4750489 884.6480713 1
188.0 0 0 16 0 0 0 0 50.1564562 -120.4750504 885.9474487 1
189.0 0 0 16 0 0 0 0 50.1573552 -120.4750519 880.1835938 1
190.0 0 0 16 0 0 0 0 50.1582543 -120.4750534 870.8755493 1
191.0 0 0 16 0 0 0 0 50.1591533 -120.4750549 862.3839111 1
192.0 0 0 16 0 0 0 0 50.1600523 -120.4750563 850.3416138 1
193.0 0 0 16 0 0 0 0 50.1609513 -120.4750578 847.78479 1
194.0 0 0 16 0 0 0 0 50.1618503 -120.4750593 840.8667603 1
195.0 0 0 16 0 0 0 0 50.1627494 -120.4750608 833.5935669 1
196.0 0 0 16 0 0 0 0 50.1636484 -120.4750623 826.789978 1
197.0 0 0 16 0 0 0 0 50.1645474 -120.4750638 824.7727051 1
198.0 0 0 16 0 0 0 0 50.1654464 -120.4750652 817.9598999 1
199.0 0 0 16 0 0 0 0 50.1663454 -120.4750667 825.3865356 1
200.0 0 0 16 0 0 0 0 50.1672445 -120.4750682 825.758728 1
201.0 0 0 16 0 0 0 0 50.1681435 -120.4750697 826.0 1
202.0 0 0 16 0 0 0 0 50.1690425 -120.4750712 826.8432617 1
203.0 0 0 16 0 0 0 0 50.1699415 -120.4750726 830.8346558 1
204.0 0 0 16 0 0 0 0 50.1708405 -120.4750741 834.3294067 1
205.0 0 0 16 0 0 0 0 50.1717396 -120.4750756 842.4631958 1
206.0 0 0 16 0 0 0 0 50.1726386 -120.4750771 846.7713623 1
207.0 0 0 16 0 0 0 0 50.1734496 -120.4750784 848.6022339 1
208.0 0 0 16 0 0 0 0 50.1734495 -120.4736786 848.5722656 1
209.0 0 0 16 0 0 0 0 50.1726395 -120.4736773 842.6551514 1
210.0 0 0 16 0 0 0 0 50.1717405 -120.4736758 838.7565308 1
211.0 0 0 16 0 0 0 0 50.1708415 -120.4736744 831.3547363 1
212.0 0 0 16 0 0 0 0 50.1699425 -120.4736729 830.0010986 1
213.0 0 0 16 0 0 0 0 50.1690434 -120.4736715 828.1390381 1
214.0 0 0 16 0 0 0 0 50.1681444 -120.47367 831.0055542 1
215.0 0 0 16 0 0 0 0 50.1672454 -120.4736686 824.7756958 1
216.0 0 0 16 0 0 0 0 50.1663464 -120.4736671 831.87677 1
217.0 0 0 16 0 0 0 0 50.1654474 -120.4736656 836.15271 1
218.0 0 0 16 0 0 0 0 50.1645484 -120.4736642 842.7954102 1
219.0 0 0 16 0 0 0 0 50.1636493 -120.4736627 851.3164673 1
220.0 0 0 16 0 0 0 0 50.1627503 -120.4736613 859.0701904 1
221.0 0 0 16 0 0 0 0 50.1618513 -120.4736598 867.3954468 1
222.0 0 0 16 0 0 0 0 50.1609523 -120.4736584 873.640625 1
223.0 0 0 16 0 0 0 0 50.1600533 -120.4736569 876.6525269 1
224.0 0 0 16 0 0 0 0 50.1591542 -120.4736555 880.4254761 1
225.0 0 0 16 0 0 0 0 50.1582552 -120.473654 891.1831055 1
226.0 0 0 16 0 0 0 0 50.1573562 -120.4736525 896.2385254 1
227.0 0 0 16 0 0 0 0 50.1564572 -120.4736511 901.6914062 1
228.0 0 0 16 0 0 0 0 50.1555581 -120.4736496 902.7669067 1
229.0 0 0 16 0 0 0 0 50.1550543 -120.4736488 898.9943237 1
230.0 0 0 16 0 0 0 0 50.1545505 -120.473648 901.383667 1
230.0 0 0 20 0 0 0 0 50.1545505 -120.473648 901.383667 1
